This data is constructed from the config file EK062-4
Interpolation method for Tmin and Tmax points is linear
Column 1: Number of ignored points
Column 2: Order index m_start
Column 3: Max film thickness in nm
Column 4: Min film thickness in nm
Column 5: Mean film thickness in nm
Column 6: Optimized relative dispersion nm/point
0	10.0	5138.931362712025	4482.036696334566	4668.306813131225	178.4784055486443
1	10.0	5138.931362712025	4482.036696334566	4663.333791904097	172.75410279828697
2	10.0	5115.44732903812	4482.036696334566	4658.219839529818	166.45283779327616
3	10.0	5115.44732903812	4482.036696334566	4653.701739610644	161.5836477848841
4	9.5	4989.7298897521805	4390.566559674677	4559.662362181217	148.3461284868641
5	9.5	4989.7298897521805	4390.566559674677	4555.491988382473	143.7651477952353
6	9.5	4902.739168490158	4390.566559674677	4550.612910838993	136.96043714299634
7	9.5	4902.739168490158	4390.566559674677	4546.74000856339	132.80202617245288
8	9.5	4847.859895222833	4390.566559674677	4542.648064196415	127.92819227984782
9	9.5	4847.859895222833	4390.566559674677	4539.373673404943	124.9925520374366
10	9.5	4836.8523796544	4390.566559674677	4535.744423736497	121.13709059456087
11	9.5	4836.8523796544	4390.566559674677	4532.470789424345	118.05917827576494
12	9.5	4834.858939192579	4390.566559674677	4528.8035413492835	113.91314853926463
13	9.0	4764.17889915591	4299.096423014787	4432.055974517012	109.72269584409707
14	9.0	4713.51604735669	4299.096423014787	4427.955691496778	103.96677434423009
15	9.0	4707.336071565635	4299.096423014787	4424.386187048529	99.55979847381568
16	9.0	4707.336071565635	4299.096423014787	4421.5367578310925	96.89212568649646
17	9.0	4707.336071565635	4299.096423014787	4418.4459811656425	93.56155695758574
18	9.0	4707.336071565635	4299.096423014787	4415.2309171496	89.78414415901688
19	9.0	4707.336071565635	4299.096423014787	4412.097963552035	86.08992508108585
20	9.0	4661.541984551158	4299.096423014787	4408.161455445187	79.57758206985962
21	9.0	4580.392679235075	4299.096423014787	4404.737394241052	74.42346736810623
22	9.0	4580.392679235075	4299.096423014787	4402.567252583629	72.56874734086445
23	9.0	4580.392679235075	4299.096423014787	4400.793283797266	71.48172223986731
24	9.0	4580.392679235075	4299.096423014787	4398.917003397077	70.20065883712516
25	9.0	4580.392679235075	4299.096423014787	4396.949743908233	68.72959036246847
26	9.0	4580.392679235075	4299.096423014787	4394.897351256928	67.06231982409042
27	9.0	4580.392679235075	4299.096423014787	4392.952620071414	65.5937171717466
28	9.0	4580.392679235075	4299.096423014787	4391.010539325267	64.11145455507507
29	9.0	4580.392679235075	4299.096423014787	4389.22336899846	62.91708069094021
30	9.0	4580.392679235075	4299.096423014787	4387.490768239871	61.81694100622675
31	9.0	4580.392679235075	4299.096423014787	4385.832158124364	60.84593950032997
32	8.5	4432.049344961526	4207.626286354898	4277.722505977222	59.45136946187327
33	8.5	4418.430123218263	4207.626286354898	4275.233363412959	56.57857811751644
34	8.5	4404.76591273108	4207.626286354898	4272.885875547298	53.96248490991354
35	8.5	4396.784028575948	4207.626286354898	4270.687874927568	51.631179182375796
36	8.5	4386.540663635535	4207.626286354898	4268.550651984375	49.36494746724958
37	8.5	4383.68309005723	4207.626286354898	4266.516341438665	47.27310839662462
38	8.5	4376.695427540333	4207.626286354898	4264.460784445358	45.04314173362727
39	8.5	4374.61875958567	4207.626286354898	4262.45659439009	42.850418508588675
40	8.5	4359.43650676087	4207.626286354898	4260.417282295625	40.455538682460194
41	8.5	4352.328117776304	4207.626286354898	4258.583592953676	38.497091339042015
42	8.5	4345.067477805362	4207.626286354898	4256.814828334381	36.6203259137662
43	8.5	4333.460442015499	4207.626286354898	4255.117661998401	34.84505503688468
44	8.5	4326.629647545453	4207.626286354898	4253.581529056889	33.3958177026035
45	8.5	4325.926419277571	4207.626286354898	4252.120566687117	32.07384120254016
46	8.5	4325.926419277571	4207.626286354898	4250.68623236555	30.771091275681382
47	8.5	4325.926419277571	4207.626286354898	4249.174842910831	29.234495094030407
48	8.5	4325.926419277571	4207.626286354898	4247.918934622668	28.233476533146156
49	8.5	4325.926419277571	4207.626286354898	4246.8640076361435	27.60712151300334
50	8.5	4325.926419277571	4207.626286354898	4245.85711755348	27.063884120896258
51	8.5	4325.926419277571	4207.626286354898	4244.846658034553	26.51705529934234
52	8.5	4325.926419277571	4207.626286354898	4243.812997387059	25.932501900243615
53	8.5	4325.926419277571	4207.626286354898	4242.893493092427	25.537236380316095
54	8.5	4325.926419277571	4207.626286354898	4242.105854747194	25.337735404790948
55	8.5	4325.926419277571	4207.626286354898	4241.377124900221	25.224549977049538
56	8.5	4325.926419277571	4207.626286354898	4240.595826784802	25.06343293005633
57	8.5	4325.926419277571	4207.626286354898	4239.991124232879	25.108677126725468
58	8.5	4325.926419277571	4207.626286354898	4239.492153043367	25.259132877320297
59	8.5	4325.926419277571	4207.626286354898	4239.1202297011505	25.507422035377893
60	8.5	4325.926419277571	4207.626286354898	4238.772302802939	25.784880343046655
61	8.5	4325.926419277571	4207.626286354898	4238.604424163303	26.142462555528084
62	8.5	4325.926419277571	4207.626286354898	4238.584929726089	26.535360884976512
63	8.5	4325.926419277571	4207.626286354898	4238.531196175863	26.94501836370844
64	8.5	4325.926419277571	4207.626286354898	4238.738686486221	27.3509925849241
65	8.5	4325.926419277571	4207.626286354898	4239.231388098732	27.66744092452014
66	8.5	4325.926419277571	4208.489991174037	4240.321219193347	27.500026294963863
67	8.0	4155.4598514010695	4058.3985259220526	4088.9905488667578	25.92070025070561
68	8.0	4127.624217776058	4058.3985259220526	4086.5287228469683	22.958022565946642
69	8.0	4125.250994518122	4058.3985259220526	4084.9481268881573	21.90637115532199
70	8.0	4121.005294377937	4058.3985259220526	4083.3360121829587	20.77288862175542
71	8.0	4117.973206148511	4058.3985259220526	4081.7664587581676	19.695307997012982
72	8.0	4117.973206148511	4058.3985259220526	4080.357287289612	18.897414035870135
73	8.0	4117.973206148511	4058.3985259220526	4078.769522636219	17.758426475826475
74	8.0	4109.961361246381	4058.3985259220526	4076.9026805642047	15.928174727358742
75	8.0	4107.79197179436	4058.3985259220526	4075.2497465300958	14.457388364054951
76	8.0	4102.396448819696	4058.3985259220526	4073.5369978319764	12.702234546635028
77	8.0	4098.803194372675	4058.3985259220526	4071.9336949993253	11.021318070617244
78	8.0	4095.0311109480485	4058.3985259220526	4070.3531362126573	9.145912993837937
79	8.0	4084.3631572379145	4058.3985259220526	4068.810762791695	6.959464001401569
80	8.0	4078.5388525201806	4058.3985259220526	4067.773936495281	5.870514585304148
81	8.0	4078.5388525201806	4058.3985259220526	4067.209715580185	5.670044229024484
82	8.0	4078.5388525201806	4058.3985259220526	4067.1330020503347	5.877077754206266
83	8.0	4075.0165019296555	4058.3985259220526	4066.182514511181	5.066935418239284
84	8.0	4075.0165019296555	4058.3985259220526	4066.050449574142	5.272430722065164
85	8.0	4071.4601593200664	4058.3985259220526	4065.1538443385907	4.662131257083501
86	8.0	4071.4601593200664	4058.3985259220526	4064.5922463258603	4.582204334543034
87	8.0	4071.4601593200664	4058.3985259220526	4063.853453539487	4.325371441062852
88	8.0	4071.4601593200664	4058.3985259220526	4063.0562608254195	4.03700377431898
89	8.0	4071.4601593200664	4058.3985259220526	4062.652668622866	4.227697488914368
90	8.0	4071.4601593200664	4058.3985259220526	4062.7751157283697	4.621488018749926
91	8.0	4071.4601593200664	4058.3985259220526	4063.6348253741776	4.796059425073611
92	8.0	4071.4601593200664	4058.3985259220526	4064.054520315003	5.474030139823713
93	7.5	3819.669200867814	3816.9938993625624	3818.3315501151883	1.3376507526259047
