3996.34	0.1240
3994.41	0.1239
3992.48	0.1240
3990.55	0.1242
3988.63	0.1247
3986.70	0.1252
3984.77	0.1254
3982.84	0.1255
3980.91	0.1256
3978.98	0.1257
3977.05	0.1254
3975.12	0.1251
3973.20	0.1252
3971.27	0.1257
3969.34	0.1262
3967.41	0.1268
3965.48	0.1270
3963.55	0.1264
3961.62	0.1260
3959.70	0.1264
3957.77	0.1270
3955.84	0.1273
3953.91	0.1270
3951.98	0.1254
3950.05	0.1234
3948.12	0.1230
3946.19	0.1238
3944.27	0.1233
3942.34	0.1235
3940.41	0.1261
3938.48	0.1287
3936.55	0.1286
3934.62	0.1254
3932.69	0.1218
3930.76	0.1221
3928.84	0.1247
3926.91	0.1250
3924.98	0.1237
3923.05	0.1237
3921.12	0.1232
3919.19	0.1209
3917.26	0.1207
3915.33	0.1251
3913.41	0.1304
3911.48	0.1329
3909.55	0.1317
3907.62	0.1252
3905.69	0.1140
3903.76	0.1049
3901.83	0.1029
3899.90	0.1076
3897.98	0.1172
3896.05	0.1252
3894.12	0.1242
3892.19	0.1190
3890.26	0.1189
3888.33	0.1194
3886.40	0.1154
3884.47	0.1139
3882.55	0.1150
3880.62	0.1162
3878.69	0.1212
3876.76	0.1244
3874.83	0.1204
3872.90	0.1134
3870.97	0.1075
3869.04	0.1078
3867.12	0.1119
3865.19	0.1129
3863.26	0.1148
3861.33	0.1212
3859.40	0.1250
3857.47	0.1167
3855.54	0.0970
3853.61	0.0847
3851.69	0.0952
3849.76	0.1170
3847.83	0.1304
3845.90	0.1303
3843.97	0.1232
3842.04	0.1147
3840.11	0.1063
3838.18	0.1021
3836.26	0.1063
3834.33	0.1142
3832.40	0.1206
3830.47	0.1258
3828.54	0.1288
3826.61	0.1286
3824.68	0.1238
3822.75	0.1131
3820.83	0.1066
3818.90	0.1092
3816.97	0.1125
3815.04	0.1194
3813.11	0.1321
3811.18	0.1381
3809.25	0.1313
3807.32	0.1224
3805.40	0.1193
3803.47	0.1150
3801.54	0.1107
3799.61	0.1160
3797.68	0.1246
3795.75	0.1317
3793.82	0.1396
3791.89	0.1451
3789.97	0.1463
3788.04	0.1448
3786.11	0.1422
3784.18	0.1408
3782.25	0.1389
3780.32	0.1357
3778.39	0.1369
3776.47	0.1430
3774.54	0.1459
3772.61	0.1409
3770.68	0.1329
3768.75	0.1302
3766.82	0.1325
3764.89	0.1362
3762.96	0.1380
3761.04	0.1340
3759.11	0.1292
3757.18	0.1290
3755.25	0.1251
3753.32	0.1112
3751.39	0.0979
3749.46	0.0973
3747.53	0.1004
3745.61	0.0971
3743.68	0.1001
3741.75	0.1141
3739.82	0.1204
3737.89	0.1109
3735.96	0.0994
3734.03	0.0988
3732.10	0.1089
3730.18	0.1209
3728.25	0.1254
3726.32	0.1234
3724.39	0.1227
3722.46	0.1256
3720.53	0.1314
3718.60	0.1383
3716.67	0.1412
3714.75	0.1338
3712.82	0.1201
3710.89	0.1147
3708.96	0.1231
3707.03	0.1353
3705.10	0.1398
3703.17	0.1365
3701.24	0.1354
3699.32	0.1406
3697.39	0.1454
3695.46	0.1449
3693.53	0.1373
3691.60	0.1240
3689.67	0.1154
3687.74	0.1219
3685.81	0.1381
3683.89	0.1492
3681.96	0.1495
3680.03	0.1410
3678.10	0.1251
3676.17	0.1109
3674.24	0.1113
3672.31	0.1171
3670.38	0.1194
3668.46	0.1293
3666.53	0.1464
3664.60	0.1574
3662.67	0.1601
3660.74	0.1582
3658.81	0.1509
3656.88	0.1428
3654.95	0.1402
3653.03	0.1337
3651.10	0.1170
3649.17	0.1068
3647.24	0.1165
3645.31	0.1366
3643.38	0.1509
3641.45	0.1558
3639.52	0.1562
3637.60	0.1548
3635.67	0.1509
3633.74	0.1443
3631.81	0.1315
3629.88	0.1167
3627.95	0.1171
3626.02	0.1334
3624.09	0.1451
3622.17	0.1421
3620.24	0.1328
3618.31	0.1304
3616.38	0.1349
3614.45	0.1372
3612.52	0.1364
3610.59	0.1351
3608.67	0.1354
3606.74	0.1413
3604.81	0.1492
3602.88	0.1513
3600.95	0.1492
3599.02	0.1476
3597.09	0.1461
3595.16	0.1452
3593.24	0.1471
3591.31	0.1467
3589.38	0.1394
3587.45	0.1349
3585.52	0.1422
3583.59	0.1534
3581.66	0.1592
3579.73	0.1605
3577.81	0.1609
3575.88	0.1615
3573.95	0.1621
3572.02	0.1599
3570.09	0.1508
3568.16	0.1392
3566.23	0.1376
3564.30	0.1468
3562.38	0.1560
3560.45	0.1605
3558.52	0.1630
3556.59	0.1641
3554.66	0.1624
3552.73	0.1603
3550.80	0.1601
3548.87	0.1588
3546.95	0.1557
3545.02	0.1559
3543.09	0.1605
3541.16	0.1650
3539.23	0.1662
3537.30	0.1654
3535.37	0.1655
3533.44	0.1660
3531.52	0.1647
3529.59	0.1618
3527.66	0.1597
3525.73	0.1593
3523.80	0.1602
3521.87	0.1627
3519.94	0.1654
3518.01	0.1671
3516.09	0.1677
3514.16	0.1675
3512.23	0.1660
3510.30	0.1643
3508.37	0.1643
3506.44	0.1643
3504.51	0.1628
3502.58	0.1622
3500.66	0.1643
3498.73	0.1663
3496.80	0.1667
3494.87	0.1671
3492.94	0.1678
3491.01	0.1677
3489.08	0.1670
3487.15	0.1666
3485.23	0.1665
3483.30	0.1657
3481.37	0.1655
3479.44	0.1668
3477.51	0.1680
3475.58	0.1683
3473.65	0.1685
3471.72	0.1689
3469.80	0.1691
3467.87	0.1690
3465.94	0.1689
3464.01	0.1687
3462.08	0.1687
3460.15	0.1692
3458.22	0.1700
3456.29	0.1705
3454.37	0.1709
3452.44	0.1710
3450.51	0.1701
3448.58	0.1683
3446.65	0.1674
3444.72	0.1684
3442.79	0.1698
3440.87	0.1710
3438.94	0.1720
3437.01	0.1727
3435.08	0.1731
3433.15	0.1733
3431.22	0.1736
3429.29	0.1740
3427.36	0.1745
3425.44	0.1747
3423.51	0.1742
3421.58	0.1736
3419.65	0.1741
3417.72	0.1756
3415.79	0.1767
3413.86	0.1773
3411.93	0.1776
3410.01	0.1779
3408.08	0.1782
3406.15	0.1783
3404.22	0.1784
3402.29	0.1787
3400.36	0.1788
3398.43	0.1788
3396.50	0.1788
3394.58	0.1790
3392.65	0.1793
3390.72	0.1801
3388.79	0.1809
3386.86	0.1810
3384.93	0.1810
3383.00	0.1815
3381.07	0.1822
3379.15	0.1826
3377.22	0.1829
3375.29	0.1833
3373.36	0.1835
3371.43	0.1837
3369.50	0.1837
3367.57	0.1835
3365.64	0.1834
3363.72	0.1837
3361.79	0.1842
3359.86	0.1846
3357.93	0.1850
3356.00	0.1852
3354.07	0.1857
3352.14	0.1863
3350.21	0.1867
3348.29	0.1870
3346.36	0.1872
3344.43	0.1874
3342.50	0.1877
3340.57	0.1878
3338.64	0.1877
3336.71	0.1876
3334.78	0.1879
3332.86	0.1886
3330.93	0.1890
3329.00	0.1892
3327.07	0.1893
3325.14	0.1896
3323.21	0.1900
3321.28	0.1903
3319.35	0.1906
3317.43	0.1908
3315.50	0.1909
3313.57	0.1909
3311.64	0.1909
3309.71	0.1911
3307.78	0.1916
3305.85	0.1923
3303.92	0.1928
3302.00	0.1930
3300.07	0.1931
3298.14	0.1933
3296.21	0.1935
3294.28	0.1936
3292.35	0.1937
3290.42	0.1940
3288.49	0.1944
3286.57	0.1948
3284.64	0.1951
3282.71	0.1953
3280.78	0.1955
3278.85	0.1955
3276.92	0.1954
3274.99	0.1955
3273.06	0.1960
3271.14	0.1968
3269.21	0.1974
3267.28	0.1977
3265.35	0.1979
3263.42	0.1981
3261.49	0.1983
3259.56	0.1985
3257.64	0.1986
3255.71	0.1987
3253.78	0.1990
3251.85	0.1996
3249.92	0.2002
3247.99	0.2003
3246.06	0.2001
3244.13	0.2002
3242.21	0.2008
3240.28	0.2013
3238.35	0.2016
3236.42	0.2019
3234.49	0.2022
3232.56	0.2024
3230.63	0.2026
3228.70	0.2028
3226.78	0.2033
3224.85	0.2037
3222.92	0.2039
3220.99	0.2039
3219.06	0.2040
3217.13	0.2044
3215.20	0.2046
3213.27	0.2049
3211.35	0.2052
3209.42	0.2057
3207.49	0.2063
3205.56	0.2069
3203.63	0.2073
3201.70	0.2075
3199.77	0.2074
3197.84	0.2075
3195.92	0.2080
3193.99	0.2088
3192.06	0.2093
3190.13	0.2097
3188.20	0.2099
3186.27	0.2100
3184.34	0.2103
3182.41	0.2107
3180.49	0.2109
3178.56	0.2109
3176.63	0.2114
3174.70	0.2121
3172.77	0.2127
3170.84	0.2130
3168.91	0.2134
3166.98	0.2137
3165.06	0.2141
3163.13	0.2145
3161.20	0.2148
3159.27	0.2152
3157.34	0.2155
3155.41	0.2159
3153.48	0.2163
3151.55	0.2166
3149.63	0.2169
3147.70	0.2172
3145.77	0.2175
3143.84	0.2178
3141.91	0.2182
3139.98	0.2186
3138.05	0.2189
3136.12	0.2189
3134.20	0.2188
3132.27	0.2190
3130.34	0.2196
3128.41	0.2200
3126.48	0.2201
3124.55	0.2201
3122.62	0.2202
3120.69	0.2206
3118.77	0.2209
3116.84	0.2212
3114.91	0.2216
3112.98	0.2223
3111.05	0.2228
3109.12	0.2233
3107.19	0.2236
3105.26	0.2238
3103.34	0.2237
3101.41	0.2237
3099.48	0.2241
3097.55	0.2245
3095.62	0.2248
3093.69	0.2255
3091.76	0.2264
3089.84	0.2269
3087.91	0.2271
3085.98	0.2273
3084.05	0.2275
3082.12	0.2275
3080.19	0.2276
3078.26	0.2280
3076.33	0.2287
3074.41	0.2293
3072.48	0.2298
3070.55	0.2299
3068.62	0.2298
3066.69	0.2295
3064.76	0.2297
3062.83	0.2305
3060.90	0.2311
3058.98	0.2313
3057.05	0.2314
3055.12	0.2319
3053.19	0.2327
3051.26	0.2330
3049.33	0.2332
3047.40	0.2336
3045.47	0.2342
3043.55	0.2347
3041.62	0.2351
3039.69	0.2353
3037.76	0.2354
3035.83	0.2353
3033.90	0.2350
3031.97	0.2350
3030.04	0.2356
3028.12	0.2365
3026.19	0.2371
3024.26	0.2376
3022.33	0.2379
3020.40	0.2382
3018.47	0.2382
3016.54	0.2381
3014.61	0.2381
3012.69	0.2384
3010.76	0.2390
3008.83	0.2396
3006.90	0.2401
3004.97	0.2403
3003.04	0.2407
3001.11	0.2412
2999.18	0.2415
2997.26	0.2417
2995.33	0.2417
2993.40	0.2419
2991.47	0.2421
2989.54	0.2422
2987.61	0.2423
2985.68	0.2425
2983.75	0.2426
2981.83	0.2426
2979.90	0.2424
2977.97	0.2422
2976.04	0.2418
2974.11	0.2414
2972.18	0.2408
2970.25	0.2401
2968.32	0.2392
2966.40	0.2384
2964.47	0.2379
2962.54	0.2377
2960.61	0.2378
2958.68	0.2382
2956.75	0.2389
2954.82	0.2399
2952.89	0.2409
2950.97	0.2417
2949.04	0.2424
2947.11	0.2429
2945.18	0.2431
2943.25	0.2430
2941.32	0.2427
2939.39	0.2422
2937.46	0.2415
2935.54	0.2409
2933.61	0.2403
2931.68	0.2398
2929.75	0.2393
2927.82	0.2390
2925.89	0.2388
2923.96	0.2390
2922.04	0.2396
2920.11	0.2404
2918.18	0.2416
2916.25	0.2430
2914.32	0.2446
2912.39	0.2461
2910.46	0.2474
2908.53	0.2485
2906.61	0.2494
2904.68	0.2503
2902.75	0.2511
2900.82	0.2519
2898.89	0.2526
2896.96	0.2533
2895.03	0.2539
2893.10	0.2546
2891.18	0.2552
2889.25	0.2558
2887.32	0.2563
2885.39	0.2567
2883.46	0.2571
2881.53	0.2573
2879.60	0.2575
2877.67	0.2577
2875.75	0.2578
2873.82	0.2580
2871.89	0.2582
2869.96	0.2584
2868.03	0.2586
2866.10	0.2587
2864.17	0.2587
2862.24	0.2586
2860.32	0.2584
2858.39	0.2581
2856.46	0.2579
2854.53	0.2579
2852.60	0.2582
2850.67	0.2589
2848.74	0.2601
2846.81	0.2617
2844.89	0.2633
2842.96	0.2647
2841.03	0.2658
2839.10	0.2668
2837.17	0.2676
2835.24	0.2682
2833.31	0.2688
2831.38	0.2693
2829.46	0.2697
2827.53	0.2702
2825.60	0.2706
2823.67	0.2710
2821.74	0.2714
2819.81	0.2718
2817.88	0.2722
2815.95	0.2726
2814.03	0.2730
2812.10	0.2734
2810.17	0.2738
2808.24	0.2741
2806.31	0.2745
2804.38	0.2748
2802.45	0.2752
2800.52	0.2756
2798.60	0.2760
2796.67	0.2763
2794.74	0.2767
2792.81	0.2771
2790.88	0.2774
2788.95	0.2778
2787.02	0.2781
2785.09	0.2784
2783.17	0.2788
2781.24	0.2791
2779.31	0.2795
2777.38	0.2799
2775.45	0.2802
2773.52	0.2806
2771.59	0.2809
2769.66	0.2812
2767.74	0.2815
2765.81	0.2818
2763.88	0.2822
2761.95	0.2825
2760.02	0.2828
2758.09	0.2832
2756.16	0.2835
2754.24	0.2838
2752.31	0.2841
2750.38	0.2845
2748.45	0.2848
2746.52	0.2851
2744.59	0.2854
2742.66	0.2857
2740.73	0.2860
2738.81	0.2863
2736.88	0.2866
2734.95	0.2870
2733.02	0.2873
2731.09	0.2876
2729.16	0.2879
2727.23	0.2883
2725.30	0.2886
2723.38	0.2889
2721.45	0.2892
2719.52	0.2895
2717.59	0.2898
2715.66	0.2902
2713.73	0.2905
2711.80	0.2908
2709.87	0.2911
2707.95	0.2915
2706.02	0.2918
2704.09	0.2921
2702.16	0.2924
2700.23	0.2928
2698.30	0.2931
2696.37	0.2934
2694.44	0.2937
2692.52	0.2940
2690.59	0.2943
2688.66	0.2947
2686.73	0.2950
2684.80	0.2953
2682.87	0.2957
2680.94	0.2960
2679.01	0.2963
2677.09	0.2966
2675.16	0.2969
2673.23	0.2973
2671.30	0.2976
2669.37	0.2979
2667.44	0.2982
2665.51	0.2985
2663.58	0.2988
2661.66	0.2991
2659.73	0.2995
2657.80	0.2998
2655.87	0.3001
2653.94	0.3004
2652.01	0.3008
2650.08	0.3011
2648.15	0.3014
2646.23	0.3017
2644.30	0.3021
2642.37	0.3024
2640.44	0.3027
2638.51	0.3030
2636.58	0.3033
2634.65	0.3037
2632.72	0.3040
2630.80	0.3043
2628.87	0.3046
2626.94	0.3049
2625.01	0.3052
2623.08	0.3056
2621.15	0.3059
2619.22	0.3062
2617.29	0.3065
2615.37	0.3069
2613.44	0.3072
2611.51	0.3075
2609.58	0.3078
2607.65	0.3081
2605.72	0.3084
2603.79	0.3087
2601.86	0.3091
2599.94	0.3094
2598.01	0.3097
2596.08	0.3100
2594.15	0.3104
2592.22	0.3107
2590.29	0.3110
2588.36	0.3113
2586.43	0.3116
2584.51	0.3120
2582.58	0.3123
2580.65	0.3126
2578.72	0.3129
2576.79	0.3132
2574.86	0.3136
2572.93	0.3139
2571.01	0.3142
2569.08	0.3145
2567.15	0.3148
2565.22	0.3152
2563.29	0.3155
2561.36	0.3158
2559.43	0.3161
2557.50	0.3165
2555.58	0.3168
2553.65	0.3171
2551.72	0.3174
2549.79	0.3177
2547.86	0.3181
2545.93	0.3184
2544.00	0.3187
2542.07	0.3190
2540.15	0.3193
2538.22	0.3197
2536.29	0.3200
2534.36	0.3203
2532.43	0.3206
2530.50	0.3210
2528.57	0.3213
2526.64	0.3216
2524.72	0.3219
2522.79	0.3223
2520.86	0.3226
2518.93	0.3229
2517.00	0.3232
2515.07	0.3235
2513.14	0.3239
2511.21	0.3242
2509.29	0.3245
2507.36	0.3248
2505.43	0.3252
2503.50	0.3255
2501.57	0.3258
2499.64	0.3261
2497.71	0.3265
2495.78	0.3268
2493.86	0.3271
2491.93	0.3275
2490.00	0.3278
2488.07	0.3281
2486.14	0.3285
2484.21	0.3288
2482.28	0.3291
2480.35	0.3295
2478.43	0.3298
2476.50	0.3301
2474.57	0.3304
2472.64	0.3308
2470.71	0.3311
2468.78	0.3315
2466.85	0.3318
2464.92	0.3321
2463.00	0.3325
2461.07	0.3328
2459.14	0.3331
2457.21	0.3335
2455.28	0.3338
2453.35	0.3341
2451.42	0.3345
2449.49	0.3348
2447.57	0.3351
2445.64	0.3355
2443.71	0.3358
2441.78	0.3361
2439.85	0.3365
2437.92	0.3368
2435.99	0.3372
2434.06	0.3375
2432.14	0.3378
2430.21	0.3381
2428.28	0.3385
2426.35	0.3388
2424.42	0.3391
2422.49	0.3395
2420.56	0.3398
2418.63	0.3402
2416.71	0.3405
2414.78	0.3408
2412.85	0.3412
2410.92	0.3415
2408.99	0.3419
2407.06	0.3422
2405.13	0.3425
2403.21	0.3429
2401.28	0.3432
2399.35	0.3435
2397.42	0.3438
2395.49	0.3441
2393.56	0.3443
2391.63	0.3440
2389.70	0.3423
2387.78	0.3376
2385.85	0.3272
2383.92	0.3090
2381.99	0.2823
2380.06	0.2495
2378.13	0.2147
2376.20	0.1811
2374.27	0.1507
2372.35	0.1244
2370.42	0.1027
2368.49	0.0855
2366.56	0.0725
2364.63	0.0635
2362.70	0.0582
2360.77	0.0562
2358.84	0.0578
2356.92	0.0641
2354.99	0.0767
2353.06	0.0979
2351.13	0.1257
2349.20	0.1437
2347.27	0.1360
2345.34	0.1136
2343.41	0.0980
2341.49	0.0932
2339.56	0.0937
2337.63	0.0962
2335.70	0.0991
2333.77	0.1014
2331.84	0.1034
2329.91	0.1075
2327.98	0.1147
2326.06	0.1227
2324.13	0.1301
2322.20	0.1392
2320.27	0.1525
2318.34	0.1692
2316.41	0.1855
2314.48	0.1987
2312.55	0.2101
2310.63	0.2228
2308.70	0.2375
2306.77	0.2532
2304.84	0.2680
2302.91	0.2806
2300.98	0.2909
2299.05	0.3001
2297.12	0.3086
2295.20	0.3165
2293.27	0.3240
2291.34	0.3312
2289.41	0.3380
2287.48	0.3444
2285.55	0.3501
2283.62	0.3539
2281.69	0.3549
2279.77	0.3541
2277.84	0.3530
2275.91	0.3522
2273.98	0.3520
2272.05	0.3521
2270.12	0.3525
2268.19	0.3531
2266.26	0.3540
2264.34	0.3552
2262.41	0.3565
2260.48	0.3580
2258.55	0.3594
2256.62	0.3609
2254.69	0.3624
2252.76	0.3638
2250.83	0.3651
2248.91	0.3662
2246.98	0.3673
2245.05	0.3683
2243.12	0.3691
2241.19	0.3699
2239.26	0.3706
2237.33	0.3713
2235.41	0.3719
2233.48	0.3726
2231.55	0.3731
2229.62	0.3737
2227.69	0.3743
2225.76	0.3748
2223.83	0.3753
2221.90	0.3757
2219.98	0.3760
2218.05	0.3763
2216.12	0.3767
2214.19	0.3770
2212.26	0.3774
2210.33	0.3777
2208.40	0.3781
2206.47	0.3784
2204.55	0.3788
2202.62	0.3792
2200.69	0.3796
2198.76	0.3799
2196.83	0.3803
2194.90	0.3807
2192.97	0.3810
2191.04	0.3814
2189.12	0.3817
2187.19	0.3821
2185.26	0.3824
2183.33	0.3828
2181.40	0.3831
2179.47	0.3835
2177.54	0.3839
2175.61	0.3842
2173.69	0.3845
2171.76	0.3848
2169.83	0.3851
2167.90	0.3855
2165.97	0.3859
2164.04	0.3863
2162.11	0.3866
2160.18	0.3870
2158.26	0.3875
2156.33	0.3879
2154.40	0.3882
2152.47	0.3886
2150.54	0.3890
2148.61	0.3893
2146.68	0.3897
2144.75	0.3901
2142.83	0.3905
2140.90	0.3907
2138.97	0.3909
2137.04	0.3911
2135.11	0.3915
2133.18	0.3921
2131.25	0.3926
2129.32	0.3929
2127.40	0.3933
2125.47	0.3936
2123.54	0.3940
2121.61	0.3943
2119.68	0.3947
2117.75	0.3949
2115.82	0.3951
2113.89	0.3955
2111.97	0.3961
2110.04	0.3967
2108.11	0.3971
2106.18	0.3975
2104.25	0.3979
2102.32	0.3983
2100.39	0.3987
2098.46	0.3991
2096.54	0.3995
2094.61	0.3999
2092.68	0.3999
2090.75	0.3998
2088.82	0.4002
2086.89	0.4011
2084.96	0.4020
2083.03	0.4025
2081.11	0.4028
2079.18	0.4031
2077.25	0.4034
2075.32	0.4039
2073.39	0.4044
2071.46	0.4050
2069.53	0.4052
2067.60	0.4045
2065.68	0.4036
2063.75	0.4042
2061.82	0.4059
2059.89	0.4071
2057.96	0.4078
2056.03	0.4084
2054.10	0.4089
2052.18	0.4093
2050.25	0.4097
2048.32	0.4100
2046.39	0.4101
2044.46	0.4097
2042.53	0.4091
2040.60	0.4095
2038.67	0.4110
2036.75	0.4123
2034.82	0.4130
2032.89	0.4134
2030.96	0.4139
2029.03	0.4141
2027.10	0.4144
2025.17	0.4146
2023.24	0.4148
2021.32	0.4142
2019.39	0.4121
2017.46	0.4104
2015.53	0.4121
2013.60	0.4156
2011.67	0.4174
2009.74	0.4177
2007.81	0.4180
2005.89	0.4186
2003.96	0.4193
2002.03	0.4196
2000.10	0.4197
1998.17	0.4199
1996.24	0.4190
1994.31	0.4144
1992.38	0.4096
1990.46	0.4108
1988.53	0.4158
1986.60	0.4199
1984.67	0.4224
1982.74	0.4234
1980.81	0.4239
1978.88	0.4242
1976.95	0.4246
1975.03	0.4249
1973.10	0.4252
1971.17	0.4241
1969.24	0.4201
1967.31	0.4170
1965.38	0.4195
1963.45	0.4242
1961.52	0.4264
1959.60	0.4270
1957.67	0.4271
1955.74	0.4270
1953.81	0.4276
1951.88	0.4287
1949.95	0.4289
1948.02	0.4271
1946.09	0.4218
1944.17	0.4135
1942.24	0.4112
1940.31	0.4196
1938.38	0.4287
1936.45	0.4318
1934.52	0.4320
1932.59	0.4323
1930.66	0.4330
1928.74	0.4335
1926.81	0.4312
1924.88	0.4240
1922.95	0.4176
1921.02	0.4144
1919.09	0.4100
1917.16	0.4121
1915.23	0.4242
1913.31	0.4318
1911.38	0.4293
1909.45	0.4263
1907.52	0.4288
1905.59	0.4337
1903.66	0.4366
1901.73	0.4378
1899.80	0.4380
1897.88	0.4354
1895.95	0.4315
1894.02	0.4302
1892.09	0.4266
1890.16	0.4203
1888.23	0.4230
1886.30	0.4326
1884.38	0.4384
1882.45	0.4405
1880.52	0.4416
1878.59	0.4422
1876.66	0.4428
1874.73	0.4421
1872.80	0.4328
1870.87	0.4103
1868.95	0.3932
1867.02	0.4026
1865.09	0.4258
1863.16	0.4395
1861.23	0.4426
1859.30	0.4431
1857.37	0.4445
1855.44	0.4462
1853.52	0.4469
1851.59	0.4451
1849.66	0.4378
1847.73	0.4205
1845.80	0.3949
1843.87	0.3869
1841.94	0.4102
1840.01	0.4349
1838.09	0.4414
1836.16	0.4419
1834.23	0.4392
1832.30	0.4222
1830.37	0.4018
1828.44	0.3997
1826.51	0.4073
1824.58	0.4161
1822.66	0.4323
1820.73	0.4457
1818.80	0.4483
1816.87	0.4480
1814.94	0.4468
1813.01	0.4389
1811.08	0.4305
1809.15	0.4330
1807.23	0.4415
1805.30	0.4422
1803.37	0.4293
1801.44	0.4143
1799.51	0.4133
1797.58	0.4213
1795.65	0.4144
1793.72	0.3895
1791.80	0.3817
1789.87	0.4079
1787.94	0.4337
1786.01	0.4360
1784.08	0.4308
1782.15	0.4282
1780.22	0.4285
1778.29	0.4318
1776.37	0.4216
1774.44	0.3869
1772.51	0.3579
1770.58	0.3647
1768.65	0.3931
1766.72	0.4200
1764.79	0.4288
1762.86	0.4159
1760.94	0.4096
1759.01	0.4156
1757.08	0.4194
1755.15	0.4206
1753.22	0.4045
1751.29	0.3738
1749.36	0.3645
1747.43	0.3819
1745.51	0.4000
1743.58	0.4031
1741.65	0.3942
1739.72	0.3896
1737.79	0.3846
1735.86	0.3521
1733.93	0.3251
1732.00	0.3514
1730.08	0.3997
1728.15	0.4328
1726.22	0.4471
1724.29	0.4464
1722.36	0.4330
1720.43	0.3916
1718.50	0.3354
1716.58	0.3189
1714.65	0.3555
1712.72	0.4037
1710.79	0.4283
1708.86	0.4204
1706.93	0.3942
1705.00	0.3736
1703.07	0.3446
1701.15	0.3002
1699.22	0.2840
1697.29	0.3013
1695.36	0.3365
1693.43	0.3893
1691.50	0.4221
1689.57	0.4161
1687.64	0.3806
1685.72	0.3230
1683.79	0.3012
1681.86	0.3460
1679.93	0.3981
1678.00	0.4043
1676.07	0.3812
1674.14	0.3719
1672.21	0.3701
1670.29	0.3608
1668.36	0.3769
1666.43	0.4115
1664.50	0.4169
1662.57	0.4095
1660.64	0.4250
1658.71	0.4370
1656.78	0.3953
1654.86	0.3073
1652.93	0.2653
1651.00	0.3065
1649.07	0.3392
1647.14	0.3341
1645.21	0.3598
1643.28	0.4130
1641.35	0.4375
1639.43	0.4143
1637.50	0.3604
1635.57	0.3349
1633.64	0.3756
1631.71	0.4273
1629.78	0.4359
1627.85	0.4220
1625.92	0.4078
1624.00	0.3970
1622.07	0.4050
1620.14	0.4118
1618.21	0.3872
1616.28	0.3756
1614.35	0.4103
1612.42	0.4449
1610.49	0.4506
1608.57	0.4481
1606.64	0.4514
1604.71	0.4550
1602.78	0.4562
1600.85	0.4587
1598.92	0.4607
1596.99	0.4584
1595.06	0.4551
1593.14	0.4558
1591.21	0.4587
1589.28	0.4611
1587.35	0.4630
1585.42	0.4636
1583.49	0.4627
1581.56	0.4579
1579.63	0.4329
1577.71	0.3861
1575.78	0.3677
1573.85	0.3950
1571.92	0.4052
1569.99	0.3884
1568.06	0.3939
1566.13	0.4140
1564.20	0.4117
1562.28	0.3600
1560.35	0.2735
1558.42	0.2391
1556.49	0.2870
1554.56	0.3488
1552.63	0.3849
1550.70	0.4016
1548.78	0.4062
1546.85	0.3903
1544.92	0.3461
1542.99	0.2901
1541.06	0.2524
1539.13	0.2733
1537.20	0.3376
1535.27	0.3704
1533.35	0.3738
1531.42	0.3935
1529.49	0.4055
1527.56	0.3867
1525.63	0.3602
1523.70	0.3312
1521.77	0.3087
1519.84	0.3159
1517.92	0.3397
1515.99	0.3657
1514.06	0.3911
1512.13	0.3927
1510.20	0.3525
1508.27	0.2915
1506.34	0.2804
1504.41	0.3483
1502.49	0.4167
1500.56	0.4220
1498.63	0.3929
1496.70	0.3853
1494.77	0.4104
1492.84	0.4197
1490.91	0.3927
1488.98	0.3791
1487.06	0.4066
1485.13	0.4454
1483.20	0.4647
1481.27	0.4655
1479.34	0.4550
1477.41	0.4266
1475.48	0.3839
1473.55	0.3543
1471.63	0.3716
1469.70	0.4210
1467.77	0.4411
1465.84	0.4250
1463.91	0.4226
1461.98	0.4280
1460.05	0.3891
1458.12	0.3275
1456.20	0.3256
1454.27	0.3859
1452.34	0.4362
1450.41	0.4449
1448.48	0.4379
1446.55	0.4449
1444.62	0.4626
1442.69	0.4718
1440.77	0.4609
1438.84	0.4233
1436.91	0.3908
1434.98	0.4047
1433.05	0.4347
1431.12	0.4412
1429.19	0.4431
1427.26	0.4507
1425.34	0.4486
1423.41	0.4356
1421.48	0.4091
1419.55	0.3816
1417.62	0.3926
1415.69	0.4340
1413.76	0.4614
1411.83	0.4681
1409.91	0.4689
1407.98	0.4642
1406.05	0.4536
1404.12	0.4509
1402.19	0.4508
1400.26	0.4362
1398.33	0.4184
1396.40	0.4105
1394.48	0.4184
1392.55	0.4427
1390.62	0.4558
1388.69	0.4443
1386.76	0.4393
1384.83	0.4556
1382.90	0.4708
1380.97	0.4733
1379.05	0.4689
1377.12	0.4576
1375.19	0.4439
1373.26	0.4447
1371.33	0.4586
1369.40	0.4674
1367.47	0.4683
1365.55	0.4593
1363.62	0.4424
1361.69	0.4398
1359.76	0.4564
1357.83	0.4710
1355.90	0.4750
1353.97	0.4760
1352.04	0.4775
1350.12	0.4780
1348.19	0.4785
1346.26	0.4796
1344.33	0.4774
1342.40	0.4658
1340.47	0.4496
1338.54	0.4458
1336.61	0.4580
1334.69	0.4719
1332.76	0.4784
1330.83	0.4796
1328.90	0.4793
1326.97	0.4791
1325.04	0.4784
1323.11	0.4760
1321.18	0.4708
1319.26	0.4657
1317.33	0.4650
1315.40	0.4666
1313.47	0.4678
1311.54	0.4700
1309.61	0.4724
1307.68	0.4731
1305.75	0.4731
1303.83	0.4732
1301.90	0.4730
1299.97	0.4724
1298.04	0.4714
1296.11	0.4706
1294.18	0.4701
1292.25	0.4692
1290.32	0.4673
1288.40	0.4655
1286.47	0.4653
1284.54	0.4657
1282.61	0.4653
1280.68	0.4642
1278.75	0.4631
1276.82	0.4619
1274.89	0.4597
1272.97	0.4563
1271.04	0.4530
1269.11	0.4505
1267.18	0.4481
1265.25	0.4453
1263.32	0.4423
1261.39	0.4401
1259.46	0.4401
1257.54	0.4423
1255.61	0.4444
1253.68	0.4455
1251.75	0.4456
1249.82	0.4451
1247.89	0.4441
1245.96	0.4426
1244.03	0.4412
1242.11	0.4400
1240.18	0.4388
1238.25	0.4374
1236.32	0.4359
1234.39	0.4344
1232.46	0.4328
1230.53	0.4312
1228.60	0.4294
1226.68	0.4274
1224.75	0.4256
1222.82	0.4241
1220.89	0.4225
1218.96	0.4208
1217.03	0.4190
1215.10	0.4172
1213.17	0.4152
1211.25	0.4135
1209.32	0.4121
1207.39	0.4106
1205.46	0.4089
1203.53	0.4073
1201.60	0.4056
1199.67	0.4038
1197.75	0.4022
1195.82	0.4007
1193.89	0.3991
1191.96	0.3975
1190.03	0.3958
1188.10	0.3939
1186.17	0.3922
1184.24	0.3906
1182.32	0.3890
1180.39	0.3872
1178.46	0.3854
1176.53	0.3835
1174.60	0.3815
1172.67	0.3799
1170.74	0.3784
1168.81	0.3767
1166.89	0.3748
1164.96	0.3730
1163.03	0.3712
1161.10	0.3694
1159.17	0.3676
1157.24	0.3658
1155.31	0.3640
1153.38	0.3622
1151.46	0.3603
1149.53	0.3585
1147.60	0.3567
1145.67	0.3549
1143.74	0.3530
1141.81	0.3511
1139.88	0.3491
1137.95	0.3470
1136.03	0.3448
1134.10	0.3426
1132.17	0.3404
1130.24	0.3381
1128.31	0.3356
1126.38	0.3331
1124.45	0.3305
1122.52	0.3279
1120.60	0.3252
1118.67	0.3225
1116.74	0.3197
1114.81	0.3168
1112.88	0.3137
1110.95	0.3105
1109.02	0.3073
1107.09	0.3042
1105.17	0.3012
1103.24	0.2986
1101.31	0.2961
1099.38	0.2939
1097.45	0.2919
1095.52	0.2902
1093.59	0.2887
1091.66	0.2871
1089.74	0.2854
1087.81	0.2835
1085.88	0.2815
1083.95	0.2794
1082.02	0.2774
1080.09	0.2753
1078.16	0.2734
1076.23	0.2715
1074.31	0.2698
1072.38	0.2682
1070.45	0.2668
1068.52	0.2655
1066.59	0.2644
1064.66	0.2634
1062.73	0.2625
1060.80	0.2618
1058.88	0.2611
1056.95	0.2606
1055.02	0.2602
1053.09	0.2599
1051.16	0.2596
1049.23	0.2595
1047.30	0.2594
1045.37	0.2594
1043.45	0.2596
1041.52	0.2597
1039.59	0.2600
1037.66	0.2604
1035.73	0.2609
1033.80	0.2614
1031.87	0.2620
1029.95	0.2625
1028.02	0.2631
1026.09	0.2636
1024.16	0.2642
1022.23	0.2649
1020.30	0.2655
1018.37	0.2663
1016.44	0.2670
1014.52	0.2679
1012.59	0.2688
1010.66	0.2697
1008.73	0.2705
1006.80	0.2712
1004.87	0.2718
1002.94	0.2723
1001.01	0.2726
999.09	0.2727
997.16	0.2728
995.23	0.2728
993.30	0.2726
991.37	0.2724
989.44	0.2722
987.51	0.2718
985.58	0.2714
983.66	0.2709
981.73	0.2702
979.80	0.2695
977.87	0.2686
975.94	0.2676
974.01	0.2666
972.08	0.2655
970.15	0.2643
968.23	0.2630
966.30	0.2616
964.37	0.2601
962.44	0.2585
960.51	0.2568
958.58	0.2550
956.65	0.2530
954.72	0.2509
952.80	0.2487
950.87	0.2464
948.94	0.2440
947.01	0.2415
945.08	0.2390
943.15	0.2364
941.22	0.2337
939.29	0.2309
937.37	0.2281
935.44	0.2252
933.51	0.2223
931.58	0.2194
929.65	0.2165
927.72	0.2135
925.79	0.2104
923.86	0.2074
921.94	0.2043
920.01	0.2011
918.08	0.1980
916.15	0.1948
914.22	0.1915
912.29	0.1882
910.36	0.1849
908.43	0.1816
906.51	0.1782
904.58	0.1749
902.65	0.1716
900.72	0.1683
898.79	0.1651
896.86	0.1618
894.93	0.1586
893.00	0.1553
891.08	0.1521
889.15	0.1490
887.22	0.1458
885.29	0.1427
883.36	0.1397
881.43	0.1367
879.50	0.1338
877.57	0.1310
875.65	0.1282
873.72	0.1254
871.79	0.1227
869.86	0.1200
867.93	0.1173
866.00	0.1145
864.07	0.1118
862.14	0.1091
860.22	0.1064
858.29	0.1037
856.36	0.1009
854.43	0.0982
852.50	0.0954
850.57	0.0927
848.64	0.0900
846.72	0.0872
844.79	0.0845
842.86	0.0818
840.93	0.0792
839.00	0.0765
837.07	0.0738
835.14	0.0711
833.21	0.0685
831.29	0.0658
829.36	0.0631
827.43	0.0603
825.50	0.0576
823.57	0.0548
821.64	0.0520
819.71	0.0494
817.78	0.0467
815.86	0.0440
813.93	0.0413
812.00	0.0387
810.07	0.0360
808.14	0.0334
806.21	0.0308
804.28	0.0283
802.35	0.0260
800.43	0.0239
798.50	0.0219
796.57	0.0201
794.64	0.0184
792.71	0.0168
790.78	0.0154
788.85	0.0141
786.92	0.0129
785.00	0.0118
783.07	0.0108
781.14	0.0099
779.21	0.0090
777.28	0.0083
775.35	0.0076
773.42	0.0069
771.49	0.0064
769.57	0.0058
767.64	0.0053
765.71	0.0049
763.78	0.0044
761.85	0.0041
759.92	0.0037
757.99	0.0034
756.06	0.0031
754.14	0.0028
752.21	0.0026
750.28	0.0024
748.35	0.0023
746.42	0.0021
744.49	0.0020
742.56	0.0020
740.63	0.0019
738.71	0.0019
736.78	0.0019
734.85	0.0019
732.92	0.0020
730.99	0.0020
729.06	0.0020
727.13	0.0021
725.20	0.0021
723.28	0.0021
721.35	0.0021
719.42	0.0021
717.49	0.0021
715.56	0.0021
713.63	0.0021
711.70	0.0021
709.77	0.0021
707.85	0.0021
705.92	0.0021
703.99	0.0021
702.06	0.0021
700.13	0.0021
698.20	0.0021
696.27	0.0021
694.34	0.0021
692.42	0.0022
690.49	0.0022
688.56	0.0022
686.63	0.0022
684.70	0.0022
682.77	0.0022
680.84	0.0022
678.92	0.0022
676.99	0.0022
675.06	0.0022
673.13	0.0022
671.20	0.0023
669.27	0.0023
667.34	0.0023
665.41	0.0023
663.49	0.0023
661.56	0.0022
659.63	0.0023
657.70	0.0023
655.77	0.0023
653.84	0.0023
651.91	0.0022
649.98	0.0023
648.06	0.0023
646.13	0.0023
644.20	0.0023
642.27	0.0023
640.34	0.0022
638.41	0.0022
636.48	0.0022
634.55	0.0022
632.63	0.0022
630.70	0.0022
628.77	0.0023
626.84	0.0023
624.91	0.0023
622.98	0.0023
621.05	0.0022
619.12	0.0022
617.20	0.0022
615.27	0.0022
613.34	0.0022
611.41	0.0022
609.48	0.0022
607.55	0.0022
605.62	0.0022
603.69	0.0023
601.77	0.0023
599.84	0.0023
597.91	0.0023
595.98	0.0023
594.05	0.0023
592.12	0.0022
590.19	0.0022
588.26	0.0022
586.34	0.0022
584.41	0.0022
582.48	0.0022
580.55	0.0022
578.62	0.0022
576.69	0.0022
574.76	0.0021
572.83	0.0021
570.91	0.0022
568.98	0.0022
567.05	0.0022
565.12	0.0022
563.19	0.0022
561.26	0.0022
559.33	0.0022
557.40	0.0022
555.48	0.0022
553.55	0.0022
551.62	0.0022
549.69	0.0022
547.76	0.0022
545.83	0.0022
543.90	0.0022
541.97	0.0022
540.05	0.0021
538.12	0.0021
536.19	0.0022
534.26	0.0022
532.33	0.0022
530.40	0.0022
528.47	0.0022
526.54	0.0022
524.62	0.0021
522.69	0.0021
520.76	0.0021
518.83	0.0021
516.90	0.0021
514.97	0.0022
513.04	0.0022
511.12	0.0022
509.19	0.0021
507.26	0.0021
505.33	0.0022
503.40	0.0021
501.47	0.0021
499.54	0.0021
497.61	0.0021
495.69	0.0021
493.76	0.0021
491.83	0.0021
489.90	0.0021
487.97	0.0021
486.04	0.0021
484.11	0.0021
482.18	0.0021
480.26	0.0021
478.33	0.0021
476.40	0.0021
474.47	0.0021
472.54	0.0021
470.61	0.0021
468.68	0.0021
466.75	0.0021
464.83	0.0021
462.90	0.0021
460.97	0.0021
459.04	0.0021
457.11	0.0021
455.18	0.0021
453.25	0.0021
451.32	0.0021
449.40	0.0021
447.47	0.0021
445.54	0.0021
443.61	0.0021
441.68	0.0021
439.75	0.0021
437.82	0.0021
435.89	0.0021
433.97	0.0021
432.04	0.0021
430.11	0.0021
428.18	0.0020
426.25	0.0021
424.32	0.0021
422.39	0.0021
420.46	0.0021
418.54	0.0021
416.61	0.0021
414.68	0.0021
412.75	0.0021
410.82	0.0021
408.89	0.0021
406.96	0.0021
405.03	0.0021
403.11	0.0021
401.18	0.0021
399.25	0.0021
