Column 1: Number of ignored points
Column 2: Y-axis intersept point in nm
Column 3: -m_1 index (given by l/2) in nm
Column 4: Film thickness calculated from the slope a (NOT final) in nm
Column 5: Film thickness 2nd iteration (d2 in Table 1 in Swanepoel(1983)) in nm
Column 1-5 LINEAR interp, Column 6-10 SPLINE interp
0	-5.82619376971	-6.0	4551.71008114	4626.80612786		0	-5.8495135117	-6.0	4557.1113858	4625.72960284
1	-5.73522207798	-5.5	4527.95395859	4498.94864154		1	-5.74987904165	-5.5	4530.77876496	4497.33582409
2	-5.63365886995	-5.5	4500.7480006	4493.63161771		2	-5.64415402785	-5.5	4502.25918119	4491.61114925
3	-5.53962569428	-5.5	4475.60701214	4489.01043263		3	-5.5508340179	-5.5	4477.34309182	4487.01810479
4	-5.47194986641	-5.5	4457.88894522	4486.23158657		4	-5.48461150983	-5.5	4460.03424229	4484.29057928
5	-5.41139676778	-5.5	4441.98826365	4483.92737602		5	-5.4257582646	-5.5	4444.60705454	4482.04324852
6	-5.34171649183	-5.5	4423.3611443	4481.17482141		6	-5.35491040412	-5.5	4425.65278736	4479.18385069
7	-5.27729355343	-5.5	4406.0571157	4478.81609749		7	-5.29018955576	-5.5	4408.26986689	4476.77150531
8	-5.23073158902	-5.0	4393.61057614	4346.53061291		8	-5.2393276975	-5.0	4394.63399305	4344.43089064
9	-5.18888586326	-5.0	4382.35245714	4344.45400342		9	-5.20213141051	-5.0	4384.66145101	4342.54419308
10	-5.15918250853	-5.0	4374.34556783	4342.99093506		10	-5.17093681714	-5.0	4376.24727396	4340.97560141
11	-5.12872494028	-5.0	4366.04844594	4341.52982464		11	-5.14244311379	-5.0	4368.49690895	4339.56577979
12	-5.09936292422	-5.0	4357.97334153	4340.15750565		12	-5.11078014982	-5.0	4359.77937429	4338.04699565
13	-5.07215397795	-5.0	4350.42264147	4338.92262207		13	-5.08581689296	-5.0	4352.86327342	4336.87437587
14	-5.05484634548	-5.0	4345.59655942	4338.16468468		14	-5.06540162208	-5.0	4347.16268991	4335.93785812
15	-5.03533242086	-5.0	4340.09070858	4337.33678823		15	-5.05067027299	-5.0	4343.01834963	4335.27780997
16	-5.02101382896	-5.0	4336.01861626	4336.76678674		16	-5.03274433663	-5.0	4337.91227493	4334.50170502
17	-5.00154541246	-5.0	4330.40617798	4335.99452124		17	-5.01710268631	-5.0	4333.4138109	4333.85500149
18	-4.98917837798	-5.0	4326.81504019	4335.57031444		18	-5.0017783217	-5.0	4328.95872947	4333.24911521
19	-4.97449130272	-5.0	4322.49740215	4335.06816608		19	-4.98933709406	-5.0	4325.3068281	4332.79797397
20	-4.95937325161	-5.0	4318.00179438	4334.57613502		20	-4.97403845464	-5.0	4320.75882451	4332.24413883
21	-4.94591174849	-5.0	4313.95631189	4334.19038651		21	-4.96028962426	-5.0	4316.6280066	4331.79066643
22	-4.92866282553	-5.0	4308.70247901	4333.66199099		22	-4.94439923127	-5.0	4311.79324781	4331.26921081
23	-4.91745065927	-5.0	4305.25755567	4333.44943794		23	-4.9310505465	-5.0	4307.68931974	4330.89936878
24	-4.90094917516	-5.0	4300.11385765	4333.02222999		24	-4.91857614997	-5.0	4303.81020112	4330.60168927
25	-4.89286516245	-5.0	4297.57381402	4333.02593682		25	-4.90721013554	-5.0	4300.23502785	4330.38712556
26	-4.8752852993	-5.0	4291.9573433	4332.61187949		26	-4.89246591292	-5.0	4295.53309568	4330.0460589
27	-4.86535603763	-5.0	4288.75740842	4332.60928909		27	-4.88086455964	-5.0	4291.79316967	4329.89390034
28	-4.85131300729	-5.0	4284.16617644	4332.44551568		28	-4.86776815828	-5.0	4287.51538374	4329.70650558
29	-4.84307949541	-5.0	4281.44718191	4332.6045216		29	-4.85914760263	-5.0	4284.66950121	4329.77331307
30	-4.8317881792	-5.0	4277.66510989	4332.65142356		30	-4.84811996306	-5.0	4280.97808558	4329.75800217
31	-4.82520448995	-5.0	4275.4355434	4332.96856		31	-4.84316661715	-5.0	4279.3026712	4330.0739013
32	-4.82213203083	-5.0	4274.38274945	4333.48714763		32	-4.83874603686	-5.0	4277.78792325	4330.44264568
33	-4.81490539133	-5.0	4271.86881025	4333.8323224		33	-4.83476899804	-5.0	4276.40704307	4330.860199
34	-4.81058607785	-5.0	4270.34749335	4334.35878999		34	-4.82806205301	-5.0	4274.04389205	4331.17295693
35	-4.80348139369	-5.0	4267.80758998	4334.78156171		35	-4.82309104075	-5.0	4272.2693549	4331.60811965
36	-4.79870301545	-5.0	4266.07687677	4335.36356522		36	-4.81797284437	-5.0	4270.41648645	4332.0700636
37	-4.79344329991	-5.0	4264.14424677	4335.96034488		37	-4.81545675642	-5.0	4269.49353804	4332.69762455
38	-4.78622285569	-5.0	4261.45070149	4336.50011134		38	-4.80685396974	-5.0	4266.28483768	4333.04790288
39	-4.77419847401	-5.0	4256.89080167	4336.8411982		39	-4.79625029589	-5.0	4262.26877629	4333.34615294
40	-4.76442691207	-5.0	4253.13312693	4337.37247124		40	-4.78669675225	-5.0	4258.59798793	4333.76151939
41	-4.75960057874	-5.0	4251.25234043	4338.23134716		41	-4.78068024475	-5.0	4256.25422495	4334.4248745
42	-4.7547348744	-5.0	4249.32689915	4339.14164943		42	-4.77854314849	-5.0	4255.41000748	4335.34373275
43	-4.75436118904	-5.0	4249.17693009	4340.34479407		43	-4.77830182056	-5.0	4255.31324155	4336.40238809
44	-4.75661812905	-5.0	4250.09639563	4341.72738356		44	-4.78175986718	-5.0	4256.72027951	4337.68889807
45	-4.7594514722	-5.0	4251.26924058	4343.17316302		45	-4.78605392142	-5.0	4258.49537487	4339.04051054
46	-4.75857211024	-5.0	4250.89880232	4344.45344431		46	-4.78662384744	-5.0	4258.73512586	4340.21452422
47	-4.76411104362	-5.0	4253.26679615	4346.12728244		47	-4.79264673359	-5.0	4261.30710573	4341.71415192
48	-4.76474925612	-5.0	4253.54469513	4347.56026969		48	-4.79474823734	-5.0	4262.2208281	4343.01655914
49	-4.7685878206	-5.0	4255.24363643	4349.21526816		49	-4.79970733525	-5.0	4264.41263232	4344.50457855
50	-4.7673120491	-5.0	4254.66821032	4350.62284719		50	-4.80028516293	-5.0	4264.67282217	4345.77201615
51	-4.77569197011	-5.0	4258.50622645	4352.62523236		51	-4.81045455908	-5.0	4269.32269239	4347.60357054
52	-4.77553446895	-5.0	4258.43261203	4354.16647751		52	-4.81122032966	-5.0	4269.68005687	4348.90862839
53	-4.77859875424	-5.0	4259.8903482	4355.95228795		53	-4.81700261147	-5.0	4272.42526081	4350.53661219
54	-4.78296306516	-5.0	4262.00531449	4357.85738532		54	-4.82165706341	-5.0	4274.6774032	4352.1157651
55	-4.79192006355	-5.0	4266.42552128	4360.05873443		55	-4.83510356415	-5.0	4281.29672795	4354.2005919
56	-4.80199863071	-5.0	4271.49630185	4362.3293804		56	-4.84854422004	-5.0	4288.04349337	4356.24057267
57	-4.81490012678	-5.0	4278.11445511	4364.75303632		57	-4.86554313058	-5.0	4296.74167704	4358.42341181
58	-4.82564783837	-5.0	4283.74319355	4367.02617591		58	-4.87616446225	-5.0	4302.29394764	4360.16768795
59	-4.82269261185	-5.0	4282.15929076	4368.50012952		59	-4.88247126362	-5.0	4305.66177031	4361.62805611
60	-4.84442633371	-5.0	4294.00667977	4371.47304779		60	-4.89982981426	-5.0	4315.11035418	4363.69070101
61	-4.85770978074	-5.0	4301.41527502	4373.84746378		61	-4.93048577978	-5.0	4332.1257755	4366.33951124
62	-4.89196260535	-5.0	4320.88775055	4377.29294702		62	-4.96218390322	-5.0	4350.10717931	4368.75528818
63	-4.90931361407	-5.0	4330.99783125	4379.51929538		63	-4.98527854809	-5.0	4363.51752034	4370.38441575
64	-4.91402434752	-5.0	4333.81022568	4380.90727059		64	-5.02573868358	-5.0	4387.50310485	4372.63476614
65	-5.00508275569	-5.0	4388.97741042	4386.62342926		65	-5.0680671796	-5.0	4413.17962516	4374.43685073
66	-4.96009612084	-5.0	4360.69072269	4384.03716564		66	-5.08695310627	-5.0	4424.93329696	4374.43540378
67	-5.03560569523	-5.0	4408.79022925	4388.38701621		67	-5.15100315022	-5.0	4465.60882503	4376.22766788
68	-5.0864181536	-5.0	4442.03392399	4390.35838461		68	-5.19518777613	-5.0	4494.40106595	4375.95968467
69	-5.08383238156	-5.0	4440.29331153	4388.87039241		69	-5.25787316175	-5.5	4536.22197445	4689.4008003
70	-5.15393318822	-5.0	4488.49682535	4390.54271423		70	-5.33597099026	-5.5	4589.60621006	4697.33613024
71	-5.30848106409	-5.5	4597.23407591	4728.62066935		71	-5.58781223179	-5.5	4765.19143148	4709.85142786
72	-5.19661875836	-5.0	4515.68752796	4382.96531143		72	-5.54041029939	-5.5	4730.99948968	4706.71118996
73	-4.70224372473	-4.5	4137.77006861	3996.22488199		73	-5.04836836088	-5.0	4360.29929596	4328.81247576
74	-4.26726928816	-4.5	3798.47834449	3970.82246166		74	-4.47505804288	-4.5	3915.78148572	3935.72513208
75	-3.61238650305	-3.5	3263.12098155	3178.18866075		75	-3.75214260218	-4.0	3331.64298106	3518.96456375
76	-2.98923371324	-3.0	2737.38792444	2745.90819423		76	-3.0443293229	-3.0	2741.4782992	2707.04792618
