Column 1: energy in eV
Column 2: alpha *1e3 in 1/cm, linear interpolation
Column 3: energy in eV
Column 4: alpha *1e3 in 1/cm, spline interpolation
Column 5: wavelength in nm
Column 6: alpha *1e3 in 1/cm, linear interpolation
Column 7: wavelength in nm
Column 8: alpha *1e3 in 1/cm, spline interpolation
0.298038911058	0.020467587393	0.298038911058	0.0122335264721	4160.0	0.020467587393	4160.0	0.0122335264721
0.329745178191	0.0628019435862	0.329745178191	0.108631198639	3760.0	0.0628019435862	3760.0	0.108631198639
0.361469932945	0.122934390954	0.361469932945	0.120766435022	3430.0	0.122934390954	3430.0	0.120766435022
0.394854098726	0.087823963905	0.394854098726	0.0898990148824	3140.0	0.087823963905	3140.0	0.0898990148824
0.42753167931	0.0515588603927	0.42753167931	0.05111543297	2900.0	0.0515588603927	2900.0	0.05111543297
0.460907758364	0.0592524077078	0.460907758364	0.0443531231265	2690.0	0.0592524077078	2690.0	0.0443531231265
0.498328725884	0.0858681234719	0.498328725884	0.0850211645067	2488.0	0.0858681234719	2488.0	0.0850211645067
0.526472131635	0.0998288399829	0.526472131635	0.0991454104901	2355.0	0.0998288399829	2355.0	0.0991454104901
0.559748022573	0.134498741497	0.559748022573	0.131308574329	2215.0	0.134498741497	2215.0	0.131308574329
0.591245526943	0.165497727231	0.591245526943	0.161628927278	2097.0	0.165497727231	2097.0	0.161628927278
0.625235436208	0.222631594042	0.625235436208	0.216109151738	1983.0	0.222631594042	1983.0	0.216109151738
0.655307542283	0.291200334666	0.655307542283	0.287754769618	1892.0	0.291200334666	1892.0	0.287754769618
0.691104721293	0.399335730636	0.691104721293	0.403820097245	1794.0	0.399335730636	1794.0	0.403820097245
0.721257632344	0.465620077384	0.721257632344	0.475124080979	1719.0	0.465620077384	1719.0	0.475124080979
0.755080310597	0.504317996496	0.755080310597	0.514352410153	1642.0	0.504317996496	1642.0	0.514352410153
0.78820207883	0.503853504996	0.78820207883	0.508327118264	1573.0	0.503853504996	1573.0	0.508327118264
0.820001236772	0.483894103938	0.820001236772	0.483771735913	1512.0	0.483894103938	1512.0	0.483771735913
0.853297914659	0.465249724356	0.853297914659	0.462643739077	1453.0	0.465249724356	1453.0	0.462643739077
0.884969214847	0.452367096656	0.884969214847	0.449136451481	1401.0	0.452367096656	1401.0	0.449136451481
0.917042803254	0.449099493575	0.917042803254	0.446369156763	1352.0	0.449099493575	1352.0	0.446369156763
0.949342932619	0.456084113056	0.949342932619	0.454254195849	1306.0	0.456084113056	1306.0	0.454254195849
0.98166418844	0.470989001558	0.98166418844	0.46957107939	1263.0	0.470989001558	1263.0	0.46957107939
1.01377094849	0.487593637447	1.01377094849	0.487077420209	1223.0	0.487593637447	1223.0	0.487077420209
1.04539786678	0.50415285853	1.04539786678	0.503944079512	1186.0	0.50415285853	1186.0	0.503944079512
1.07812336522	0.52424204564	1.07812336522	0.523269802196	1150.0	0.52424204564	1150.0	0.523269802196
1.10898199463	0.543010159686	1.10898199463	0.542098809711	1118.0	0.543010159686	1118.0	0.542098809711
1.14165918048	0.566679319711	1.14165918048	0.566130066938	1086.0	0.566679319711	1086.0	0.566130066938
1.17187322306	0.588590582711	1.17187322306	0.588010207649	1058.0	0.588590582711	1058.0	0.588010207649
1.20489977648	0.615236046953	1.20489977648	0.614948272741	1029.0	0.615236046953	1029.0	0.614948272741
1.23613346959	0.640867463448	1.23613346959	0.640738843698	1003.0	0.640867463448	1003.0	0.640738843698
1.26773197342	0.665731538478	1.26773197342	0.665578651761	978.0	0.665731538478	978.0	0.665578651761
1.29826373822	0.689154714963	1.29826373822	0.688990884418	955.0	0.689154714963	955.0	0.688990884418
1.3317313319	0.716847339344	1.3317313319	0.716897068294	931.0	0.716847339344	931.0	0.716897068294
1.36096802415	0.738006834256	1.36096802415	0.737917489174	911.0	0.738006834256	911.0	0.737917489174
1.39308075281	0.763216122528	1.39308075281	0.76284541397	890.0	0.763216122528	890.0	0.76284541397
1.42346942595	0.785061287169	1.42346942595	0.784985103777	871.0	0.785061287169	871.0	0.784985103777
1.45521346244	0.810399702532	1.45521346244	0.81049594806	852.0	0.810399702532	852.0	0.81049594806
1.48840560624	0.837379635298	1.48840560624	0.8380093879	833.0	0.837379635298	833.0	0.8380093879
1.51755430845	0.855203895286	1.51755430845	0.855775978936	817.0	0.855203895286	817.0	0.855775978936
1.54786750312	0.872025379254	1.54786750312	0.871682287448	801.0	0.872025379254	801.0	0.871682287448
1.5794163949	0.889818245118	1.5794163949	0.889352743144	785.0	0.889818245118	785.0	0.889352743144
1.60809581064	0.907653700627	1.60809581064	0.906679359333	771.0	0.907653700627	771.0	0.906679359333
1.64000247354	0.933500190744	1.64000247354	0.93252931025	756.0	0.933500190744	756.0	0.93252931025
1.66869699865	0.9558353834	1.66869699865	0.955358535564	743.0	0.9558353834	743.0	0.955358535564
1.7007433059	0.986725730165	1.7007433059	0.985957025803	729.0	0.986725730165	729.0	0.985957025803
1.72920762901	1.01540837605	1.72920762901	1.0141389189	717.0	1.01540837605	717.0	1.0141389189
1.76113901989	1.0546374241	1.76113901989	1.05345703479	704.0	1.0546374241	704.0	1.05345703479
1.7890936075	1.09067393497	1.7890936075	1.08990767102	693.0	1.09067393497	693.0	1.08990767102
1.82061948605	1.13954052539	1.82061948605	1.13903923329	681.0	1.13954052539	681.0	1.13903923329
1.84775241431	1.1808745451	1.84775241431	1.18083441563	671.0	1.1808745451	671.0	1.18083441563
1.88139889226	1.23756189558	1.88139889226	1.23788835482	659.0	1.23756189558	659.0	1.23788835482
1.90744903077	1.2776796904	1.90744903077	1.27795945838	650.0	1.2776796904	650.0	1.27795945838
1.94028461659	1.33275485719	1.94028461659	1.33362582987	639.0	1.33275485719	639.0	1.33362582987
1.9648841046	1.36805450501	1.9648841046	1.36911601416	631.0	1.36805450501	631.0	1.36911601416
1.9965247504	1.41490718115	1.9965247504	1.41640814769	621.0	1.41490718115	621.0	1.41640814769
2.02258053834	1.44534996925	2.02258053834	1.44687913516	613.0	1.44534996925	613.0	1.44687913516
2.05271832781	1.47947760487	2.05271832781	1.48053899641	604.0	1.47947760487	604.0	1.48053899641
2.08027159396	1.50554028389	2.08027159396	1.50608380314	596.0	1.50554028389	596.0	1.50608380314
2.11216672913	1.53631819998	2.11216672913	1.53670607473	587.0	1.53631819998	587.0	1.53670607473
2.13765839655	1.55823096683	2.13765839655	1.55821394851	580.0	1.55823096683	580.0	1.55821394851
2.16755571678	1.58800902581	2.16755571678	1.58746103232	572.0	1.58800902581	572.0	1.58746103232
2.19441038938	1.61519349527	2.19441038938	1.61418338946	565.0	1.61519349527	565.0	1.61418338946
2.22592795332	1.6557189079	2.22592795332	1.65461894903	557.0	1.6557189079	557.0	1.65461894903
2.25016673321	1.68955295049	2.25016673321	1.68836315608	551.0	1.68955295049	551.0	1.68836315608
2.27912108456	1.73991835451	2.27912108456	1.73853094337	544.0	1.73991835451	544.0	1.73853094337
2.30453879182	1.78788809268	2.30453879182	1.78697998042	538.0	1.78788809268	538.0	1.78697998042
2.33491877589	1.85613294613	2.33491877589	1.8557126436	531.0	1.85613294613	531.0	1.8557126436
2.35711382129	1.90754167199	2.35711382129	1.90697738905	526.0	1.90754167199	526.0	1.90697738905
2.38890533719	1.99231320285	2.38890533719	1.99208443993	519.0	1.99231320285	519.0	1.99208443993
2.41214371595	2.05366682936	2.41214371595	2.0535005161	514.0	2.05366682936	514.0	2.0535005161
2.44544747535	2.15836484347	2.44544747535	2.1572975527	507.0	2.15836484347	507.0	2.1572975527
2.46489437376	2.21880982101	2.46489437376	2.21777364035	503.0	2.21880982101	503.0	2.21777364035
2.49968118952	2.35042061428	2.49968118952	2.35112520353	496.0	2.35042061428	496.0	2.35112520353
2.51489223124	2.40527888543	2.51489223124	2.40541607159	493.0	2.40527888543	493.0	2.40541607159
2.55111495885	2.56092940087	2.55111495885	2.56111150339	486.0	2.56092940087	486.0	2.56111150339
2.56696039337	2.62277043483	2.56696039337	2.62370524582	483.0	2.62277043483	483.0	2.62370524582
2.60470981092	2.80612849255	2.60470981092	2.80664995701	476.0	2.80612849255	476.0	2.80664995701
2.61570014768	2.85429232454	2.61570014768	2.85387058348	474.0	2.85429232454	474.0	2.85387058348
2.65490764454	3.06698152881	2.65490764454	3.07066611357	467.0	3.06698152881	467.0	3.07066611357
2.66632660215	3.10507105294	2.66632660215	3.12578684004	465.0	3.10507105294	465.0	3.12578684004
