Column 1: energy in eV
Column 2: alpha *1e3 in 1/cm, linear interpolation
Column 3: energy in eV
Column 4: alpha *1e3 in 1/cm, spline interpolation
0.248964230924	0.109414477028	0.248964230924	0.0999187365647
0.267207299569	0.0693919550317	0.267207299569	0.0624967459955
0.281782243182	0.046943771916	0.281782243182	0.0442410385808
0.298038911058	0.0431290098325	0.298038911058	0.039630455474
0.316286191327	0.0457711304937	0.316286191327	0.0443441007626
0.332397284182	0.0487553385985	0.332397284182	0.0493358342305
0.351229991501	0.0615798813136	0.351229991501	0.0621746939231
0.367905599407	0.0651404418444	0.367905599407	0.0649726201268
0.382667243827	0.0591469933356	0.382667243827	0.0596201657309
0.398662980707	0.0581761329454	0.398662980707	0.0575710402301
0.414662832776	0.0613459343874	0.414662832776	0.0598201534673
0.432000651568	0.0651384147845	0.432000651568	0.0650734080848
0.44759634296	0.0647875932374	0.44759634296	0.0672000466612
0.464360250936	0.0667166253063	0.464360250936	0.0668982941593
0.480558864341	0.0609617340544	0.480558864341	0.0585153752295
0.498128513459	0.057345486611	0.498128513459	0.0575657662187
0.514030626036	0.0588649588593	0.514030626036	0.0606778697367
0.530300201027	0.0657021398413	0.530300201027	0.0644389498084
0.546185845815	0.0537522136986	0.546185845815	0.0520544631916
0.563820768531	0.049827433581	0.563820768531	0.0493102590023
0.579636217859	0.0664536016743	0.579636217859	0.0626405448577
0.59579138395	0.0892694854904	0.59579138395	0.0882005932362
0.612570093874	0.103048760424	0.612570093874	0.105089124005
0.628086053698	0.121814455015	0.628086053698	0.119404298776
0.645750973958	0.154470434503	0.645750973958	0.151702856202
0.660192689031	0.185215219954	0.660192689031	0.184481075801
0.67825047593	0.23106805735	0.67825047593	0.232311865933
0.693423864653	0.265504510638	0.693423864653	0.267602916725
0.711326374068	0.299344473748	0.711326374068	0.302444452303
0.727179982405	0.317072578594	0.727179982405	0.320205160579
0.743756370726	0.323506373615	0.743756370726	0.326323780259
0.760639184049	0.318574797852	0.760639184049	0.320647550909
0.776356837821	0.305110572492	0.776356837821	0.306537201866
0.793752797695	0.285726804277	0.793752797695	0.286328279236
0.809296259791	0.264550956861	0.809296259791	0.264617838212
0.826561246667	0.241739099838	0.826561246667	0.241565355509
0.841712063815	0.221853252939	0.841712063815	0.221437169807
0.859211275121	0.202175194494	0.859211275121	0.201338609564
0.874359569817	0.18557169736	0.874359569817	0.184672396154
0.891331322789	0.172152839468	0.891331322789	0.171263443645
0.906980153621	0.163489428614	0.906980153621	0.162603617358
0.923876207154	0.157212077018	0.923876207154	0.156612784628
0.939274143939	0.15190257409	0.939274143939	0.151480596845
0.955930508867	0.148743226059	0.955930508867	0.148287036331
0.972424996078	0.147062659931	0.972424996078	0.146593961403
0.987921808765	0.14577181387	0.987921808765	0.145540085511
1.00392054251	0.145521736606	1.00392054251	0.145396916572
1.02044598354	0.146068129382	1.02044598354	0.145764426303
1.03665708194	0.146697605252	1.03665708194	0.146454624468
1.05249734295	0.147545329701	1.05249734295	0.147391302184
1.06882919828	0.149300782065	1.06882919828	0.149063526629
1.08472604549	0.150901560072	1.08472604549	0.150695872647
1.10110290409	0.15302490737	1.10110290409	0.152886293576
1.11697465766	0.155274506862	1.11697465766	0.155153315534
1.13227568037	0.157290722993	1.13227568037	0.15720136328
1.14906568119	0.15994969126	1.14906568119	0.159774674818
1.16417076995	0.161452318256	1.16417076995	0.161270625752
1.18080178095	0.164711216491	1.18080178095	0.164552509153
1.19675856178	0.167742168015	1.19675856178	0.167618416992
1.21196663734	0.170058112381	1.21196663734	0.170125313669
1.22878282458	0.17273146921	1.22878282458	0.172782047066
1.24357258776	0.174082953389	1.24357258776	0.173955602978
1.26000190041	0.175930011065	1.26000190041	0.175841728914
1.27555747942	0.177101330753	1.27555747942	0.176928540258
1.29150194792	0.179225540453	1.29150194792	0.179036513221
1.30785007384	0.181321184055	1.30785007384	0.181254414225
1.32320370331	0.183411502729	1.32320370331	0.183309967684
1.33892210583	0.185112900163	1.33892210583	0.185070144641
1.35501843716	0.187078983214	1.35501843716	0.186984389324
1.36999101657	0.188513455219	1.36999101657	0.188439988364
1.38684772931	0.190672520149	1.38684772931	0.190555569699
1.40095126554	0.19145635054	1.40095126554	0.191342793199
1.41858337529	0.193929135365	1.41858337529	0.193887932226
1.43334320231	0.195119754367	1.43334320231	0.194986618144
1.44841339953	0.196137176051	1.44841339953	0.196138684302
1.46380386068	0.197500406409	1.46380386068	0.197533860331
1.47952490453	0.198893994412	1.47952490453	0.198470840787
1.49558729795	0.200176832096	1.49558729795	0.199778989509
1.51200228049	0.201477171716	1.51200228049	0.202676790537
1.52689885468	0.201781586951	1.52689885468	0.202915664809
1.54209187811	0.196645728755	1.54209187811	0.196540649831
1.55759028894	0.185337308783	1.55759028894	0.185202293719
1.57340338832	0.180041538107	1.57340338832	0.178692514565
1.58954085897	0.181147129037	1.58954085897	0.179883169311
1.60393514877	0.181701046446	1.60393514877	0.181871595333
1.61859251958	0.182308217498	1.61859251958	0.182552156602
1.63567529024	0.18391236739	1.63567529024	0.183711448574
1.65092126498	0.185296630613	1.65092126498	0.184974030589
1.66421727517	0.185625291646	1.66421727517	0.185512600693
1.68000253388	0.187782529954	1.68000253388	0.187668892922
1.69609010944	0.190230409973	1.69609010944	0.190061313275
1.71012671724	0.191563007254	1.71012671724	0.191456748139
1.72679926184	0.194255145282	1.72679926184	0.19410783391
1.74135094101	0.196425778602	1.74135094101	0.196203551637
1.75614995751	0.19903761279	1.75614995751	0.198830816968
1.77120267143	0.201947457935	1.77120267143	0.201877866703
1.78651566282	0.205496206421	1.78651566282	0.205323777033
1.80209574128	0.209066030784	1.80209574128	0.208871673599
1.81794995601	0.212948293073	1.81794995601	0.212794498393
1.83137646972	0.216455347641	1.83137646972	0.216108921447
1.84775241431	0.222108717186	1.84775241431	0.2218629865
1.86162442943	0.226676306635	1.86162442943	0.226611771615
1.87570630862	0.232099218444	1.87570630862	0.231946174134
1.89000285061	0.237040627986	1.89000285061	0.237030032816
1.90744903077	0.244130092074	1.90744903077	0.244119014419
1.91925986068	0.247873272635	1.91925986068	0.247561120369
1.93725292187	0.25568055902	1.93725292187	0.255558326063
1.94943690252	0.260080425242	1.94943690252	0.26002580503
1.9648841046	0.267066738692	1.9648841046	0.267027263085
1.98057806709	0.273506980347	1.98057806709	0.273581422063
1.99331490354	0.277576049021	1.99331490354	0.277561203438
2.00946818476	0.283624791105	2.00946818476	0.283588276263
2.02258053834	0.287563962705	2.02258053834	0.287683191712
2.03921360197	0.29316611247	2.03921360197	0.293353054582
2.05271832781	0.295902811265	2.05271832781	0.295954844535
2.06640311667	0.297707566098	2.06640311667	0.29776985389
2.08027159396	0.299745677329	2.08027159396	0.299752632774
2.09432748311	0.301561068878	2.09432748311	0.301508512558
2.10857460884	0.302715831015	2.10857460884	0.302827999123
2.12301690068	0.303626775408	2.12301690068	0.303622893915
2.13765839655	0.304533506811	2.13765839655	0.304413700815
2.15250324653	0.305139343659	2.15250324653	0.305157692807
2.16755571678	0.305865716276	2.16755571678	0.305915662237
2.18282019366	0.306274593478	2.18282019366	0.306264384757
2.19441038938	0.305264831469	2.19441038938	0.305189721484
2.21005680927	0.305204150221	2.21005680927	0.305033775655
2.22592795332	0.30585312102	2.22592795332	0.305635881726
2.2379817148	0.306013042815	2.2379817148	0.30579398669
2.25016673321	0.306442725404	2.25016673321	0.306298771115
2.26662133455	0.308956419782	2.26662133455	0.308864983031
2.27912108456	0.310125436276	2.27912108456	0.310049997028
2.29175946396	0.311367870919	2.29175946396	0.311254791985
2.30883029795	0.31431948455	2.30883029795	0.31417795711
2.32180125468	0.316156304661	2.32180125468	0.315986851361
2.33491877589	0.318399816744	2.33491877589	0.318215788372
2.34818535985	0.321012481699	2.34818535985	0.320927106149
2.3616035619	0.323937178903	2.3616035619	0.323808704145
2.37517599617	0.327294047737	2.37517599617	0.327055617427
2.38890533719	0.331192247209	2.38890533719	0.33097588901
2.40279432171	0.335840010233	2.40279432171	0.335669559405
2.41684575049	0.341390880335	2.41684575049	0.341163158465
2.4310624902	0.347246041768	2.4310624902	0.346980975916
2.44544747535	0.354029869781	2.44544747535	0.353760166638
2.45513241584	0.358455728569	2.45513241584	0.35814833786
2.46980452191	0.368150979789	2.46980452191	0.367859939995
2.47968374	0.373804773772	2.47968374	0.373801258272
2.49968118952	0.390342485768	2.49968118952	0.390272973978
