Column 1: lambda in nm
Column 2: n2, linear interp.
Column 3: energy in eV
Column 4: n2, linear interp.
Column 5: lambda in nm
Column 6: n2, spline interp.
Column 7: energy in eV
Column 8: n2, spline interp.
0.325417813648	2.44198658034	3810.0	2.44198658034	0.325417813648	2.44265410414	3810.0	2.44265410414
0.340615898352	2.41943493991	3640.0	2.41943493991	0.340615898352	2.42009629915	3640.0	2.42009629915
0.355255550143	2.402580556	3490.0	2.402580556	0.355255550143	2.40323730806	3490.0	2.40323730806
0.370102050746	2.3857261721	3350.0	2.3857261721	0.370102050746	2.38637831696	3350.0	2.38637831696
0.385044059006	2.36958394526	3220.0	2.36958394526	0.385044059006	2.3702316776	3220.0	2.3702316776
0.399948990323	2.35486603256	3100.0	2.35486603256	0.399948990323	2.35550974172	3100.0	2.35550974172
0.414662832776	2.34228459106	2990.0	2.34228459106	0.414662832776	2.34292486104	2990.0	2.34292486104
0.429011027682	2.33255177782	2890.0	2.33255177782	0.429011027682	2.33318938731	2890.0	2.33318938731
0.442800667857	2.32637974991	2800.0	2.32637974991	0.442800667857	2.32701567226	2800.0	2.32701567226
0.457506225092	2.3159347796	2710.0	2.3159347796	0.457506225092	2.3165678468	2710.0	2.3165678468
0.473222087786	2.3012168669	2620.0	2.3012168669	0.473222087786	2.30184591091	2620.0	2.30184591091
0.488126720472	2.29124666797	2540.0	2.29124666797	0.488126720472	2.2918729866	2540.0	2.2918729866
0.500743889338	2.292291165	2476.0	2.292291165	0.500743889338	2.29291776915	2476.0	2.29291776915
0.515526765073	2.28365032593	2405.0	2.28365032593	0.515526765073	2.28427456808	2405.0	2.28427456808
0.53007348012	2.2765050167	2339.0	2.2765050167	0.53007348012	2.27712730566	2339.0	2.27712730566
0.544745988576	2.26921727605	2276.0	2.26921727605	0.544745988576	2.26983757289	2276.0	2.26983757289
0.559243062697	2.26302150958	2217.0	2.26302150958	0.559243062697	2.26364011278	2217.0	2.26364011278
0.574000865741	2.25611358603	2160.0	2.25611358603	0.574000865741	2.25673030094	2160.0	2.25673030094
0.588439425724	2.25077240804	2107.0	2.25077240804	0.588439425724	2.25138766291	2107.0	2.25138766291
0.603035928988	2.24509889008	2056.0	2.24509889008	0.603035928988	2.24571259408	2056.0	2.24571259408
0.617451130478	2.2403511763	2008.0	2.2403511763	0.617451130478	2.2409635825	2008.0	2.2409635825
0.631927558614	2.23560346252	1962.0	2.23560346252	0.631927558614	2.23621457093	1962.0	2.23621457093
0.646761538863	2.22983499029	1917.0	2.22983499029	0.646761538863	2.23044452186	1917.0	2.23044452186
0.661248997333	2.22549083218	1875.0	2.22549083218	0.661248997333	2.22609917627	1875.0	2.22609917627
0.675663144414	2.22157396832	1835.0	2.22157396832	0.675663144414	2.22218124172	1835.0	2.22218124172
0.690335116927	2.21699242453	1796.0	2.21699242453	0.690335116927	2.21759844555	1796.0	2.21759844555
0.704856094372	2.21307556066	1759.0	2.21307556066	0.704856094372	2.213680511	1759.0	2.213680511
0.719583209518	2.20868392542	1723.0	2.20868392542	0.719583209518	2.20928767529	1723.0	2.20928767529
0.734068602724	2.20519435579	1689.0	2.20519435579	0.734068602724	2.20579715178	1689.0	2.20579715178
0.748696781401	2.20141992334	1656.0	2.20141992334	0.748696781401	2.20202168758	1656.0	2.20202168758
0.76344942734	2.19743184377	1624.0	2.19743184377	0.76344942734	2.19803251786	1624.0	2.19803251786
0.777817986198	2.19467816978	1594.0	2.19467816978	0.777817986198	2.19527809114	1594.0	2.19527809114
0.792231226837	2.19190075722	1565.0	2.19190075722	0.792231226837	2.19249991937	1565.0	2.19249991937
0.806663545869	2.1891708218	1537.0	2.1891708218	0.806663545869	2.18976923771	1537.0	2.18976923771
0.821087331126	2.18655957923	1510.0	2.18655957923	0.821087331126	2.18715728135	1510.0	2.18715728135
0.836036325017	2.18266645393	1483.0	2.18266645393	0.836036325017	2.18326309186	1483.0	2.18326309186
0.850371652949	2.18048250559	1458.0	2.18048250559	0.850371652949	2.18107854653	1458.0	2.18107854653
0.864603814505	2.17863089722	1434.0	2.17863089722	0.864603814505	2.17922643202	1434.0	2.17922643202
0.879320475177	2.17563983754	1410.0	2.17563983754	0.879320475177	2.17623455472	1410.0	2.17623455472
0.893257831412	2.17464281765	1388.0	2.17464281765	0.893257831412	2.17523726229	1388.0	2.17523726229
0.907644121523	2.17260130073	1366.0	2.17260130073	0.907644121523	2.17319518731	1366.0	2.17319518731
0.922501391369	2.16951528677	1344.0	2.16951528677	0.922501391369	2.17010832979	1344.0	2.17010832979
0.936436457704	2.16866069829	1324.0	2.16866069829	0.936436457704	2.16925350771	1324.0	2.16925350771
0.950798980061	2.16685656706	1304.0	2.16685656706	0.950798980061	2.16744888331	1304.0	2.16744888331
0.965608933022	2.16410289307	1284.0	2.16410289307	0.965608933022	2.16469445659	1284.0	2.16469445659
0.979337969984	2.16381803024	1266.0	2.16381803024	0.979337969984	2.1644095159	1266.0	2.1644095159
0.994259719326	2.16094566341	1247.0	2.16094566341	0.994259719326	2.1615363639	1247.0	2.1615363639
1.00800152033	2.16068453915	1230.0	2.16068453915	1.00800152033	2.16127516826	1230.0	2.16127516826
1.02297183993	2.15783591088	1212.0	2.15783591088	1.02297183993	2.15842576131	1212.0	2.15842576131
1.03665708194	2.15774095661	1196.0	2.15774095661	1.03665708194	2.15833078108	1196.0	2.15833078108
1.05160463953	2.15505849833	1179.0	2.15505849833	1.05160463953	2.15564758954	1179.0	2.15564758954
1.0651562457	2.15527214545	1164.0	2.15527214545	1.0651562457	2.15586129506	1164.0	2.15586129506
1.08000162892	2.15289828856	1148.0	2.15289828856	1.08000162892	2.15348678927	1148.0	2.15348678927
1.09429997352	2.15166388298	1133.0	2.15166388298	1.09429997352	2.15225204626	1133.0	2.15225204626
1.10799094727	2.15164014441	1119.0	2.15164014441	1.10799094727	2.15222830121	1119.0	2.15222830121
1.12202884163	2.15095172591	1105.0	2.15095172591	1.12202884163	2.15153969453	1105.0	2.15153969453
1.13642701192	2.14959862748	1091.0	2.14959862748	1.13642701192	2.15018622623	1091.0	2.15018622623
1.15119950789	2.14758084913	1077.0	2.14758084913	1.15119950789	2.14816789631	1077.0	2.14816789631
1.16526491541	2.1469161692	1064.0	2.1469161692	1.16526491541	2.14750303469	1064.0	2.14750303469
1.17967827783	2.14563428648	1051.0	2.14563428648	1.17967827783	2.14622080156	1051.0	2.14622080156
1.19330305101	2.14580045646	1039.0	2.14580045646	1.19330305101	2.14638701697	1039.0	2.14638701697
1.20724622201	2.14539690079	1027.0	2.14539690079	1.20724622201	2.14598335098	1027.0	2.14598335098
1.22151908374	2.14442361947	1015.0	2.14442361947	1.22151908374	2.14500980361	1015.0	2.14500980361
1.23613346959	2.14288061249	1003.0	2.14288061249	1.23613346959	2.14346637485	1003.0	2.14346637485
1.24984059476	2.14292808963	992.0	2.14292808963	1.24984059476	2.14351386496	992.0	2.14351386496
1.26385511723	2.14245331825	981.0	2.14245331825	1.26385511723	2.14303896381	981.0	2.14303896381
1.27818749485	2.14145629836	970.0	2.14145629836	1.27818749485	2.14204167138	970.0	2.14204167138
1.29150194792	2.14216845543	960.0	2.14216845543	1.29150194792	2.14275402311	960.0	2.14275402311
1.30647193888	2.14015067707	949.0	2.14015067707	1.30647193888	2.14073569319	949.0	2.14073569319
1.32038537806	2.13988955281	939.0	2.13988955281	1.32038537806	2.14047449756	939.0	2.14047449756
1.33459835307	2.13915365718	929.0	2.13915365718	1.33459835307	2.13973840076	929.0	2.13973840076
1.34765420652	2.14026936992	920.0	2.14026936992	1.34765420652	2.14085441848	920.0	2.14085441848
1.36246359341	2.13860767009	910.0	2.13860767009	1.36246359341	2.13919226443	910.0	2.13919226443
1.37607310766	2.13884505578	901.0	2.13884505578	1.37607310766	2.13942971501	901.0	2.13942971501
1.38995725336	2.13865514723	892.0	2.13865514723	1.38995725336	2.13923975455	892.0	2.13923975455
1.40412442809	2.13803794444	883.0	2.13803794444	1.40412442809	2.13862238304	883.0	2.13862238304
1.41696213714	2.13943852001	875.0	2.13943852001	1.41696213714	2.14002334146	875.0	2.14002334146
1.43168807159	2.1379904673	866.0	2.1379904673	1.43168807159	2.13857489293	866.0	2.13857489293
1.44503714452	2.13860767009	858.0	2.13860767009	1.44503714452	2.13919226443	858.0	2.13919226443
1.45863749412	2.13884505578	850.0	2.13884505578	1.45863749412	2.13942971501	850.0	2.13942971501
1.47249628266	2.13870262437	842.0	2.13870262437	1.47249628266	2.13928724466	842.0	2.13928724466
1.48662094724	2.13818037586	834.0	2.13818037586	1.48662094724	2.13876485339	834.0	2.13876485339
1.50101921308	2.13727831024	826.0	2.13727831024	1.50101921308	2.13786254119	826.0	2.13786254119
1.51384843712	2.13860767009	819.0	2.13860767009	1.51384843712	2.13919226443	819.0	2.13919226443
1.52878159063	2.13696970884	811.0	2.13696970884	1.52878159063	2.13755385544	811.0	2.13755385544
1.54209187811	2.1376106502	804.0	2.1376106502	1.54209187811	2.138194972	804.0	2.138194972
1.5556359724	2.1379192516	797.0	2.1379192516	1.5556359724	2.13850365775	797.0	2.13850365775
1.56942008861	2.13789551303	790.0	2.13789551303	1.56942008861	2.13847991269	790.0	2.13847991269
1.58143095663	2.14026936992	784.0	2.14026936992	1.58143095663	2.14085441848	784.0	2.14085441848
1.59567808237	2.13960468999	777.0	2.13960468999	1.59567808237	2.14018955686	777.0	2.14018955686
1.61018424675	2.13860767009	770.0	2.13860767009	1.61018424675	2.13919226443	770.0	2.13919226443
1.62282967277	2.14007946137	764.0	2.14007946137	1.62282967277	2.14066445802	764.0	2.14066445802
1.63783602378	2.13844150011	757.0	2.13844150011	1.63783602378	2.13902604902	757.0	2.13902604902
1.65092126498	2.13931982716	751.0	2.13931982716	1.65092126498	2.13990461617	751.0	2.13990461617
1.66421727517	2.13991329138	745.0	2.13991329138	1.66421727517	2.14049824261	745.0	2.14049824261
1.67772918809	2.14022189278	739.0	2.14022189278	1.67772918809	2.14080692837	739.0	2.14080692837
1.69146230559	2.14024563135	733.0	2.14024563135	1.69146230559	2.14083067342	733.0	2.14083067342
1.70307949176	2.14292808963	728.0	2.14292808963	1.70307949176	2.14351386496	728.0	2.14351386496
1.71723250693	2.14240584112	722.0	2.14240584112	1.71723250693	2.14299147369	722.0	2.14299147369
1.73162272346	2.14159872977	716.0	2.14159872977	1.73162272346	2.14218414172	716.0	2.14218414172
1.74380009845	2.14352155385	711.0	2.14352155385	1.74380009845	2.14410749141	711.0	2.14410749141
1.75864095035	2.14216845543	705.0	2.14216845543	1.75864095035	2.14275402311	705.0	2.14275402311
1.77120267143	2.14359276956	700.0	2.14359276956	1.77120267143	2.14417872658	700.0	2.14417872658
1.78394513669	2.144779698	695.0	2.144779698	1.78394513669	2.14536597948	695.0	2.14536597948
1.79948021771	2.14261948824	689.0	2.14261948824	1.79948021771	2.14320517921	689.0	2.14320517921
1.81263431287	2.14330790673	684.0	2.14330790673	1.81263431287	2.14389378589	684.0	2.14389378589
1.82598213549	2.14375893954	679.0	2.14375893954	1.82598213549	2.14434494199	679.0	2.14434494199
1.83680277037	2.14715355489	675.0	2.14715355489	1.83680277037	2.14774048527	675.0	2.14774048527
1.85051025373	2.14715355489	670.0	2.14715355489	1.85051025373	2.14774048527	670.0	2.14774048527
1.86442386466	2.1469161692	665.0	2.1469161692	1.86442386466	2.14750303469	665.0	2.14750303469
1.87854828788	2.14644139782	660.0	2.14644139782	1.87854828788	2.14702813353	660.0	2.14702813353
1.89000285061	2.14900516326	656.0	2.14900516326	1.89000285061	2.14959259978	656.0	2.14959259978
1.90451900154	2.14807935908	651.0	2.14807935908	1.90451900154	2.14866654252	651.0	2.14866654252
1.91629346213	2.15023956884	647.0	2.15023956884	1.91629346213	2.15082734279	647.0	2.15082734279
1.93121786604	2.14886273185	642.0	2.14886273185	1.93121786604	2.14945012943	642.0	2.14945012943
1.94332581505	2.15061938595	638.0	2.15061938595	1.94332581505	2.15120726372	638.0	2.15120726372
1.95558654574	2.15218613149	634.0	2.15218613149	1.95558654574	2.15277443754	634.0	2.15277443754
1.96800296825	2.15356296849	630.0	2.15356296849	1.96800296825	2.15415165089	630.0	2.15415165089
1.983746992	2.15130780444	625.0	2.15130780444	1.983746992	2.1518958704	625.0	2.1518958704
1.9965247504	2.15228108577	621.0	2.15228108577	1.9965247504	2.15286941777	621.0	2.15286941777
2.00946818476	2.15306445854	617.0	2.15306445854	2.00946818476	2.15365300468	617.0	2.15365300468
2.02258053834	2.15365792276	613.0	2.15365792276	2.02258053834	2.15424663113	613.0	2.15424663113
2.03252765574	2.1575985252	610.0	2.1575985252	2.03252765574	2.15818831073	610.0	2.15818831073
2.04594367987	2.15783591088	606.0	2.15783591088	2.04594367987	2.15842576131	606.0	2.15842576131
2.05953799003	2.15788338802	602.0	2.15788338802	2.05953799003	2.15847325143	602.0	2.15847325143
2.07331416388	2.15774095661	598.0	2.15774095661	2.07331416388	2.15833078108	598.0	2.15833078108
2.08727587542	2.15740861665	594.0	2.15740861665	2.08727587542	2.15799835027	594.0	2.15799835027
2.09787118443	2.16054210774	591.0	2.16054210774	2.09787118443	2.16113269791	591.0	2.16113269791
2.11216672913	2.15985368924	587.0	2.15985368924	2.11216672913	2.16044409123	587.0	2.16044409123
2.12301690068	2.16267857894	584.0	2.16267857894	2.12301690068	2.16326975312	584.0	2.16326975312
2.13765839655	2.16163408191	580.0	2.16163408191	2.13765839655	2.16222497057	580.0	2.16222497057
2.1487727383	2.16415037021	577.0	2.16415037021	2.1487727383	2.16474194671	577.0	2.16474194671
2.16000325784	2.16652422709	574.0	2.16652422709	2.16000325784	2.1671164525	574.0	2.1671164525
2.17516117544	2.16495748155	570.0	2.16495748155	2.17516117544	2.16554927868	570.0	2.16554927868
2.18666996473	2.16702273704	567.0	2.16702273704	2.18666996473	2.16761509871	567.0	2.16761509871
2.19830118794	2.16894556112	564.0	2.16894556112	2.19830118794	2.1695384484	564.0	2.1695384484
2.21400333929	2.16685656706	560.0	2.16685656706	2.21400333929	2.16744888331	560.0	2.16744888331
2.22592795332	2.16847078974	557.0	2.16847078974	2.22592795332	2.16906354724	557.0	2.16906354724
2.2379817148	2.16994258101	554.0	2.16994258101	2.2379817148	2.17053574083	554.0	2.17053574083
2.25016673321	2.17127194087	551.0	2.17127194087	2.25016673321	2.17186546407	551.0	2.17186546407
2.26248516423	2.17245886931	548.0	2.17245886931	2.26248516423	2.17305271697	548.0	2.17305271697
2.27493921101	2.17350336634	545.0	2.17350336634	2.27493921101	2.17409749951	545.0	2.17409749951
2.28753112546	2.17440543196	542.0	2.17440543196	2.28753112546	2.17499981171	542.0	2.17499981171
2.30026320965	2.17516506616	539.0	2.17516506616	2.30026320965	2.17575965357	539.0	2.17575965357
2.31313781716	2.17578226896	536.0	2.17578226896	2.31313781716	2.17637702507	536.0	2.17637702507
2.32180125468	2.18034007418	534.0	2.18034007418	2.32180125468	2.18093607618	534.0	2.18093607618
2.33491877589	2.18069615271	531.0	2.18069615271	2.33491877589	2.18129225205	531.0	2.18129225205
2.34818535985	2.18090979983	528.0	2.18090979983	2.34818535985	2.18150595757	528.0	2.18150595757
2.3616035619	2.18098101554	525.0	2.18098101554	2.3616035619	2.18157719275	525.0	2.18157719275
2.37063455067	2.18508778796	523.0	2.18508778796	2.37063455067	2.18568508776	523.0	2.18568508776
2.38431128846	2.1848978794	520.0	2.1848978794	2.38431128846	2.1854951273	520.0	2.1854951273
2.39351712355	2.1887910047	518.0	2.1887910047	2.39351712355	2.18938931679	518.0	2.18938931679
2.40745994175	2.18833997189	515.0	2.18833997189	2.40745994175	2.18893816069	515.0	2.18893816069
2.42156615234	2.18774650767	512.0	2.18774650767	2.42156615234	2.18834453424	512.0	2.18834453424
2.4310624902	2.191307293	510.0	2.191307293	2.4310624902	2.19190629292	510.0	2.19190629292
2.44544747535	2.19045270452	507.0	2.19045270452	2.44544747535	2.19105147084	507.0	2.19105147084
2.45513241584	2.19379984273	505.0	2.19379984273	2.45513241584	2.194399524	505.0	2.194399524
2.46489437376	2.19705202667	503.0	2.19705202667	2.46489437376	2.19765259693	503.0	2.19765259693
2.47968374	2.19581762109	500.0	2.19581762109	2.47968374	2.19641785392	500.0	2.19641785392
2.48964230924	2.1988561579	498.0	2.1988561579	2.48964230924	2.19945722133	498.0	2.19945722133
2.50473105051	2.19736062806	495.0	2.19736062806	2.50473105051	2.19796128268	495.0	2.19796128268
2.51489223124	2.20018551776	493.0	2.20018551776	2.51489223124	2.20078694457	493.0	2.20078694457
2.52513619145	2.20291545318	491.0	2.20291545318	2.52513619145	2.20351762623	491.0	2.20351762623
2.53546394683	2.20555043433	489.0	2.20555043433	2.53546394683	2.20615332765	489.0	2.20615332765
2.55111495885	2.20355639454	486.0	2.20355639454	2.55111495885	2.20415874279	486.0	2.20415874279
2.5616567562	2.20597772857	484.0	2.20597772857	2.5616567562	2.20658073869	484.0	2.20658073869
2.57228603734	2.20830410832	482.0	2.20830410832	2.57228603734	2.20890775437	482.0	2.20890775437
2.58300389583	2.21053553379	480.0	2.21053553379	2.58300389583	2.21113978981	480.0	2.21113978981
2.59381144351	2.21267200499	478.0	2.21267200499	2.59381144351	2.21327684502	478.0	2.21327684502
2.60470981092	2.21471352191	476.0	2.21471352191	2.60470981092	2.21531891999	476.0	2.21531891999
2.61570014768	2.21666008456	474.0	2.21666008456	2.61570014768	2.21726601474	474.0	2.21726601474
2.62678362288	2.21851169293	472.0	2.21851169293	2.62678362288	2.21911812925	472.0	2.21911812925
2.64358607676	2.21554437182	469.0	2.21554437182	2.64358607676	2.21614999702	469.0	2.21614999702
2.64923476496	2.22193004685	468.0	2.22193004685	2.64923476496	2.22253741759	468.0	2.22253741759
2.66060487124	2.2234967924	466.0	2.2234967924	2.66060487124	2.22410459141	466.0	2.22410459141
2.67207299569	2.22496858367	464.0	2.22496858367	2.67207299569	2.225576785	464.0	2.225576785
2.68364041126	2.22634542066	462.0	2.22634542066	2.68364041126	2.22695399836	462.0	2.22695399836
2.69530841304	2.22762730338	460.0	2.22762730338	2.69530841304	2.22823623148	460.0	2.22823623148
2.70707831878	2.22881423183	458.0	2.22881423183	2.70707831878	2.22942348437	458.0	2.22942348437
2.7189514693	2.22990620599	456.0	2.22990620599	2.7189514693	2.23051575704	456.0	2.23051575704
2.73092922907	2.23090322589	454.0	2.23090322589	2.73092922907	2.23151304947	454.0	2.23151304947
2.74301298673	2.2318052915	452.0	2.2318052915	2.74301298673	2.23241536167	452.0	2.23241536167
2.74909505543	2.23757376374	451.0	2.23757376374	2.74909505543	2.23818541073	451.0	2.23818541073
2.76134046771	2.23830965938	449.0	2.23830965938	2.76134046771	2.23892150753	449.0	2.23892150753
2.77369545861	2.23895060074	447.0	2.23895060074	2.77369545861	2.23956262409	447.0	2.23956262409
2.78616150562	2.23949658782	445.0	2.23949658782	2.78616150562	2.24010876042	445.0	2.24010876042
2.79243664414	2.2450039358	444.0	2.2450039358	2.79243664414	2.24561761385	444.0	2.24561761385
2.80507210407	2.2453837529	442.0	2.2453837529	2.80507210407	2.24599753478	442.0	2.24599753478
2.81782243182	2.24566861573	440.0	2.24566861573	2.81782243182	2.24628247547	440.0	2.24628247547
2.83068920091	2.24585852428	438.0	2.24585852428	2.83068920091	2.24647243593	438.0	2.24647243593
2.83716675057	2.251104748	437.0	2.251104748	2.83716675057	2.25172009372	437.0	2.25172009372
2.8502111954	2.25112848657	435.0	2.25112848657	2.8502111954	2.25174383878	435.0	2.25174383878
2.8567785023	2.25625601745	434.0	2.25625601745	2.8567785023	2.25687277128	434.0	2.25687277128
2.8700043287	2.25611358603	432.0	2.25611358603	2.8700043287	2.25673030094	432.0	2.25673030094
2.88335318605	2.25587620035	430.0	2.25587620035	2.88335318605	2.25649285036	430.0	2.25649285036
2.89007428904	2.26081382267	429.0	2.26081382267	2.89007428904	2.2614318224	429.0	2.2614318224
2.90361093677	2.260410267	427.0	2.260410267	2.90361093677	2.26102815641	427.0	2.26102815641
2.91042692488	2.26522919648	426.0	2.26522919648	2.91042692488	2.26584840316	426.0	2.26584840316
2.92415535377	2.26465947083	424.0	2.26465947083	2.92415535377	2.26527852177	424.0	2.26527852177
2.93106825059	2.26935970747	423.0	2.26935970747	2.93106825059	2.26998004323	423.0	2.26998004323
2.94499256532	2.26862381183	421.0	2.26862381183	2.94499256532	2.26924394644	421.0	2.26924394644
2.95200445238	2.27320535563	420.0	2.27320535563	2.95200445238	2.27382674261	420.0	2.27382674261
2.9661288756	2.27230329001	418.0	2.27230329001	2.9661288756	2.27292443041	418.0	2.27292443041
2.97324189448	2.27676614096	417.0	2.27676614096	2.97324189448	2.27738850129	417.0	2.27738850129
2.98038911058	2.28118151477	416.0	2.28118151477	2.98038911058	2.28180508206	416.0	2.28180508206
2.9947871256	2.28004206346	414.0	2.28004206346	2.9947871256	2.28066531928	414.0	2.28066531928
3.00203842615	2.28433874443	413.0	2.28433874443	3.00203842615	2.28496317476	413.0	2.28496317476
3.01664688564	2.28303312314	411.0	2.28303312314	3.01664688564	2.28365719657	411.0	2.28365719657
3.02400456098	2.28721111126	410.0	2.28721111126	3.02400456098	2.28783632676	410.0	2.28783632676
3.03139821516	2.29134162225	409.0	2.29134162225	3.03139821516	2.29196796683	409.0	2.29196796683
3.03882811275	2.29542465609	408.0	2.29542465609	3.03882811275	2.29605211679	408.0	2.29605211679
3.05379770936	2.29381043341	406.0	2.29381043341	3.05379770936	2.29443745285	406.0	2.29443745285
3.06133795062	2.29777477441	405.0	2.29777477441	3.06133795062	2.29840287752	405.0	2.29840287752
3.0689155198	2.30169163828	404.0	2.30169163828	3.0689155198	2.30232081207	404.0	2.30232081207
3.08418375622	2.2998400299	402.0	2.2998400299	3.08418375622	2.30046869755	402.0	2.30046869755
