355	0.003251906
356.65	0.005025469
358.3	0.0074902
359.95	0.010674355
361.6	0.014646048
363.25	0.019443427
364.9	0.025246302
366.55	0.032033364
368.2	0.039446524
369.85	0.048465517
371.5	0.05764873
373.15	0.067229756
374.8	0.078905452
376.45	0.089293517
378.1	0.100078505
379.75	0.11437584
381.4	0.125450424
383.05	0.1350694
384.7	0.151100009
386.35	0.164692471
388	0.171329293
389.65	0.18603253
391.3	0.204788568
392.95	0.210681832
394.6	0.216701945
396.25	0.236901871
397.9	0.252819624
399.55	0.252153299
401.2	0.258335003
402.85	0.281234569
404.5	0.296530822
406.15	0.291664924
407.8	0.29415969
409.45	0.318514101
411.1	0.337846454
412.75	0.331369589
414.4	0.326206754
416.05	0.345325248
417.7	0.373073029
419.35	0.37570858
421	0.361592057
422.65	0.364313373
424.3	0.391972812
425.95	0.416552391
427.6	0.410333633
429.25	0.393542676
430.9	0.400255259
432.55	0.431616685
434.2	0.456722543
435.85	0.448932618
437.5	0.428759212
439.15	0.429719108
440.8	0.458201602
442.45	0.491024063
444.1	0.494981446
445.75	0.472632252
447.4	0.458128052
449.05	0.4732498
450.7	0.510618777
452.35	0.536412475
454	0.526707764
455.65	0.5000481
457.3	0.489425073
458.95	0.508800458
460.6	0.547139386
462.25	0.573279489
463.9	0.563852431
465.55	0.534642324
467.2	0.517450172
468.85	0.529234166
470.5	0.56584539
472.15	0.6000268
473.8	0.602860119
475.45	0.575698876
477.1	0.547774483
478.75	0.541718033
480.4	0.563411205
482.05	0.601158233
483.7	0.629611578
485.35	0.626902287
487	0.597789837
488.65	0.568158677
490.3	0.560717225
491.95	0.579241118
493.6	0.615789801
495.25	0.647896426
496.9	0.653014992
498.55	0.629444918
500.2	0.597299838
501.85	0.578193917
503.5	0.581755693
505.15	0.607434416
506.8	0.643998008
508.45	0.670731106
510.1	0.66898532
511.75	0.642092059
513.4	0.610083813
515.05	0.591556203
516.7	0.594222916
518.35	0.617709212
520	0.65212635
521.65	0.680577289
523.3	0.687538553
524.95	0.669143565
526.6	0.637791951
528.25	0.610755065
529.9	0.600267791
531.55	0.610038901
533.2	0.636608353
534.85	0.669732792
536.5	0.694864791
538.15	0.698333846
539.8	0.679101363
541.45	0.64932534
543.1	0.622898447
544.75	0.609432959
546.4	0.613687029
548.05	0.634345628
549.7	0.66525563
551.35	0.694351043
553	0.708948948
554.65	0.702513231
556.3	0.679090073
557.95	0.650114137
559.6	0.626954072
561.25	0.616974167
562.9	0.621653702
564.55	0.640457567
566.2	0.66873093
567.85	0.697501278
569.5	0.716563031
571.15	0.71678968
572.8	0.699601431
574.45	0.673154984
576.1	0.647394535
577.75	0.629732631
579.4	0.624686443
581.05	0.633226861
582.7	0.65333908
584.35	0.680376356
586	0.707487188
587.65	0.725640558
589.3	0.728044425
590.95	0.714003479
592.6	0.689713197
594.25	0.664058989
595.9	0.643930937
597.55	0.633334032
599.2	0.63496129
600.85	0.647795266
602.5	0.66945471
604.15	0.695882705
605.8	0.72062298
607.45	0.735989869
609.1	0.73738849
610.75	0.724086877
612.4	0.702052431
614.05	0.677389348
615.7	0.656467269
617.35	0.643328992
619	0.640161374
620.65	0.64738624
622.3	0.663437835
623.95	0.686049695
625.6	0.711079138
627.25	0.732870919
628.9	0.74578193
630.55	0.745778338
632.2	0.733346348
633.85	0.7131027
635.5	0.689903464
637.15	0.668865792
638.8	0.653708085
640.45	0.64707902
642.1	0.64894869
643.75	0.659450392
645.4	0.677402125
647.05	0.69989365
648.7	0.723299487
650.35	0.743066792
652	0.753733988
653.65	0.753634077
655.3	0.743158474
656.95	0.725282836
658.6	0.703696758
660.25	0.6831819
661.9	0.666563167
663.55	0.655866706
665.2	0.652617952
666.85	0.656943498
668.5	0.668588774
670.15	0.686242639
671.8	0.707630495
673.45	0.729261022
675.1	0.747340447
676.75	0.759077569
678.4	0.761452677
680.05	0.754917673
681.7	0.74100212
683.35	0.722069203
685	0.702078084
686.65	0.683203931
688.3	0.66888881
689.95	0.659737934
691.6	0.657369282
693.25	0.661976724
694.9	0.672362914
696.55	0.687867223
698.2	0.706766041
699.85	0.726519162
701.5	0.744762203
703.15	0.758881189
704.8	0.766104484
706.45	0.765973568
708.1	0.7576244
709.75	0.743374313
711.4	0.725102832
713.05	0.706515562
714.7	0.689138269
716.35	0.675015775
718	0.665875691
719.65	0.661637817
721.3	0.662927174
722.95	0.669458577
724.6	0.680681815
726.25	0.696025531
727.9	0.713674629
729.55	0.732457711
731.2	0.749261568
732.85	0.762528769
734.5	0.770062624
736.15	0.771105085
737.8	0.76546701
739.45	0.754052023
741.1	0.739147254
742.75	0.722514895
744.4	0.705388777
746.05	0.69031826
747.7	0.677735084
749.35	0.669064453
751	0.665064308
752.65	0.665564398
754.3	0.670837829
755.95	0.680282924
757.6	0.693154207
759.25	0.708479287
760.9	0.724776673
762.55	0.741160592
764.2	0.75587407
765.85	0.766818916
767.5	0.773496509
769.15	0.774798447
770.8	0.770180059
772.45	0.76079049
774.1	0.747766841
775.75	0.732496684
777.4	0.716578118
779.05	0.701534985
780.7	0.688551465
782.35	0.678433465
784	0.671186944
785.65	0.667802478
787.3	0.667877522
788.95	0.672285775
790.6	0.680031131
792.25	0.690947218
793.9	0.704424441
795.55	0.718958255
797.2	0.734301697
798.85	0.742405188
800.5	0.756109259
802.15	0.766313405
803.8	0.773763648
805.45	0.776054305
807.1	0.774904281
808.75	0.767679837
810.4	0.757568046
812.05	0.744672672
813.7	0.730916619
815.35	0.715943987
817	0.702370974
818.65	0.690462508
820.3	0.680746904
821.95	0.672914743
823.6	0.668426401
825.25	0.666908563
826.9	0.668503364
828.55	0.673948538
830.2	0.681702616
831.85	0.691841635
833.5	0.703812166
835.15	0.717294954
836.8	0.730489564
838.45	0.744251913
840.1	0.756440989
841.75	0.766217954
843.4	0.773643647
845.05	0.77692842
846.7	0.776849367
848.35	0.773665205
850	0.766403499
851.65	0.75677587
853.3	0.745123532
854.95	0.731846387
856.6	0.719802703
858.25	0.707404244
859.9	0.696260515
861.55	0.686474053
863.2	0.678955472
864.85	0.67330314
866.5	0.670579148
868.15	0.669807046
869.8	0.671935732
871.45	0.677305975
873.1	0.682816628
874.75	0.691680221
876.4	0.702993189
878.05	0.714410181
879.7	0.725877456
881.35	0.739155996
883	0.750775873
884.65	0.761843034
886.3	0.77083628
887.95	0.777906582
889.6	0.781729927
891.25	0.782808708
892.9	0.780625038
894.55	0.776062995
896.2	0.768030493
897.85	0.758736034
899.5	0.747888238
901.15	0.73699554
902.8	0.725591291
904.45	0.713493293
906.1	0.703517208
907.75	0.6936977
909.4	0.68439774
911.05	0.679377791
912.7	0.674328913
914.35	0.673118265
916	0.671846581
917.65	0.674917363
919.3	0.677307333
920.95	0.684130141
922.6	0.690196687
924.25	0.699374619
925.9	0.708340292
927.55	0.719590526
929.2	0.730713181
930.85	0.741972891
932.5	0.753141464
934.15	0.762997164
935.8	0.771093207
937.45	0.777738185
939.1	0.78261198
940.75	0.784142129
942.4	0.784116402
944.05	0.781957797
945.7	0.777212711
947.35	0.77022264
949	0.762165987
950.65	0.752994735
952.3	0.742928486
953.95	0.732120113
955.6	0.721541594
957.25	0.71177562
958.9	0.702309311
960.55	0.695068143
962.2	0.68755124
963.85	0.681585218
965.5	0.678118235
967.15	0.675161243
968.8	0.674045954
970.45	0.675691888
972.1	0.678015529
973.75	0.68198933
975.4	0.687057589
977.05	0.695226265
978.7	0.704819484
980.35	0.712642769
982	0.720413215
983.65	0.730157056
985.3	0.742074921
986.95	0.75209986
988.6	0.762651443
990.25	0.771546578
991.9	0.778984255
993.55	0.785143264
995.2	0.789903891
996.85	0.793241219
998.5	0.793509285
1000.15	0.792713164
1001.8	0.789054431
1003.45	0.785351578
1005.1	0.77832378
1006.75	0.771357624
1008.4	0.762966321
1010.05	0.753987093
1011.7	0.744217531
1013.35	0.735067748
1015	0.725448401
1016.65	0.716528505
1018.3	0.708578569
1019.95	0.701867519
1021.6	0.695537211
1023.25	0.690096047
1024.9	0.686010517
1026.55	0.683383414
1028.2	0.681795669
1029.85	0.681508134
1031.5	0.682588324
1033.15	0.684163223
1034.8	0.687669322
1036.45	0.692108934
1038.1	0.697802025
1039.75	0.704351624
1041.4	0.711381091
1043.05	0.718783587
1044.7	0.726655492
1046.35	0.735191434
1048	0.74400632
1049.65	0.753276288
1051.3	0.76177055
1052.95	0.770035282
1054.6	0.77732859
1056.25	0.783817458
1057.9	0.788949561
1059.55	0.792694621
1061.2	0.794841716
1062.85	0.795514453
1064.5	0.795209449
1066.15	0.793005426
1067.8	0.790435049
1069.45	0.785267762
1071.1	0.77922291
1072.75	0.772377159
1074.4	0.765009364
1076.05	0.75711875
1077.7	0.748666452
1079.35	0.740467986
1081	0.732232634
1082.65	0.72485333
1084.3	0.717180016
1085.95	0.710243174
1087.6	0.703309499
1089.25	0.697939935
1090.9	0.692691452
1092.55	0.689176315
1094.2	0.685967356
1095.85	0.684006005
1097.5	0.682718272
1099.15	0.682812453
1100.8	0.683677358
1102.45	0.685390276
1104.1	0.688177956
1105.75	0.691312216
1107.4	0.695725146
1109.05	0.701532801
1110.7	0.707686134
1112.35	0.714495108
1114	0.721665136
1115.65	0.729432711
1117.3	0.736749462
1118.95	0.745886817
1120.6	0.75399444
1122.25	0.762192191
1123.9	0.768955246
1125.55	0.776173446
1127.2	0.782976439
1128.85	0.788943848
1130.5	0.792878825
1132.15	0.797719006
1133.8	0.800817452
1135.45	0.801937369
1137.1	0.802508601
1138.75	0.801915034
1140.4	0.799804531
1142.05	0.797124015
1143.7	0.794159744
1145.35	0.789706725
1147	0.783949066
1148.65	0.777925062
1150.3	0.771226372
1151.95	0.76404109
1153.6	0.756526675
1155.25	0.749235796
1156.9	0.741576887
1158.55	0.734543394
1160.2	0.727625764
1161.85	0.721058864
1163.5	0.715208879
1165.15	0.709502953
1166.8	0.70462484
1168.45	0.700256371
1170.1	0.696107784
1171.75	0.693176033
1173.4	0.690670539
1175.05	0.689442005
1176.7	0.688933755
1178.35	0.688894651
1180	0.689334079
1181.65	0.690504478
1183.3	0.692667473
1184.95	0.695231615
1186.6	0.698696466
1188.25	0.70285576
1189.9	0.707469102
1191.55	0.712274878
1193.2	0.718106357
1194.85	0.724291731
1196.5	0.730186289
1198.15	0.736737343
1199.8	0.743338144
1201.45	0.749982899
1203.1	0.75652809
1204.75	0.763521081
1206.4	0.769944567
1208.05	0.776408898
1209.7	0.782504826
1211.35	0.788229904
1213	0.792682963
1214.65	0.797163
1216.3	0.800933926
1217.95	0.803678621
1219.6	0.804973263
1221.25	0.805329828
1222.9	0.805652228
1224.55	0.804937428
1226.2	0.803625212
1227.85	0.800573102
1229.5	0.797070689
1231.15	0.792128128
1232.8	0.787065708
1234.45	0.782378981
1236.1	0.776648525
1237.75	0.772134363
1239.4	0.765867046
1241.05	0.759731714
1242.7	0.753439545
1244.35	0.746496754
1246	0.739645652
1247.65	0.733319909
1249.3	0.72744653
1250.95	0.72191667
1252.6	0.718509999
1254.25	0.712926828
1255.9	0.709284634
1257.55	0.705162286
1259.2	0.701649823
1260.85	0.697574
1262.5	0.695709732
1264.15	0.693056117
1265.8	0.691229401
1267.45	0.689458927
1269.1	0.691025601
1270.75	0.689778846
1272.4	0.689474048
1274.05	0.692724673
1275.7	0.692742595
1277.35	0.695389857
1279	0.696663053
1280.65	0.701748233
1282.3	0.705503702
1283.95	0.709226939
1285.6	0.712096987
1287.25	0.718518671
1288.9	0.721597351
1290.55	0.727153783
1292.2	0.732507035
1293.85	0.740056454
1295.5	0.746158255
1297.15	0.75019516
1298.8	0.756952632
1300.45	0.763005526
1302.1	0.768248693
1303.75	0.774597755
1305.4	0.780077526
1307.05	0.785219816
1308.7	0.789572643
1310.35	0.79457384
1312	0.798491864
1313.65	0.801058779
1315.3	0.804396796
1316.95	0.80631419
1318.6	0.808583275
1320.25	0.808856424
1321.9	0.809780667
1323.55	0.808848188
1325.2	0.808876262
1326.85	0.807230407
1328.5	0.804967706
1330.15	0.802375815
1331.8	0.799073558
1333.45	0.795086954
1335.1	0.79110218
1336.75	0.786129751
1338.4	0.781727652
1340.05	0.776905806
1341.7	0.771556441
1343.35	0.766145632
1345	0.760771401
1346.65	0.755365167
1348.3	0.749767835
1349.95	0.743793537
1351.6	0.738232231
1353.25	0.733084783
1354.9	0.72774062
1356.55	0.723192413
1358.2	0.718488143
1359.85	0.714191193
1361.5	0.708631307
1363.15	0.706184846
1364.8	0.702726767
1366.45	0.699967743
1368.1	0.696779787
1369.75	0.694554047
1371.4	0.692513688
1373.05	0.690970017
1374.7	0.688667225
1376.35	0.68679099
1378	0.685763227
1379.65	0.684796917
1381.3	0.685209398
1382.95	0.685731595
1384.6	0.687142207
1386.25	0.688201643
1387.9	0.691127222
1389.55	0.693726968
1391.2	0.69543464
1392.85	0.698830152
1394.5	0.702588483
1396.15	0.706286723
1397.8	0.709768135
1399.45	0.713717566
1401.1	0.719678908
1402.75	0.724863945
1404.4	0.728997474
1406.05	0.734387137
1407.7	0.737824896
1409.35	0.743246049
1411	0.747041702
1412.65	0.750756098
1414.3	0.756809835
1415.95	0.760456487
1417.6	0.765946019
1419.25	0.770306206
1420.9	0.775954276
1422.55	0.778783118
1424.2	0.784798979
1425.85	0.788481771
1427.5	0.791759263
1429.15	0.794956738
1430.8	0.796718165
1432.45	0.799693991
1434.1	0.801508105
1435.75	0.802851634
1437.4	0.803386573
1439.05	0.804187866
1440.7	0.803231761
1442.35	0.8036844
1444	0.801913124
1445.65	0.800450544
1447.3	0.799903233
1448.95	0.796839617
1450.6	0.794174126
1452.25	0.791639279
1453.9	0.788354403
1455.55	0.784859691
1457.2	0.781061843
1458.85	0.776993808
1460.5	0.773123283
1462.15	0.768929205
1463.8	0.764831424
1465.45	0.759919406
1467.1	0.755014293
1468.75	0.74934919
1470.4	0.744603923
1472.05	0.740366495
1473.7	0.735648654
1475.35	0.731659492
1477	0.727131298
1478.65	0.72283127
1480.3	0.718351916
1481.95	0.714925903
1483.6	0.710693707
1485.25	0.706559519
1486.9	0.703035225
1488.55	0.700658918
1490.2	0.697528346
1491.85	0.694521631
1493.5	0.692212145
1495.15	0.68940723
1496.8	0.687218752
1498.45	0.685222034
1500.1	0.68357446
1501.75	0.682116603
1503.4	0.682552773
1505.05	0.681479294
1506.7	0.68068193
1508.35	0.680177385
1510	0.679811584
1511.65	0.680152337
1513.3	0.68044154
1514.95	0.682896448
1516.6	0.68399114
1518.25	0.684484934
1519.9	0.685948412
1521.55	0.687555895
1523.2	0.689528177
1524.85	0.691751238
1526.5	0.694264382
1528.15	0.697046829
1529.8	0.700113762
1531.45	0.703119203
1533.1	0.706174436
1534.75	0.709529137
1536.4	0.712550586
1538.05	0.717030997
1539.7	0.720125838
1541.35	0.723896362
1543	0.727757629
1544.65	0.731328576
1546.3	0.73509177
1547.95	0.738210487
1549.6	0.743472984
1551.25	0.746970133
1552.9	0.750739229
1554.55	0.75399473
1556.2	0.75735774
1557.85	0.761283863
1559.5	0.764797393
1561.15	0.767617676
1562.8	0.770979227
1564.45	0.773261451
1566.1	0.775741291
1567.75	0.778753669
1569.4	0.780363382
1571.05	0.782348835
1572.7	0.78413622
1574.35	0.785307148
1576	0.786564252
1577.65	0.787305614
1579.3	0.787614066
1580.95	0.787426423
1582.6	0.787860252
1584.25	0.787679519
1585.9	0.787006446
1587.55	0.786037713
1589.2	0.784574961
1590.85	0.782948421
1592.5	0.781193957
1594.15	0.77941036
1595.8	0.777347352
1597.45	0.77464784
1599.1	0.7719421
1600.75	0.76917211
1602.4	0.766101577
1604.05	0.762792556
1605.7	0.759796022
1607.35	0.756769859
1609	0.753121554
1610.65	0.749616794
1612.3	0.74571265
1613.95	0.741615688
1615.6	0.737421423
1617.25	0.73490138
1618.9	0.730874784
1620.55	0.727234808
1622.2	0.723731881
1623.85	0.71950812
1625.5	0.715745933
1627.15	0.713111625
1628.8	0.709801193
1630.45	0.70597123
1632.1	0.702332501
1633.75	0.699125561
1635.4	0.696221798
1637.05	0.694222859
1638.7	0.691116829
1640.35	0.688252779
1642	0.685643887
1643.65	0.683505904
1645.3	0.681264224
1646.95	0.679220261
1648.6	0.67775747
1650.25	0.675620804
1651.9	0.674373709
1653.55	0.672865444
1655.2	0.672083325
1656.85	0.67138654
1658.5	0.670218857
1660.15	0.669820948
1661.8	0.66932797
1663.45	0.66886326
1665.1	0.669122907
1666.75	0.669151788
1668.4	0.669324049
1670.05	0.669836926
1671.7	0.670526551
1673.35	0.671701339
1675	0.672015524
1676.65	0.673544193
1678.3	0.674962452
1679.95	0.676289728
1681.6	0.678009798
1683.25	0.680260841
1684.9	0.681753839
1686.55	0.683548578
1688.2	0.686020542
1689.85	0.688424827
1691.5	0.691538499
1693.15	0.693261663
1694.8	0.6960037
1696.45	0.698588015
1698.1	0.702051008
1699.75	0.705400582
1701.4	0.707134122
1703.05	0.710203651
1704.7	0.713502191
1706.35	0.717293888
1708	0.720952658
1709.65	0.724290075
1711.3	0.726659236
1712.95	0.730230392
1714.6	0.734251109
1716.25	0.737833616
1717.9	0.741020093
1719.55	0.74427462
1721.2	0.747620525
1722.85	0.750022921
1724.5	0.753504563
1726.15	0.756722975
1727.8	0.759932643
1729.45	0.76295512
1731.1	0.765760749
1732.75	0.768206974
1734.4	0.770929676
1736.05	0.773636363
1737.7	0.775935711
1739.35	0.777770862
1741	0.779807134
1742.65	0.781377619
1744.3	0.783309453
1745.95	0.784645703
1747.6	0.786283646
1749.25	0.786940652
1750.9	0.787937883
1752.55	0.78860586
1754.2	0.789159259
1755.85	0.789723352
1757.5	0.790051443
1759.15	0.790119538
1760.8	0.790920813
1762.45	0.789393769
1764.1	0.789006362
1765.75	0.78810855
1767.4	0.787373056
1769.05	0.787039787
1770.7	0.785708174
1772.35	0.783513348
1774	0.781891631
1775.65	0.780907947
1777.3	0.77901104
1778.95	0.776803266
1780.6	0.774199043
1782.25	0.772016858
1783.9	0.770528823
1785.55	0.76817629
1787.2	0.765554748
1788.85	0.763053286
1790.5	0.760676429
1792.15	0.757447335
1793.8	0.754502223
1795.45	0.752207484
1797.1	0.749402958
1798.75	0.746498401
1800.4	0.743544908
1802.05	0.741339448
1803.7	0.738187355
1805.35	0.735857842
1807	0.732913634
1808.65	0.729795626
1810.3	0.726917831
1811.95	0.724307374
1813.6	0.722755531
1815.25	0.720074657
1816.9	0.716316336
1818.55	0.714412661
1820.2	0.711424156
1821.85	0.710616569
1823.5	0.708042186
1825.15	0.705753947
1826.8	0.704259342
1828.45	0.701745052
1830.1	0.700578255
1831.75	0.699023758
1833.4	0.69695627
1835.05	0.691930938
1836.7	0.691355238
1838.35	0.690536323
1840	0.688069449
1841.65	0.688190638
1843.3	0.68935607
1844.95	0.687931711
1846.6	0.684218224
1848.25	0.686936516
1849.9	0.687088641
1851.55	0.686298166
1853.2	0.684668398
1854.85	0.686776056
1856.5	0.684746963
1858.15	0.683833998
1859.8	0.684556119
1861.45	0.687148592
1863.1	0.686625648
1864.75	0.687157407
1866.4	0.685390365
1868.05	0.68501166
1869.7	0.685818917
1871.35	0.687852829
1873	0.687988737
1874.65	0.691243452
1876.3	0.692968891
1877.95	0.696666285
1879.6	0.697858288
1881.25	0.699417856
1882.9	0.700763977
1884.55	0.701793092
1886.2	0.70492644
1887.85	0.706529848
1889.5	0.707758507
1891.15	0.711087498
1892.8	0.712452675
1894.45	0.715867648
1896.1	0.717669794
1897.75	0.717070733
1899.4	0.719695129
1901.05	0.725255822
1902.7	0.725809044
1904.35	0.727082269
1906	0.730571755
1907.65	0.736652097
1909.3	0.737963265
1910.95	0.740128656
1912.6	0.741946308
1914.25	0.748180967
1915.9	0.750300916
1917.55	0.752617344
1919.2	0.753051906
1920.85	0.759605829
1922.5	0.761943011
1924.15	0.76423512
1925.8	0.767265212
1927.45	0.770609975
1929.1	0.773141785
1930.75	0.776107114
1932.4	0.779099681
1934.05	0.781694529
1935.7	0.784564381
1937.35	0.787908098
1939	0.790692233
1940.65	0.792311994
1942.3	0.795227699
1943.95	0.796798707
1945.6	0.799385307
1947.25	0.801141548
1948.9	0.803524732
1950.55	0.805037491
1952.2	0.806924195
1953.85	0.808417758
1955.5	0.810222926
1957.15	0.811491128
1958.8	0.812947627
1960.45	0.81414168
1962.1	0.815222404
1963.75	0.816534941
1965.4	0.817250767
1967.05	0.817985833
1968.7	0.818156958
1970.35	0.818832204
1972	0.818988884
1973.65	0.81896153
1975.3	0.819161984
1976.95	0.818834455
1978.6	0.818508154
1980.25	0.818421991
1981.9	0.817834021
1983.55	0.817481674
1985.2	0.816188812
1986.85	0.815347592
1988.5	0.814372475
1990.15	0.813636917
1991.8	0.811820032
1993.45	0.810544583
1995.1	0.809056475
1996.75	0.80793294
1998.4	0.80530272
2000.05	0.803924784
2001.7	0.802442709
2003.35	0.800612614
2005	0.79796811
2006.65	0.796208543
2008.3	0.794641854
2009.95	0.792294188
2011.6	0.789822548
2013.25	0.787440828
2014.9	0.785024012
2016.55	0.782889
2018.2	0.780450397
2019.85	0.778047476
2021.5	0.775277429
2023.15	0.773242277
2024.8	0.770529333
2026.45	0.768019792
2028.1	0.765185487
2029.75	0.76237583
2031.4	0.760010046
2033.05	0.757279282
2034.7	0.755107579
2036.35	0.752249994
2038	0.749734346
2039.65	0.747423083
2041.3	0.74468512
2042.95	0.742602168
2044.6	0.740228619
2046.25	0.737554154
2047.9	0.735766862
2049.55	0.73297681
2051.2	0.730636399
2052.85	0.728725975
2054.5	0.726301421
2056.15	0.724535732
2057.8	0.722485939
2059.45	0.720506503
2061.1	0.718355504
2062.75	0.716424111
2064.4	0.714971437
2066.05	0.712944705
2067.7	0.711399019
2069.35	0.709446973
2071	0.707561485
2072.65	0.706665833
2074.3	0.705459634
2075.95	0.704117295
2077.6	0.702095516
2079.25	0.701111847
2080.9	0.700529615
2082.55	0.699576621
2084.2	0.698180544
2085.85	0.696956129
2087.5	0.696810938
2089.15	0.695623539
2090.8	0.694905678
2092.45	0.693700879
2094.1	0.694032994
2095.75	0.693354665
2097.4	0.69232753
2099.05	0.692733839
2100.7	0.692514469
2102.35	0.691841318
2104	0.69243178
2105.65	0.692131831
2107.3	0.691718676
2108.95	0.692601004
2110.6	0.692261939
2112.25	0.692956194
2113.9	0.692631926
2115.55	0.693601688
2117.2	0.693961219
2118.85	0.694003154
2120.5	0.695287891
2122.15	0.695429454
2123.8	0.696648675
2125.45	0.696733321
2127.1	0.698022191
2128.75	0.699324212
2130.4	0.699613638
2132.05	0.70106704
2133.7	0.702256415
2135.35	0.703652349
2137	0.703790129
2138.65	0.704730605
2140.3	0.706411829
2141.95	0.709150835
2143.6	0.710102512
2145.25	0.711540342
2146.9	0.712296393
2148.55	0.714776496
2150.2	0.715733437
2151.85	0.717264328
2153.5	0.71920014
2155.15	0.720869581
2156.8	0.722579206
2158.45	0.724327343
2160.1	0.72609383
2161.75	0.727937242
2163.4	0.729250844
2165.05	0.731586159
2166.7	0.732894301
2168.35	0.735288132
2170	0.736907637
2171.65	0.738531449
2173.3	0.740594835
2174.95	0.742831977
2176.6	0.744513379
2178.25	0.746422181
2179.9	0.748539237
2181.55	0.749310858
2183.2	0.751739294
2184.85	0.753328264
2186.5	0.75504615
2188.15	0.757350336
2189.8	0.758387577
2191.45	0.760846497
2193.1	0.763046523
2194.75	0.768677349
2196.4	0.771978884
2198.05	0.777218825
2199.7	0.779590018
2201.35	0.764175849
2203	0.764926751
2204.65	0.764970508
2206.3	0.767420973
2207.95	0.769676342
2209.6	0.772694777
2211.25	0.773931327
2212.9	0.775540164
2214.55	0.77771838
2216.2	0.778128837
2217.85	0.782462514
2219.5	0.795552097
2221.15	0.791862376
2222.8	0.791916186
2224.45	0.792376626
2226.1	0.7932817
2227.75	0.794786632
2229.4	0.795500215
2231.05	0.793671066
2232.7	0.797199229
2234.35	0.797251712
2236	0.796584959
2237.65	0.798385011
2239.3	0.797296753
2240.95	0.798719466
2242.6	0.797688864
2244.25	0.797567005
2245.9	0.798492421
2247.55	0.797047821
2249.2	0.79689916
2250.85	0.796655318
2252.5	0.795574879
2254.15	0.795352761
2255.8	0.792361461
2257.45	0.791788332
2259.1	0.792483446
2260.75	0.791128476
2262.4	0.789995712
2264.05	0.788722685
2265.7	0.787325826
2267.35	0.786444397
2269	0.785698433
2270.65	0.784005925
2272.3	0.78246463
2273.95	0.781211588
2275.6	0.779893609
2277.25	0.777310801
2278.9	0.776387835
2280.55	0.774375333
2282.2	0.772596101
2283.85	0.771039659
2285.5	0.769287184
2287.15	0.767566554
2288.8	0.766421712
2290.45	0.764694869
2292.1	0.763598064
2293.75	0.761402241
2295.4	0.759399656
2297.05	0.758077919
2298.7	0.755780504
2300.35	0.754199545
2302	0.752353839
2303.65	0.750151584
2305.3	0.748382263
2306.95	0.747136204
2308.6	0.743862144
2310.25	0.741396251
2311.9	0.740398316
2313.55	0.738156516
2315.2	0.73624979
2316.85	0.733918678
2318.5	0.73188051
2320.15	0.730142479
2321.8	0.728056324
2323.45	0.725934951
2325.1	0.724364527
2326.75	0.722329858
2328.4	0.72030832
2330.05	0.718520354
2331.7	0.715951838
2333.35	0.713983588
2335	0.712014527
2336.65	0.709905963
2338.3	0.70827189
2339.95	0.706005545
2341.6	0.703789149
2343.25	0.702194558
2344.9	0.700311554
2346.55	0.698144039
2348.2	0.695963826
2349.85	0.694299799
2351.5	0.69225368
2353.15	0.690654238
2354.8	0.688843707
2356.45	0.686986697
2358.1	0.684927479
2359.75	0.683345162
2361.4	0.681774398
2363.05	0.680055607
2364.7	0.678532535
2366.35	0.676804344
2368	0.67527612
2369.65	0.67333608
2371.3	0.672046757
2372.95	0.670561566
2374.6	0.669092338
2376.25	0.667493779
2377.9	0.666375832
2379.55	0.664739181
2381.2	0.663636708
2382.85	0.662369281
2384.5	0.660968238
2386.15	0.659834182
2387.8	0.658676067
2389.45	0.657426482
2391.1	0.656457183
2392.75	0.655127122
2394.4	0.65413428
2396.05	0.653083882
2397.7	0.652173863
2399.35	0.651262157
2401	0.650580522
2402.65	0.64947636
2404.3	0.648449595
2405.95	0.647754857
2407.6	0.646665289
2409.25	0.64592731
2410.9	0.645167662
2412.55	0.64433751
2414.2	0.643966733
2415.85	0.64361828
2417.5	0.642964082
2419.15	0.642286575
2420.8	0.641947681
2422.45	0.641163963
2424.1	0.641030085
2425.75	0.640775061
2427.4	0.640144478
2429.05	0.639779514
2430.7	0.640173535
2432.35	0.63943019
2434	0.639182896
2435.65	0.639592241
2437.3	0.639322383
2438.95	0.639642287
2440.6	0.639780847
2442.25	0.639515691
2443.9	0.639570714
2445.55	0.640029684
2447.2	0.640496612
2448.85	0.640674726
2450.5	0.641252461
2452.15	0.64141427
2453.8	0.641548097
2455.45	0.64246093
2457.1	0.642874795
2458.75	0.64406944
2460.4	0.643233639
2462.05	0.643848605
2463.7	0.645494187
2465.35	0.645791945
2467	0.645729567
2468.65	0.647781212
2470.3	0.648270433
2471.95	0.649091013
2473.6	0.649602467
2475.25	0.650092229
2476.9	0.649128083
2478.55	0.647424101
2480.2	0.645433324
2481.85	0.641931286
2483.5	0.640776323
2485.15	0.636922767
2486.8	0.634589749
2488.45	0.632522947
2490.1	0.62864086
2491.75	0.624739208
2493.4	0.622642167
2495.05	0.618760027
2496.7	0.614818815
2498.35	0.613384978
2500	0.6535
2500	0.6548
2510	0.6561
2510	0.6574
2510	0.6588
2510	0.6602
2520	0.6615
2520	0.6629
2520	0.6643
2520	0.6659
2530	0.6672
2530	0.6686
2530	0.6703
2530	0.6717
2540	0.6733
2540	0.6744
2540	0.6761
2540	0.678
2550	0.6787
2550	0.6803
2550	0.6818
2550	0.6835
2560	0.6842
2560	0.6856
2560	0.6878
2560	0.6891
2570	0.6894
2570	0.6909
2570	0.6928
2570	0.6937
2570	0.695
2580	0.6962
2580	0.6967
2580	0.6985
2580	0.6994
2590	0.7
2590	0.701
2590	0.7011
2590	0.7042
2600	0.7023
2600	0.7029
2600	0.7049
2600	0.7056
2610	0.7058
2610	0.7054
2610	0.7061
2610	0.7064
2620	0.7074
2620	0.7067
2620	0.7072
2620	0.706
2630	0.7072
2630	0.7064
2630	0.7071
2630	0.7057
2640	0.7057
2640	0.7053
2640	0.7052
2640	0.7047
2640	0.7043
2650	0.7035
2650	0.7027
2650	0.7029
2650	0.7019
2660	0.701
2660	0.7009
2660	0.6996
2660	0.6994
2670	0.6984
2670	0.6968
2670	0.6967
2670	0.6941
2680	0.695
2680	0.6931
2680	0.6909
2680	0.6905
2690	0.689
2690	0.687
2690	0.6851
2690	0.6845
2700	0.6824
2700	0.6801
2700	0.6795
2700	0.6777
2710	0.6759
2710	0.6744
2710	0.6737
2710	0.6709
2710	0.6691
2720	0.6679
2720	0.6672
2720	0.6641
2720	0.6631
2730	0.6608
2730	0.6594
2730	0.658
2730	0.6568
2740	0.6541
2740	0.6537
2740	0.6517
2740	0.6491
2750	0.6483
2750	0.6469
2750	0.6452
2750	0.6438
2760	0.6429
2760	0.6397
2760	0.639
2760	0.638
2770	0.6359
2770	0.6348
2770	0.6335
2770	0.6316
2780	0.6302
2780	0.6291
2780	0.6278
2780	0.6263
2790	0.6249
2790	0.6242
2790	0.6221
2790	0.6209
2790	0.62
2800	0.6187
2800	0.6175
2800	0.6172
2800	0.616
2810	0.6142
2810	0.6134
2810	0.6125
2810	0.6117
2820	0.6107
2820	0.6102
2820	0.6093
2820	0.6081
2830	0.6075
2830	0.6069
2830	0.6062
2830	0.6057
2840	0.6052
2840	0.6046
2840	0.604
2840	0.6035
2850	0.6031
2850	0.6029
2850	0.6025
2850	0.6022
2860	0.602
2860	0.6016
2860	0.6015
2860	0.6014
2860	0.6013
2870	0.6012
2870	0.6011
2870	0.6013
2870	0.6012
2880	0.6013
2880	0.6015
2880	0.6016
2880	0.6018
2890	0.6021
2890	0.6024
2890	0.6027
2890	0.6031
2900	0.6035
2900	0.604
2900	0.6045
2900	0.6049
2910	0.6054
2910	0.6059
2910	0.6065
2910	0.6072
2920	0.6079
2920	0.6087
2920	0.6095
2920	0.6104
2930	0.6112
2930	0.6119
2930	0.6128
2930	0.6137
2930	0.6146
2940	0.6156
2940	0.6165
2940	0.6177
2940	0.6189
2950	0.6199
2950	0.6209
2950	0.6221
2950	0.6234
2960	0.6245
2960	0.6257
2960	0.6269
2960	0.6282
2970	0.6295
2970	0.6309
2970	0.6324
2970	0.6338
2980	0.6353
2980	0.6367
2980	0.6382
2980	0.6395
2990	0.6409
2990	0.6425
2990	0.644
2990	0.6455
3000	0.6471
3000	0.6488
3000	0.6504
3000	0.6519
3000	0.6535
3010	0.655
3010	0.6566
3010	0.6583
3010	0.6599
3020	0.6616
3020	0.6632
3020	0.6647
3020	0.6662
3030	0.6678
3030	0.6696
3030	0.6713
3030	0.6729
3040	0.6745
3040	0.6762
3040	0.6779
3040	0.6795
3050	0.6811
3050	0.6828
3050	0.6843
3050	0.6859
3060	0.6873
3060	0.6888
3060	0.6905
3060	0.6921
3070	0.6936
3070	0.6952
3070	0.6966
3070	0.6981
3070	0.6995
3080	0.7009
3080	0.7023
3080	0.7038
3080	0.7051
3090	0.7065
3090	0.7077
3090	0.7089
3090	0.7101
3100	0.7115
3100	0.7127
3100	0.7139
3100	0.715
3110	0.7161
3110	0.7172
3110	0.7182
3110	0.7192
3120	0.7202
3120	0.7211
3120	0.7219
3120	0.7228
3130	0.7237
3130	0.7245
3130	0.7252
3130	0.7259
3140	0.7265
3140	0.7272
3140	0.7277
3140	0.7283
3150	0.7289
3150	0.7294
3150	0.7297
3150	0.7301
3150	0.7305
3160	0.7308
3160	0.7311
3160	0.7313
3160	0.7314
3170	0.7315
3170	0.7315
3170	0.7315
3170	0.7316
3180	0.7317
3180	0.7317
3180	0.7316
3180	0.7313
3190	0.7311
3190	0.731
3190	0.7309
3190	0.7306
3200	0.7303
3200	0.73
3200	0.7296
3200	0.7291
3210	0.7284
3210	0.7279
3210	0.7275
3210	0.7271
3220	0.7265
3220	0.7259
3220	0.7253
3220	0.7247
3220	0.724
3230	0.7232
3230	0.7225
3230	0.7217
3230	0.7208
3240	0.7199
3240	0.719
3240	0.7181
3240	0.7172
3250	0.7163
3250	0.7153
3250	0.7145
3250	0.7136
3260	0.7126
3260	0.7116
3260	0.7106
3260	0.7096
3270	0.7086
3270	0.7075
3270	0.7064
3270	0.7053
3280	0.7041
3280	0.703
3280	0.7019
3280	0.7007
3290	0.6995
3290	0.6983
3290	0.6973
3290	0.6962
3290	0.695
3300	0.6939
3300	0.6928
3300	0.6916
3300	0.6904
3310	0.6892
3310	0.6881
3310	0.6868
3310	0.6856
3320	0.6843
3320	0.6832
3320	0.6821
3320	0.6811
3330	0.68
3330	0.6789
3330	0.6777
3330	0.6765
3340	0.6753
3340	0.6742
3340	0.673
3340	0.672
3350	0.6709
3350	0.6698
3350	0.6687
3350	0.6675
3360	0.6664
3360	0.6653
3360	0.6643
3360	0.6632
3360	0.6621
3370	0.661
3370	0.66
3370	0.6588
3370	0.6577
3380	0.6567
3380	0.6557
3380	0.6548
3380	0.6538
3390	0.6529
3390	0.6521
3390	0.6512
3390	0.6503
3400	0.6494
3400	0.6486
3400	0.6477
3400	0.6468
3410	0.6459
3410	0.6449
3410	0.6438
3410	0.6428
3420	0.6419
3420	0.6409
3420	0.64
3420	0.639
3430	0.6381
3430	0.6373
3430	0.6368
3430	0.6367
3440	0.6368
3440	0.6368
3440	0.6366
3440	0.6363
3440	0.6359
3450	0.6355
3450	0.6352
3450	0.6348
3450	0.6344
3460	0.6341
3460	0.6338
3460	0.6335
3460	0.6332
3470	0.6329
3470	0.6327
3470	0.6324
3470	0.6321
3480	0.6318
3480	0.6315
3480	0.6313
3480	0.6311
3490	0.631
3490	0.6309
3490	0.6307
3490	0.6305
3500	0.6302
3500	0.63
3500	0.6298
3500	0.6296
3510	0.6293
3510	0.629
3510	0.6288
3510	0.6291
3510	0.6297
3520	0.6302
3520	0.6306
3520	0.6308
3520	0.6311
3530	0.6314
3530	0.6317
3530	0.632
3530	0.6322
3540	0.6325
3540	0.6328
3540	0.6331
3540	0.6334
3550	0.6338
3550	0.6341
3550	0.6345
3550	0.6349
3560	0.6353
3560	0.6357
3560	0.6361
3560	0.6366
3570	0.6371
3570	0.6377
3570	0.6381
3570	0.6386
3580	0.6392
3580	0.6398
3580	0.6404
3580	0.641
3580	0.6416
3590	0.6423
3590	0.643
3590	0.6438
3590	0.6445
3600	0.6452
3600	0.6459
3600	0.6466
3600	0.6473
3610	0.6481
3610	0.649
3610	0.6498
3610	0.6507
3620	0.6515
3620	0.6524
3620	0.6533
3620	0.6542
3630	0.6551
3630	0.656
3630	0.657
3630	0.6579
3640	0.6589
3640	0.6598
3640	0.6608
3640	0.6619
3650	0.6629
3650	0.664
3650	0.6651
3650	0.6661
3650	0.6672
3660	0.6683
3660	0.6695
3660	0.6706
3660	0.6717
3670	0.6728
3670	0.674
3670	0.6752
3670	0.6764
3680	0.6776
3680	0.6788
3680	0.68
3680	0.6813
3690	0.6825
3690	0.6838
3690	0.6851
3690	0.6863
3700	0.6876
3700	0.6889
3700	0.6902
3700	0.6915
3710	0.6928
3710	0.6941
3710	0.6955
3710	0.6968
3720	0.6982
3720	0.6995
3720	0.7009
3720	0.7022
3720	0.7036
3730	0.7049
3730	0.7063
3730	0.7077
3730	0.7091
3740	0.7105
3740	0.7119
3740	0.7133
3740	0.7147
3750	0.7161
3750	0.7175
3750	0.719
3750	0.7204
3760	0.7218
3760	0.7232
3760	0.7246
3760	0.726
3770	0.7274
3770	0.7288
3770	0.7302
3770	0.7316
3780	0.733
3780	0.7344
3780	0.7358
3780	0.7372
3790	0.7385
3790	0.7399
3790	0.7413
3790	0.7427
3800	0.744
3800	0.7454
3800	0.7467
3800	0.7481
3800	0.7494
3810	0.7507
3810	0.7521
3810	0.7534
3810	0.7547
3820	0.756
3820	0.7573
3820	0.7585
3820	0.7598
3830	0.7611
3830	0.7623
3830	0.7636
3830	0.7648
3840	0.766
3840	0.7672
3840	0.7684
3840	0.7695
3850	0.7706
3850	0.7718
3850	0.7729
3850	0.774
3860	0.7751
3860	0.7762
3860	0.7773
3860	0.7783
3870	0.7793
3870	0.7803
3870	0.7813
3870	0.7823
3870	0.7832
3880	0.7842
3880	0.7851
3880	0.786
3880	0.7869
3890	0.7878
3890	0.7886
3890	0.7894
3890	0.7902
3900	0.791
3900	0.7918
3900	0.7925
3900	0.7932
3910	0.794
3910	0.7946
3910	0.7953
3910	0.7959
3920	0.7966
3920	0.7971
3920	0.7977
3920	0.7983
3930	0.7988
3930	0.7993
3930	0.7998
3930	0.8003
3940	0.8007
3940	0.8012
3940	0.8016
3940	0.8019
3940	0.8023
3950	0.8026
3950	0.8029
3950	0.8032
3950	0.8035
3960	0.8037
3960	0.8039
3960	0.8041
3960	0.8043
3970	0.8044
3970	0.8046
3970	0.8047
3970	0.8048
3980	0.8048
3980	0.8049
3980	0.8049
3980	0.8049
3990	0.8049
3990	0.8048
3990	0.8048
3990	0.8047
4000	0.8046
4000	0.8044
4000	0.8043
4000	0.8041
4010	0.804
4010	0.8038
4010	0.8035
4010	0.8033
4010	0.803
4020	0.8027
4020	0.8024
4020	0.8021
4020	0.8017
4030	0.8014
4030	0.801
4030	0.8006
4030	0.8002
4040	0.7997
4040	0.7993
4040	0.7988
4040	0.7983
4050	0.7979
4050	0.7973
4050	0.7968
4050	0.7963
4060	0.7957
4060	0.7951
4060	0.7945
4060	0.7939
4070	0.7933
4070	0.7927
4070	0.792
4070	0.7913
4080	0.7907
4080	0.79
4080	0.7893
4080	0.7885
4090	0.7878
4090	0.7871
4090	0.7863
4090	0.7856
4090	0.7848
4100	0.784
4100	0.7832
4100	0.7824
4100	0.7816
4110	0.7808
4110	0.7799
4110	0.7791
4110	0.7782
4120	0.7774
4120	0.7765
4120	0.7756
4120	0.7748
4130	0.7739
4130	0.773
4130	0.7721
4130	0.7712
4140	0.7703
4140	0.7694
4140	0.7684
4140	0.7675
4150	0.7666
4150	0.7656
4150	0.7647
4150	0.7638
4160	0.7628
4160	0.7619
4160	0.7609
4160	0.7599
4160	0.759
4170	0.758
4170	0.7571
4170	0.7561
4170	0.7551
4180	0.7541
4180	0.7532
4180	0.7522
4180	0.7513
4190	0.7504
4190	0.7495
4190	0.7487
4190	0.748
4200	0.7475
4200	0.747
4200	0.7466
4200	0.7464
4210	0.7461
4210	0.7458
4210	0.7454
4210	0.745
4220	0.7445
4220	0.744
4220	0.7435
4220	0.7428
4230	0.7422
4230	0.7415
4230	0.7408
4230	0.74
4230	0.7392
4240	0.7382
4240	0.7369
4240	0.7355
4240	0.734
4250	0.7326
4250	0.7315
4250	0.7308
4250	0.7302
4260	0.7295
4260	0.7283
4260	0.727
4260	0.7257
4270	0.7247
4270	0.7239
4270	0.7232
4270	0.7225
4280	0.7217
4280	0.7208
4280	0.7199
4280	0.719
4290	0.7181
4290	0.7172
4290	0.7163
4290	0.7154
4300	0.7144
4300	0.7135
4300	0.7126
4300	0.7118
4300	0.7108
4310	0.7098
4310	0.7087
4310	0.7076
4310	0.7066
4320	0.7056
4320	0.7047
4320	0.7037
4320	0.7027
4330	0.7018
4330	0.7008
4330	0.6998
4330	0.6988
4340	0.6979
4340	0.697
4340	0.6961
4340	0.6952
4350	0.6944
4350	0.6936
4350	0.6928
4350	0.6921
4360	0.6913
4360	0.6906
4360	0.6899
4360	0.6892
4370	0.6885
4370	0.6879
4370	0.6872
4370	0.6866
4370	0.686
4380	0.6854
4380	0.6848
4380	0.6842
4380	0.6837
4390	0.6831
4390	0.6826
4390	0.6821
4390	0.6815
4400	0.681
4400	0.6805
4400	0.68
4400	0.6795
4410	0.679
4410	0.6786
4410	0.6781
4410	0.6776
4420	0.6772
4420	0.6767
4420	0.6763
4420	0.6759
4430	0.6755
4430	0.675
4430	0.6746
4430	0.6742
4440	0.6739
4440	0.6735
4440	0.6731
4440	0.6727
4450	0.6724
4450	0.6721
4450	0.6717
4450	0.6714
4450	0.6711
4460	0.6708
4460	0.6705
4460	0.6702
4460	0.6699
4470	0.6697
4470	0.6694
4470	0.6692
4470	0.6689
4480	0.6687
4480	0.6685
4480	0.6682
4480	0.668
4490	0.6679
4490	0.6677
4490	0.6675
4490	0.6674
4500	0.6672
4500	0.6671
4500	0.6669
4500	0.6668
4510	0.6666
4510	0.6665
4510	0.6664
4510	0.6663
4520	0.6662
4520	0.6661
4520	0.666
4520	0.666
4520	0.6659
4530	0.6658
4530	0.6658
4530	0.6657
4530	0.6657
4540	0.6657
4540	0.6657
4540	0.6657
4540	0.6657
4550	0.6657
4550	0.6657
4550	0.6657
4550	0.6657
4560	0.6658
4560	0.6658
4560	0.6659
4560	0.6659
4570	0.666
4570	0.6661
4570	0.6662
4570	0.6662
4580	0.6663
4580	0.6664
4580	0.6666
4580	0.6667
4590	0.6668
4590	0.667
4590	0.6671
4590	0.6673
4590	0.6674
4600	0.6676
4600	0.6678
4600	0.6679
4600	0.6681
4610	0.6683
4610	0.6685
4610	0.6687
4610	0.6689
4620	0.6692
4620	0.6694
4620	0.6696
4620	0.6699
4630	0.6701
4630	0.6703
4630	0.6706
4630	0.6708
4640	0.6711
4640	0.6713
4640	0.6716
4640	0.6719
4650	0.6721
4650	0.6724
4650	0.6727
4650	0.673
4660	0.6733
4660	0.6736
4660	0.6739
4660	0.6742
4660	0.6746
4670	0.6749
4670	0.6752
4670	0.6755
4670	0.6758
4680	0.6762
4680	0.6765
4680	0.6769
4680	0.6772
4690	0.6775
4690	0.6779
4690	0.6782
4690	0.6786
4700	0.6789
4700	0.6793
4700	0.6796
4700	0.68
4710	0.6803
4710	0.6807
4710	0.6811
4710	0.6815
4720	0.6819
4720	0.6823
4720	0.6827
4720	0.6831
4730	0.6835
4730	0.6839
4730	0.6844
4730	0.6848
4740	0.6852
4740	0.6856
4740	0.686
4740	0.6865
4740	0.6869
4750	0.6873
4750	0.6878
4750	0.6883
4750	0.6887
4760	0.6892
4760	0.6896
4760	0.6901
4760	0.6906
4770	0.6911
4770	0.6916
4770	0.692
4770	0.6925
4780	0.693
4780	0.6935
4780	0.694
4780	0.6945
4790	0.695
4790	0.6955
4790	0.696
4790	0.6965
4800	0.697
4800	0.6975
4800	0.698
4800	0.6985
4810	0.699
4810	0.6995
4810	0.7
4810	0.7005
4810	0.701
4820	0.7015
4820	0.702
4820	0.7025
4820	0.7031
4830	0.7036
4830	0.7041
4830	0.7046
4830	0.7051
4840	0.7056
4840	0.7062
4840	0.7067
4840	0.7072
4850	0.7077
4850	0.7082
4850	0.7087
4850	0.7093
4860	0.7098
4860	0.7103
4860	0.7108
4860	0.7114
4870	0.7119
4870	0.7124
4870	0.7129
4870	0.7134
4880	0.714
4880	0.7145
4880	0.715
4880	0.7155
4880	0.7161
4890	0.7166
4890	0.7171
4890	0.7176
4890	0.7182
4900	0.7187
4900	0.7192
4900	0.7198
4900	0.7202
4910	0.7208
4910	0.7213
4910	0.7218
4910	0.7223
4920	0.7228
4920	0.7233
4920	0.7238
4920	0.7243
4930	0.7248
4930	0.7253
4930	0.7258
4930	0.7263
4940	0.7268
4940	0.7273
4940	0.7278
4940	0.7283
4950	0.7287
4950	0.7292
4950	0.7297
4950	0.7302
4950	0.7307
4960	0.7311
4960	0.7315
4960	0.7319
4960	0.7323
4970	0.7328
4970	0.7332
4970	0.7337
4970	0.7341
4980	0.7345
4980	0.7349
4980	0.7353
4980	0.7357
4990	0.7361
4990	0.7364
4990	0.7368
4990	0.7371
5000	0.7375
5000	0.7378
5000	0.7382
5000	0.7385
5010	0.7388
5010	0.7391
5010	0.7394
5010	0.7397
5020	0.7401
5020	0.7404
5020	0.7408
5020	0.741
5020	0.7412
5030	0.7414
5030	0.7416
5030	0.7418
5030	0.7421
5040	0.7423
5040	0.7425
5040	0.7427
5040	0.7429
5050	0.7431
5050	0.7432
5050	0.7434
5050	0.7436
5060	0.7437
5060	0.7439
5060	0.744
5060	0.7442
5070	0.7443
5070	0.7444
5070	0.7445
5070	0.7446
5080	0.7448
5080	0.7449
5080	0.745
5080	0.7452
5090	0.7452
5090	0.7452
5090	0.7452
5090	0.7452
5100	0.7452
5100	0.7453
5100	0.7453
5100	0.7453
5100	0.7454
5110	0.7454
5110	0.7454
5110	0.7454
5110	0.7453
5120	0.7453
5120	0.7452
5120	0.7452
5120	0.7451
5130	0.745
5130	0.7449
5130	0.7448
5130	0.7447
5140	0.7446
5140	0.7445
5140	0.7445
5140	0.7444
5150	0.7443
5150	0.7442
5150	0.744
5150	0.7436
5160	0.7433
5160	0.7431
5160	0.7429
5160	0.7427
5170	0.7425
5170	0.7423
5170	0.7421
5170	0.7418
5170	0.7415
5180	0.7412
5180	0.7409
5180	0.7406
5180	0.7403
5190	0.74
5190	0.7396
5190	0.7393
5190	0.7391
5200	0.7388
5200	0.7384
5200	0.738
5200	0.7376
5210	0.7372
5210	0.7369
5210	0.7366
5210	0.7362
5220	0.7358
5220	0.7352
5220	0.7345
5220	0.734
5230	0.7336
5230	0.7332
5230	0.7329
5230	0.7325
5240	0.732
5240	0.7315
5240	0.7309
5240	0.7303
5240	0.7297
5250	0.7291
5250	0.7286
5250	0.728
5250	0.7274
5260	0.7268
5260	0.7262
5260	0.7255
5260	0.7249
5270	0.7243
5270	0.7236
5270	0.723
5270	0.7224
5280	0.7216
5280	0.7209
5280	0.7201
5280	0.7194
5290	0.7187
5290	0.7181
5290	0.7174
5290	0.7166
5300	0.7158
5300	0.7149
5300	0.714
5300	0.7132
5310	0.7125
5310	0.7117
5310	0.7109
5310	0.7101
5310	0.7092
5320	0.7084
5320	0.7075
5320	0.7067
5320	0.7058
5330	0.7049
5330	0.704
5330	0.703
5330	0.7021
5340	0.7011
5340	0.7001
5340	0.6993
5340	0.6985
5350	0.6978
5350	0.697
5350	0.696
5350	0.6948
5360	0.6936
5360	0.6924
5360	0.6913
5360	0.6903
5370	0.6893
5370	0.6884
5370	0.6875
5370	0.6865
5380	0.6855
5380	0.6845
5380	0.6834
5380	0.6823
5390	0.6812
5390	0.6802
5390	0.6791
5390	0.678
5390	0.6769
5400	0.6758
5400	0.6747
5400	0.6736
5400	0.6725
5410	0.6714
5410	0.6702
5410	0.6691
5410	0.6681
5420	0.6672
5420	0.6662
5420	0.6652
5420	0.664
5430	0.6625
5430	0.6611
5430	0.6598
5430	0.6586
5440	0.6575
5440	0.6565
5440	0.6555
5440	0.6544
5450	0.6533
5450	0.652
5450	0.6507
5450	0.6495
5460	0.6483
5460	0.6472
5460	0.6461
5460	0.645
5460	0.6437
5470	0.6423
5470	0.641
5470	0.6397
5470	0.6385
5480	0.6373
5480	0.6361
5480	0.6349
5480	0.6336
5490	0.6323
5490	0.631
5490	0.6298
5490	0.6286
5500	0.6275
5500	0.6263
5500	0.6251
5500	0.6239
5510	0.6226
5510	0.6212
5510	0.62
5510	0.6187
5520	0.6175
5520	0.6163
5520	0.6151
5520	0.6139
5530	0.6126
5530	0.6113
5530	0.61
5530	0.6087
5530	0.6075
5540	0.6062
5540	0.6051
5540	0.604
5540	0.6029
5550	0.6018
5550	0.6007
5550	0.5994
5550	0.5981
5560	0.5967
5560	0.5953
5560	0.5938
5560	0.5924
5570	0.5912
5570	0.59
5570	0.5889
5570	0.5879
5580	0.5868
5580	0.5856
5580	0.5843
5580	0.5828
5590	0.5813
5590	0.5799
5590	0.5786
5590	0.5774
5600	0.5763
5600	0.5753
5600	0.5742
5600	0.5731
5600	0.5718
5610	0.5706
5610	0.5692
5610	0.5679
5610	0.5666
5620	0.5653
5620	0.564
5620	0.5627
5620	0.5613
5630	0.56
5630	0.5588
5630	0.5576
5630	0.5565
5640	0.5554
5640	0.5542
5640	0.553
5640	0.5516
5650	0.5501
5650	0.5487
5650	0.5474
5650	0.5461
5660	0.5448
5660	0.5436
5660	0.5423
5660	0.5411
5670	0.5399
5670	0.5387
5670	0.5376
5670	0.5365
5670	0.5352
5680	0.5339
5680	0.5326
5680	0.5312
5680	0.5298
5690	0.5286
5690	0.5273
5690	0.5261
5690	0.5247
5700	0.5234
5700	0.5221
5700	0.5209
5700	0.5197
5710	0.5186
5710	0.5175
5710	0.5163
5710	0.5149
5720	0.5135
5720	0.5121
5720	0.5106
5720	0.5093
5730	0.508
5730	0.5067
5730	0.5055
5730	0.5043
5740	0.5031
5740	0.502
5740	0.5008
5740	0.4995
5750	0.4981
5750	0.4968
5750	0.4953
5750	0.4939
5750	0.4925
5760	0.4914
5760	0.4904
5760	0.4894
5760	0.4883
5770	0.4871
5770	0.4857
5770	0.4841
5770	0.4826
5780	0.4812
5780	0.4799
5780	0.4787
5780	0.4776
5790	0.4766
5790	0.4755
5790	0.4744
5790	0.4732
5800	0.4721
5800	0.4708
5800	0.4696
5800	0.4682
5810	0.4669
5810	0.4657
5810	0.4645
5810	0.4633
5820	0.4623
5820	0.4612
5820	0.46
5820	0.4586
5820	0.4572
5830	0.4557
5830	0.4542
5830	0.4527
5830	0.4514
5840	0.4502
5840	0.449
5840	0.4479
5840	0.4468
5850	0.4457
5850	0.4446
5850	0.4435
5850	0.4423
5860	0.4411
5860	0.4399
5860	0.4385
5860	0.4371
5870	0.4357
5870	0.4343
5870	0.4329
5870	0.4317
5880	0.4305
5880	0.4293
5880	0.4279
5880	0.4263
5890	0.4248
5890	0.4233
5890	0.4218
5890	0.4204
5890	0.4192
5900	0.418
5900	0.4168
5900	0.4154
5900	0.414
5910	0.4128
5910	0.4116
5910	0.4105
5910	0.4093
5920	0.4082
5920	0.4069
5920	0.4057
5920	0.4044
5930	0.4031
5930	0.4019
5930	0.4006
5930	0.3992
5940	0.3976
5940	0.396
5940	0.3942
5940	0.3924
5950	0.3906
5950	0.3891
5950	0.3877
5950	0.3864
5960	0.3852
5960	0.384
5960	0.3827
5960	0.3814
5960	0.38
5970	0.3784
5970	0.3767
5970	0.3749
5970	0.3732
5980	0.3714
5980	0.3697
5980	0.3681
5980	0.3665
5990	0.3648
5990	0.363
5990	0.3611
5990	0.3591
6000	0.3572
6000	0.3552
6000	0.3533
6000	0.3516
6010	0.3498
6010	0.348
6010	0.3461
6010	0.3441
6020	0.3419
6020	0.3397
6020	0.3373
6020	0.3351
6030	0.3329
6030	0.3308
6030	0.3287
6030	0.3268
6040	0.3249
6040	0.323
6040	0.321
6040	0.3189
6040	0.3165
6050	0.3137
6050	0.3109
6050	0.308
6050	0.3051
6060	0.3024
6060	0.3002
6060	0.2984
6060	0.2966
6070	0.2949
6070	0.2933
6070	0.2914
6070	0.2893
6080	0.2871
6080	0.2849
6080	0.2827
6080	0.2806
6090	0.2786
6090	0.2768
6090	0.275
6090	0.2733
6100	0.2716
6100	0.2699
6100	0.2681
6100	0.2663
6110	0.2645
6110	0.2625
6110	0.2605
6110	0.2583
6110	0.2562
6120	0.254
6120	0.2518
6120	0.2498
6120	0.248
6130	0.2463
6130	0.2447
6130	0.2432
6130	0.2418
6140	0.2403
6140	0.2386
6140	0.237
6140	0.2353
6150	0.2336
6150	0.2318
6150	0.2301
6150	0.2284
6160	0.2267
6160	0.225
6160	0.2232
6160	0.2215
6170	0.2198
6170	0.2182
6170	0.2166
6170	0.2151
6180	0.2136
6180	0.2122
6180	0.2107
6180	0.209
6180	0.2074
6190	0.2057
6190	0.204
6190	0.2023
6190	0.2006
6200	0.1991
6200	0.1977
6200	0.1963
6200	0.1949
6210	0.1936
6210	0.1922
6210	0.1908
6210	0.1893
6220	0.1878
6220	0.1863
6220	0.1847
6220	0.1832
6230	0.1817
6230	0.1802
6230	0.1787
6230	0.1772
6240	0.1757
6240	0.1742
6240	0.1727
6240	0.1711
6250	0.1696
6250	0.1681
6250	0.1666
6250	0.1651
6250	0.1637
6260	0.1622
6260	0.1607
6260	0.1592
6260	0.1578
6270	0.1563
6270	0.1548
6270	0.1533
6270	0.1519
6280	0.1504
6280	0.1489
6280	0.1475
6280	0.146
6290	0.1446
6290	0.1432
6290	0.1417
6290	0.1403
6300	0.1389
6300	0.1375
6300	0.136
6300	0.1346
6310	0.1332
6310	0.1318
6310	0.1304
6310	0.129
6320	0.1277
6320	0.1263
6320	0.1249
6320	0.1236
6320	0.1223
6330	0.121
6330	0.1197
6330	0.1184
6330	0.117
6340	0.1157
6340	0.1143
6340	0.1128
6340	0.1114
6350	0.1099
6350	0.1085
6350	0.1072
6350	0.1059
6360	0.1047
6360	0.1036
6360	0.1025
6360	0.1014
6370	0.1002
6370	0.0991
6370	0.098
6370	0.0968
6380	0.0956
6380	0.0945
6380	0.0935
6380	0.0925
6390	0.0916
6390	0.0908
6390	0.09
6390	0.0892
6400	0.0884
6400	0.0877
6400	0.087
6400	0.0863
6400	0.0856
6410	0.085
6410	0.0843
6410	0.0837
6410	0.083
6420	0.0825
6420	0.0821
6420	0.0817
6420	0.0814
6430	0.0812
6430	0.0811
6430	0.081
6430	0.0809
6440	0.0809
6440	0.0808
6440	0.0807
6440	0.0806
6450	0.0804
6450	0.0802
6450	0.0801
6450	0.0799
6460	0.0796
6460	0.0794
6460	0.0792
6460	0.0789
6470	0.0786
6470	0.0783
6470	0.0779
6470	0.0776
6470	0.0771
6480	0.0767
6480	0.0762
6480	0.0758
6480	0.0753
6490	0.0747
6490	0.0742
6490	0.0737
6490	0.0732
6500	0.0727
6500	0.0723
6500	0.0718
6500	0.0714
6510	0.071
6510	0.0706
6510	0.0702
6510	0.0698
6520	0.0693
6520	0.0688
6520	0.0682
6520	0.0676
6530	0.067
6530	0.0663
6530	0.0656
6530	0.065
6540	0.0644
6540	0.0637
6540	0.063
6540	0.0624
6540	0.0617
6550	0.0609
6550	0.0602
6550	0.0594
6550	0.0585
6560	0.0577
6560	0.0568
6560	0.056
6560	0.0551
6570	0.0542
6570	0.0532
6570	0.0523
6570	0.0513
6580	0.0503
6580	0.0494
6580	0.0485
6580	0.0476
6590	0.0467
6590	0.0459
6590	0.045
6590	0.0442
6600	0.0434
6600	0.0426
6600	0.0418
6600	0.0411
6610	0.0403
6610	0.0396
6610	0.0389
6610	0.0382
6610	0.0375
6620	0.0369
6620	0.0362
6620	0.0355
6620	0.0348
6630	0.0341
6630	0.0333
6630	0.0326
6630	0.0319
6640	0.0312
6640	0.0306
6640	0.03
6640	0.0295
6650	0.029
6650	0.0286
6650	0.0283
6650	0.0279
6660	0.0276
6660	0.0272
6660	0.0269
6660	0.0265
6670	0.0261
6670	0.0256
6670	0.0252
6670	0.0247
6680	0.0242
6680	0.0238
6680	0.0233
6680	0.0229
6690	0.0226
6690	0.0222
6690	0.0219
6690	0.0216
6690	0.0213
6700	0.021
6700	0.0208
6700	0.0205
6700	0.0202
6710	0.02
6710	0.0198
6710	0.0196
6710	0.0194
6720	0.0192
6720	0.019
6720	0.0189
6720	0.0188
6730	0.0187
6730	0.0187
6730	0.0186
6730	0.0185
6740	0.0185
6740	0.0184
6740	0.0184
6740	0.0183
6750	0.0182
6750	0.0181
6750	0.018
6750	0.0179
6760	0.0177
6760	0.0176
6760	0.0174
6760	0.0172
6760	0.0171
6770	0.0169
6770	0.0166
6770	0.0164
6770	0.0161
6780	0.0159
6780	0.0156
6780	0.0153
6780	0.015
6790	0.0147
6790	0.0145
6790	0.0142
6790	0.0139
6800	0.0137
6800	0.0135
6800	0.0132
6800	0.013
6810	0.0128
6810	0.0126
6810	0.0123
6810	0.0121
6820	0.0118
6820	0.0115
6820	0.0112
6820	0.011
6830	0.0107
6830	0.0104
6830	0.0101
6830	0.0098
6830	0.0095
6840	0.0092
6840	0.0089
6840	0.0086
6840	0.0083
6850	0.008
6850	0.0077
6850	0.0073
6850	0.0069
6860	0.0065
6860	0.0062
6860	0.0058
6860	0.0055
6870	0.0051
6870	0.0049
6870	0.0046
6870	0.0044
6880	0.0042
6880	0.004
6880	0.0038
6880	0.0036
6890	0.0034
6890	0.0032
6890	0.003
6890	0.0028
6900	0.0026
6900	0.0023
6900	0.0021
6900	0.0019
6900	0.0017
6910	0.0016
6910	0.0014
6910	0.0012
6910	0.0011
6920	0.0009
6920	0.0008
6920	0.0007
6920	0.0005
6930	0.0004
6930	0.0003
6930	0.0002
6930	0.0001
6940	0.0001
6940	0
6940	0
6940	0
6950	0
6950	0
6950	0
6950	0
6960	0
6960	0
6960	0
6960	0
6970	0
6970	0
6970	0
6970	0
6970	0
6980	0
6980	0
6980	0
6980	0
6990	0
6990	0
6990	0
6990	0
7000	0
7000	0
7000	0.0001
7000	0.0001
7010	0.0002
7010	0.0003
7010	0.0004
7010	0.0005
7020	0.0006
7020	0.0007
7020	0.0008
7020	0.0008
7030	0.0009
7030	0.0009
7030	0.001
7030	0.001
7040	0.0011
7040	0.0011
7040	0.0011
7040	0.0012
7050	0.0012
7050	0.0012
7050	0.0012
7050	0.0011
7050	0.0011
7060	0.0011
7060	0.0011
7060	0.001
7060	0.001
7070	0.001
7070	0.0009
7070	0.0009
7070	0.0009
7080	0.0009
7080	0.0009
7080	0.0009
7080	0.0009
7090	0.0009
7090	0.001
7090	0.001
7090	0.001
7100	0.001
7100	0.0011
7100	0.0011
7100	0.0011
7110	0.0012
7110	0.0012
7110	0.0012
7110	0.0013
7120	0.0013
7120	0.0013
7120	0.0013
7120	0.0014
7120	0.0014
7130	0.0014
7130	0.0014
7130	0.0014
7130	0.0015
7140	0.0015
7140	0.0015
7140	0.0015
7140	0.0016
7150	0.0016
7150	0.0016
7150	0.0017
7150	0.0017
7160	0.0017
7160	0.0017
7160	0.0017
7160	0.0017
7170	0.0017
7170	0.0017
7170	0.0017
7170	0.0017
7180	0.0017
7180	0.0017
7180	0.0017
7180	0.0017
7190	0.0017
7190	0.0017
7190	0.0017
7190	0.0017
7190	0.0017
7200	0.0017
7200	0.0017
7200	0.0018
7200	0.0018
7210	0.0018
7210	0.0018
7210	0.0018
7210	0.0018
7220	0.0018
7220	0.0018
7220	0.0018
7220	0.0018
7230	0.0018
7230	0.0018
7230	0.0018
7230	0.0018
7240	0.0018
7240	0.0018
7240	0.0018
7240	0.0018
7250	0.0018
7250	0.0018
7250	0.0018
7250	0.0018
7260	0.0018
7260	0.0018
7260	0.0018
7260	0.0019
7260	0.0019
7270	0.0019
7270	0.0019
7270	0.0019
7270	0.0019
7280	0.0019
7280	0.0019
7280	0.0019
7280	0.0019
7290	0.0019
7290	0.0019
7290	0.0019
7290	0.0019
7300	0.0019
7300	0.0019
7300	0.0018
7300	0.0018
7310	0.0018
7310	0.0018
7310	0.0018
7310	0.0018
7320	0.0019
7320	0.0019
7320	0.0019
7320	0.0019
7330	0.0019
7330	0.0019
7330	0.0019
7330	0.0019
7340	0.0019
7340	0.0019
7340	0.0019
7340	0.0019
7340	0.0019
7350	0.0019
7350	0.0019
7350	0.0019
7350	0.0019
7360	0.0019
7360	0.0019
7360	0.0018
7360	0.0018
7370	0.0018
7370	0.0018
7370	0.0018
7370	0.0018
7380	0.0018
7380	0.0018
7380	0.0018
7380	0.0018
7390	0.0018
7390	0.0018
7390	0.0018
7390	0.0018
7400	0.0018
7400	0.0018
7400	0.0018
7400	0.0018
7410	0.0018
7410	0.0018
7410	0.0018
7410	0.0018
7410	0.0018
7420	0.0018
7420	0.0018
7420	0.0018
7420	0.0018
7430	0.0018
7430	0.0018
7430	0.0018
7430	0.0018
7440	0.0018
7440	0.0018
7440	0.0018
7440	0.0018
7450	0.0018
7450	0.0018
7450	0.0019
7450	0.0019
7460	0.0019
7460	0.0019
7460	0.0019
7460	0.0019
7470	0.0019
7470	0.0019
7470	0.0019
7470	0.0019
7480	0.0019
7480	0.0019
7480	0.0019
7480	0.0019
7480	0.0018
7490	0.0018
7490	0.0018
7490	0.0018
7490	0.0018
7500	0.0018
7500	0.0018
7500	0.0018
7500	0.0018
7510	0.0018
7510	0.0018
7510	0.0018
7510	0.0018
7520	0.0018
7520	0.0018
7520	0.0018
7520	0.0018
7530	0.0018
7530	0.0018
7530	0.0018
7530	0.0018
7540	0.0018
7540	0.0018
7540	0.0018
7540	0.0018
7550	0.0018
7550	0.0018
7550	0.0018
7550	0.0018
7550	0.0018
7560	0.0018
7560	0.0018
7560	0.0018
7560	0.0018
7570	0.0018
7570	0.0018
7570	0.0018
7570	0.0018
7580	0.0018
7580	0.0018
7580	0.0018
7580	0.0018
7590	0.0018
7590	0.0018
7590	0.0018
7590	0.0018
7600	0.0018
7600	0.0018
7600	0.0018
7600	0.0018
7610	0.0018
7610	0.0018
7610	0.0018
7610	0.0018
7620	0.0018
7620	0.0018
7620	0.0018
7620	0.0018
7630	0.0018
7630	0.0018
7630	0.0018
7630	0.0018
7630	0.0018
7640	0.0018
7640	0.0018
7640	0.0018
7640	0.0018
7650	0.0018
7650	0.0018
7650	0.0018
7650	0.0018
7660	0.0018
7660	0.0018
7660	0.0018
7660	0.0018
7670	0.0018
7670	0.0018
7670	0.0018
7670	0.0018
7680	0.0018
7680	0.0018
7680	0.0018
7680	0.0018
7690	0.0018
7690	0.0018
7690	0.0018
7690	0.0017
7700	0.0017
7700	0.0017
7700	0.0017
7700	0.0017
7700	0.0017
7710	0.0017
7710	0.0017
7710	0.0017
7710	0.0017
7720	0.0017
7720	0.0017
7720	0.0017
7720	0.0017
7730	0.0017
7730	0.0017
7730	0.0017
7730	0.0017
7740	0.0017
7740	0.0018
7740	0.0018
7740	0.0018
7750	0.0018
7750	0.0018
7750	0.0018
7750	0.0018
7760	0.0018
7760	0.0018
7760	0.0018
7760	0.0018
7770	0.0018
7770	0.0018
7770	0.0018
7770	0.0018
7770	0.0018
7780	0.0018
7780	0.0018
7780	0.0018
7780	0.0018
7790	0.0018
7790	0.0018
7790	0.0018
7790	0.0018
7800	0.0018
7800	0.0018
7800	0.0018
7800	0.0018
7810	0.0018
7810	0.0018
7810	0.0018
7810	0.0018
7820	0.0017
7820	0.0017
7820	0.0017
7820	0.0017
7830	0.0017
7830	0.0017
7830	0.0017
7830	0.0017
7840	0.0017
7840	0.0017
7840	0.0018
7840	0.0018
7840	0.0018
7850	0.0018
7850	0.0018
7850	0.0018
7850	0.0018
7860	0.0018
7860	0.0018
7860	0.0018
7860	0.0018
7870	0.0018
7870	0.0018
7870	0.0018
7870	0.0018
7880	0.0018
7880	0.0018
7880	0.0018
7880	0.0018
7890	0.0018
7890	0.0018
7890	0.0018
7890	0.0018
7900	0.0018
7900	0.0018
7900	0.0018
7900	0.0018
7910	0.0018
7910	0.0018
7910	0.0018
7910	0.0018
7910	0.0018
7920	0.0018
7920	0.0018
7920	0.0018
7920	0.0018
7930	0.0018
7930	0.0018
7930	0.0018
7930	0.0018
7940	0.0018
7940	0.0018
7940	0.0018
7940	0.0018
7950	0.0018
7950	0.0018
7950	0.0018
7950	0.0018
7960	0.0018
7960	0.0018
7960	0.0018
7960	0.0018
7970	0.0018
7970	0.0018
7970	0.0018
7970	0.0018
7980	0.0018
7980	0.0018
7980	0.0018
7980	0.0018
7990	0.0018
7990	0.0018
7990	0.0018
7990	0.0018
7990	0.0018
8000	0.0018
8000	0.0018
8000	0.0018
8000	0.0018
8010	0.0018
8010	0.0018
8010	0.0018
8010	0.0018
8020	0.0018
8020	0.0018
8020	0.0018
8020	0.0018
8030	0.0018
8030	0.0018
8030	0.0018
8030	0.0018
8040	0.0018
8040	0.0018
8040	0.0018
8040	0.0018
8050	0.0018
8050	0.0018
8050	0.0018
8050	0.0018
8060	0.0018
8060	0.0018
8060	0.0018
8060	0.0018
8060	0.0018
8070	0.0018
8070	0.0018
8070	0.0018
8070	0.0018
8080	0.0018
8080	0.0018
8080	0.0018
8080	0.0018
8090	0.0018
8090	0.0018
8090	0.0018
8090	0.0018
8100	0.0018
8100	0.0018
8100	0.0018
8100	0.0018
8110	0.0018
8110	0.0018
8110	0.0018
8110	0.0018
8120	0.0018
8120	0.0018
8120	0.0018
8120	0.0018
8130	0.0018
8130	0.0018
8130	0.0018
8130	0.0018
8130	0.0018
8140	0.0018
8140	0.0018
8140	0.0018
8140	0.0018
8150	0.0018
8150	0.0018
8150	0.0018
8150	0.0018
8160	0.0018
8160	0.0018
8160	0.0018
8160	0.0018
8170	0.0018
8170	0.0018
8170	0.0018
8170	0.0018
8180	0.0018
8180	0.0018
8180	0.0018
8180	0.0018
8190	0.0018
8190	0.0018
8190	0.0018
8190	0.0018
8200	0.0018
8200	0.0018
8200	0.0018
8200	0.0018
8200	0.0018
8210	0.0018
8210	0.0018
8210	0.0018
8210	0.0018
8220	0.0018
8220	0.0018
8220	0.0018
8220	0.0018
8230	0.0018
8230	0.0018
8230	0.0018
8230	0.0018
8240	0.0018
8240	0.0018
8240	0.0018
8240	0.0018
8250	0.0018
8250	0.0018
8250	0.0018
8250	0.0018
8260	0.0018
8260	0.0018
8260	0.0018
8260	0.0018
8270	0.0018
8270	0.0019
8270	0.0019
8270	0.0019
8280	0.0019
8280	0.0019
8280	0.0019
8280	0.0019
8280	0.0019
8290	0.0019
8290	0.0019
8290	0.0019
8290	0.0019
8300	0.0019
8300	0.0019
8300	0.0019
8300	0.0019
8310	0.0019
8310	0.0019
8310	0.0019
8310	0.0019
8320	0.0019
8320	0.0019
8320	0.0019
8320	0.0019
8330	0.0019
8330	0.0019
8330	0.0019
8330	0.0019
8340	0.0019
8340	0.0019
8340	0.0019
8340	0.0019
8350	0.0019
8350	0.0019
8350	0.0019
8350	0.0019
8350	0.0019
8360	0.0019
8360	0.0019
8360	0.0019
8360	0.0019
8370	0.0019
8370	0.0019
8370	0.0019
8370	0.0019
8380	0.0019
8380	0.0019
8380	0.0019
8380	0.0019
8390	0.0019
8390	0.0019
8390	0.0019
8390	0.0019
8400	0.0019
8400	0.0019
8400	0.0019
8400	0.0019
8410	0.0019
8410	0.0019
8410	0.0019
8410	0.0019
8420	0.0019
8420	0.0019
8420	0.0019
8420	0.0019
8420	0.0019
8430	0.0019
8430	0.0019
8430	0.0019
8430	0.0019
8440	0.0019
8440	0.0019
8440	0.0019
8440	0.0019
8450	0.0019
8450	0.0019
8450	0.0019
8450	0.0019
8460	0.0019
8460	0.0019
8460	0.0019
8460	0.0019
8470	0.0019
8470	0.0019
8470	0.0019
8470	0.0019
8480	0.0019
8480	0.0019
8480	0.0019
8480	0.0019
8490	0.0019
8490	0.0019
8490	0.0019
8490	0.0019
8490	0.0019
8500	0.0019
8500	0.0019
8500	0.0019
8500	0.0019
8510	0.0019
8510	0.0019
8510	0.0019
8510	0.0019
8520	0.002
8520	0.002
8520	0.002
8520	0.002
8530	0.0019
8530	0.0019
8530	0.0019
8530	0.0019
8540	0.0019
8540	0.0019
8540	0.0019
8540	0.0019
8550	0.0019
8550	0.002
8550	0.002
8550	0.002
8560	0.002
8560	0.002
8560	0.002
8560	0.002
8560	0.002
8570	0.002
8570	0.0019
8570	0.0019
8570	0.0019
8580	0.0019
8580	0.0019
8580	0.0019
8580	0.0019
8590	0.0019
8590	0.0019
8590	0.0019
8590	0.0019
8600	0.002
8600	0.002
8600	0.002
8600	0.002
8610	0.002
8610	0.002
8610	0.002
8610	0.002
8620	0.002
8620	0.002
8620	0.002
8620	0.002
8630	0.002
8630	0.002
8630	0.002
8630	0.002
8640	0.002
8640	0.002
8640	0.002
8640	0.002
8640	0.002
8650	0.002
8650	0.002
8650	0.002
8650	0.002
8660	0.002
8660	0.002
8660	0.002
8660	0.002
8670	0.002
8670	0.002
8670	0.002
8670	0.002
8680	0.002
8680	0.002
8680	0.002
8680	0.002
8690	0.002
8690	0.002
8690	0.002
8690	0.002
8700	0.002
8700	0.002
8700	0.002
8700	0.002
8710	0.002
8710	0.002
8710	0.002
8710	0.002
8710	0.002
8720	0.002
8720	0.002
8720	0.002
8720	0.002
8730	0.002
8730	0.002
8730	0.002
8730	0.002
8740	0.002
8740	0.002
8740	0.002
8740	0.002
8750	0.002
8750	0.002
8750	0.002
8750	0.002
8760	0.002
8760	0.002
8760	0.002
8760	0.002
8770	0.002
8770	0.002
8770	0.002
8770	0.002
8780	0.002
8780	0.002
8780	0.002
8780	0.002
8780	0.002
8790	0.002
8790	0.002
8790	0.002
8790	0.002
8800	0.002
8800	0.002
8800	0.002
8800	0.002
8810	0.002
8810	0.002
8810	0.002
8810	0.002
8820	0.002
8820	0.002
8820	0.002
8820	0.002
8830	0.002
8830	0.002
8830	0.002
8830	0.002
8840	0.002
8840	0.002
8840	0.002
8840	0.002
8850	0.002
8850	0.002
8850	0.002
8850	0.002
8850	0.002
8860	0.002
8860	0.002
8860	0.0021
8860	0.0021
8870	0.0021
8870	0.0021
8870	0.0021
8870	0.0021
8880	0.0021
8880	0.0021
8880	0.0021
8880	0.0021
8890	0.0021
8890	0.0021
8890	0.0021
8890	0.0021
8900	0.0021
8900	0.0021
8900	0.0021
8900	0.0021
8910	0.0021
8910	0.0021
8910	0.0021
8910	0.0021
8920	0.0021
8920	0.0021
8920	0.0021
8920	0.0021
8930	0.0021
8930	0.0021
8930	0.0021
8930	0.0021
8930	0.0021
8940	0.0021
8940	0.0021
8940	0.0021
8940	0.0021
8950	0.0021
8950	0.0021
8950	0.0021
8950	0.0021
8960	0.0021
8960	0.0021
8960	0.0021
8960	0.0021
8970	0.0021
8970	0.0021
8970	0.0021
8970	0.0021
8980	0.0022
8980	0.0022
8980	0.0022
8980	0.0022
8990	0.0022
8990	0.0022
8990	0.0022
8990	0.0022
9000	0.0022
9000	0.0022
9000	0.0022
9000	0.0022
9000	0.0022
9010	0.0022
9010	0.0022
9010	0.0022
9010	0.0022
9020	0.0022
9020	0.0022
9020	0.0022
9020	0.0022
9030	0.0022
9030	0.0022
9030	0.0022
9030	0.0022
9040	0.0022
9040	0.0022
9040	0.0022
9040	0.0022
9050	0.0022
9050	0.0022
9050	0.0022
9050	0.0022
9060	0.0022
9060	0.0022
9060	0.0022
9060	0.0022
9070	0.0022
9070	0.0022
9070	0.0023
9070	0.0023
9070	0.0023
9080	0.0023
9080	0.0023
9080	0.0023
9080	0.0023
9090	0.0023
9090	0.0023
9090	0.0023
9090	0.0023
9100	0.0023
9100	0.0023
9100	0.0023
9100	0.0023
9110	0.0023
9110	0.0023
9110	0.0023
9110	0.0023
9120	0.0023
9120	0.0023
9120	0.0022
9120	0.0022
9130	0.0022
9130	0.0022
9130	0.0022
9130	0.0022
9140	0.0022
9140	0.0022
9140	0.0022
9140	0.0022
9140	0.0022
9150	0.0022
9150	0.0023
9150	0.0023
9150	0.0023
9160	0.0023
9160	0.0023
9160	0.0023
9160	0.0023
9170	0.0023
9170	0.0023
9170	0.0023
9170	0.0023
9180	0.0023
9180	0.0023
9180	0.0023
9180	0.0023
9190	0.0023
9190	0.0023
9190	0.0023
9190	0.0023
9200	0.0023
9200	0.0023
9200	0.0023
9200	0.0023
9210	0.0023
9210	0.0023
9210	0.0023
9210	0.0023
9210	0.0023
9220	0.0023
9220	0.0023
9220	0.0023
9220	0.0023
9230	0.0023
9230	0.0023
9230	0.0023
9230	0.0023
9240	0.0023
9240	0.0023
9240	0.0023
9240	0.0023
9250	0.0023
9250	0.0023
9250	0.0023
9250	0.0023
9260	0.0023
9260	0.0023
9260	0.0023
9260	0.0023
9270	0.0023
9270	0.0023
9270	0.0023
9270	0.0023
9280	0.0023
9280	0.0023
9280	0.0023
9280	0.0023
9290	0.0023
9290	0.0023
9290	0.0023
9290	0.0024
9290	0.0024
9300	0.0024
9300	0.0024
9300	0.0024
9300	0.0024
9310	0.0024
9310	0.0024
9310	0.0024
9310	0.0024
9320	0.0024
9320	0.0024
9320	0.0024
9320	0.0024
9330	0.0024
9330	0.0024
9330	0.0024
9330	0.0024
9340	0.0024
9340	0.0024
9340	0.0024
9340	0.0024
9350	0.0024
9350	0.0024
9350	0.0024
9350	0.0024
9360	0.0024
9360	0.0024
9360	0.0024
9360	0.0024
9360	0.0024
9370	0.0024
9370	0.0024
9370	0.0024
9370	0.0024
9380	0.0024
9380	0.0024
9380	0.0024
9380	0.0024
9390	0.0024
9390	0.0024
9390	0.0024
9390	0.0024
9400	0.0024
9400	0.0024
9400	0.0024
9400	0.0024
9410	0.0024
9410	0.0024
9410	0.0024
9410	0.0024
9420	0.0024
9420	0.0024
9420	0.0024
9420	0.0024
9430	0.0024
9430	0.0024
9430	0.0024
9430	0.0024
9430	0.0024
9440	0.0024
9440	0.0024
9440	0.0024
9440	0.0024
9450	0.0024
9450	0.0024
9450	0.0024
9450	0.0024
9460	0.0024
9460	0.0024
9460	0.0024
9460	0.0024
9470	0.0024
9470	0.0024
9470	0.0024
9470	0.0024
9480	0.0023
9480	0.0023
9480	0.0023
9480	0.0024
9490	0.0024
9490	0.0024
9490	0.0024
9490	0.0024
9500	0.0024
9500	0.0024
9500	0.0024
9500	0.0024
9500	0.0024
9510	0.0024
9510	0.0024
9510	0.0024
9510	0.0024
9520	0.0024
9520	0.0024
9520	0.0024
9520	0.0024
9530	0.0024
9530	0.0024
9530	0.0024
9530	0.0024
9540	0.0023
9540	0.0023
9540	0.0023
9540	0.0023
9550	0.0023
9550	0.0023
9550	0.0023
9550	0.0023
9560	0.0023
9560	0.0023
9560	0.0023
9560	0.0023
9570	0.0023
9570	0.0023
9570	0.0023
9570	0.0023
9580	0.0023
9580	0.0023
9580	0.0023
9580	0.0023
9580	0.0023
9590	0.0023
9590	0.0023
9590	0.0023
9590	0.0023
9600	0.0023
9600	0.0023
9600	0.0023
9600	0.0023
9610	0.0023
9610	0.0023
9610	0.0023
9610	0.0023
9620	0.0023
9620	0.0023
9620	0.0023
9620	0.0023
9630	0.0023
9630	0.0023
9630	0.0023
9630	0.0023
9640	0.0023
9640	0.0023
9640	0.0023
9640	0.0023
9650	0.0023
9650	0.0023
9650	0.0023
9650	0.0023
9650	0.0023
9660	0.0023
9660	0.0023
9660	0.0023
9660	0.0023
9670	0.0023
9670	0.0023
9670	0.0023
9670	0.0023
9680	0.0022
9680	0.0022
9680	0.0022
9680	0.0022
9690	0.0022
9690	0.0022
9690	0.0022
9690	0.0022
9700	0.0022
9700	0.0022
9700	0.0022
9700	0.0022
9710	0.0022
9710	0.0022
9710	0.0022
9710	0.0022
9720	0.0022
9720	0.0022
9720	0.0022
9720	0.0022
9720	0.0022
9730	0.0022
9730	0.0022
9730	0.0022
9730	0.0022
9740	0.0022
9740	0.0022
9740	0.0022
9740	0.0022
9750	0.0022
9750	0.0022
9750	0.0022
9750	0.0022
9760	0.0022
9760	0.0022
9760	0.0022
9760	0.0022
9770	0.0022
9770	0.0022
9770	0.0022
9770	0.0022
9780	0.0022
9780	0.0022
9780	0.0022
9780	0.0022
9790	0.0022
9790	0.0022
9790	0.0022
9790	0.0022
9790	0.0022
9800	0.0022
9800	0.0022
9800	0.0022
9800	0.0022
9810	0.0021
9810	0.0021
9810	0.0021
9810	0.0021
9820	0.0021
9820	0.0021
9820	0.0021
9820	0.0021
9830	0.0021
9830	0.0021
9830	0.0021
9830	0.0021
9840	0.0021
9840	0.0021
9840	0.0021
9840	0.0021
9850	0.0021
9850	0.0021
9850	0.0021
9850	0.0021
9860	0.0021
9860	0.0021
9860	0.0021
9860	0.0021
9860	0.0021
9870	0.0021
9870	0.0021
9870	0.0021
9870	0.0021
9880	0.0021
9880	0.0021
9880	0.002
9880	0.002
9890	0.002
9890	0.002
9890	0.002
9890	0.002
9900	0.002
9900	0.002
9900	0.002
9900	0.002
9910	0.002
9910	0.002
9910	0.002
9910	0.002
9920	0.002
9920	0.002
9920	0.002
9920	0.002
9930	0.002
9930	0.002
9930	0.002
9930	0.002
9940	0.002
9940	0.002
9940	0.002
9940	0.002
9940	0.002
9950	0.002
9950	0.002
9950	0.002
9950	0.002
9960	0.002
9960	0.002
9960	0.002
9960	0.002
9970	0.002
9970	0.002
9970	0.002
9970	0.002
9980	0.002
9980	0.002
9980	0.002
9980	0.002
9990	0.002
9990	0.002
9990	0.002
9990	0.002
10000	0.002