Column 1: energy in eV
Column 2: k *1e-3, linear interpolation
Column 3: energy in eV
Column 4: k *1e-3, spline interpolation
Column 5: lambda in nm
Column 6: k *1e-3, linear interpolation
Column 7: lambda in nm
Column 8: k *1e-3, spline interpolation
0.266632660215	8.27373911138	0.266632660215	6.96889801375	4650.0	8.27373911138	4650.0	6.96889801375
0.309187498753	3.69484693638	0.309187498753	3.04509310576	4010.0	3.69484693638	4010.0	3.04509310576
0.347294641457	2.50115850868	0.347294641457	2.1796014744	3570.0	2.50115850868	3570.0	2.1796014744
0.385044059006	2.20384165272	0.385044059006	2.28699566175	3220.0	2.20384165272	3220.0	2.28699566175
0.423154221843	1.97028824462	0.423154221843	2.0792600808	2930.0	1.97028824462	2930.0	2.0792600808
0.462627563433	1.38104055127	0.462627563433	1.31385340467	2680.0	1.38104055127	2680.0	1.31385340467
0.502978446247	0.481568392543	0.502978446247	0.4427498331	2465.0	0.481568392543	2465.0	0.4427498331
0.539061682609	0.272891781494	0.539061682609	0.166830831194	2300.0	0.272891781494	2300.0	0.166830831194
0.577476418258	0.477589735486	0.577476418258	0.411312501921	2147.0	0.477589735486	2147.0	0.411312501921
0.615306138958	0.49685021326	0.615306138958	0.524750454752	2015.0	0.49685021326	2015.0	0.524750454752
0.654270116095	0.560266040414	0.654270116095	0.558344973735	1895.0	0.560266040414	1895.0	0.558344973735
0.691876043527	0.59441826493	0.691876043527	0.573792467024	1792.0	0.59441826493	1792.0	0.573792467024
0.729748010594	0.603272868657	0.729748010594	0.593835134112	1699.0	0.603272868657	1699.0	0.593835134112
0.767703944272	0.582675020294	0.767703944272	0.567368030115	1615.0	0.582675020294	1615.0	0.567368030115
0.805615250162	0.561896084671	0.805615250162	0.547390868277	1539.0	0.561896084671	1539.0	0.547390868277
0.843429843537	0.578900091239	0.843429843537	0.570037112863	1470.0	0.578900091239	1470.0	0.570037112863
0.88119535892	0.600008524397	0.88119535892	0.586759817639	1407.0	0.600008524397	1407.0	0.586759817639
0.918401385185	0.573051167994	0.918401385185	0.564218804915	1350.0	0.573051167994	1350.0	0.564218804915
0.956668109568	0.56576661113	0.956668109568	0.555517267906	1296.0	0.56576661113	1296.0	0.555517267906
0.994259719326	0.575075200284	0.994259719326	0.55902889933	1247.0	0.575075200284	1247.0	0.55902889933
1.03148242097	0.586434936963	1.03148242097	0.577340092709	1201.99999999	0.586434936963	1201.99999999	0.577340092709
1.06882919828	0.590380260093	1.06882919828	0.585232208206	1160.0	0.590380260093	1160.0	0.585232208206
1.106014157	0.584497786184	1.106014157	0.575101467205	1121.0	0.584497786184	1121.0	0.575101467205
1.14271140092	0.578872291123	1.14271140092	0.56768590489	1085.0	0.578872291123	1085.0	0.56768590489
1.17967827783	0.584673910634	1.17967827783	0.575219681082	1051.0	0.584673910634	1051.0	0.575219681082
1.21672411187	0.597636870602	1.21672411187	0.587152122766	1019.0	0.597636870602	1019.0	0.587152122766
1.25363182002	0.604838845491	1.25363182002	0.596584027108	989.0	0.604838845491	989.0	0.596584027108
1.2901580333	0.614299905936	1.2901580333	0.607766921505	960.999999999	0.614299905936	960.999999999	0.607766921505
1.32745382227	0.636755637518	1.32745382227	0.629064092131	934.0	0.636755637518	934.0	0.629064092131
1.36396245325	0.644702589295	1.36396245325	0.636055263588	908.999999997	0.644702589295	908.999999997	0.636055263588
1.40095126554	0.655165204778	1.40095126554	0.648552442214	884.999999998	0.655165204778	884.999999998	0.648552442214
1.43666497103	0.654764155062	1.43666497103	0.658799713778	863.000000001	0.654764155062	863.000000001	0.658799713778
1.47249628266	0.652712508265	1.47249628266	0.645656331729	842.0	0.652712508265	842.0	0.645656331729
1.50832344282	0.621552421322	1.50832344282	0.601579986908	822.000000001	0.621552421322	822.000000001	0.601579986908
1.5498023375	0.619405886606	1.5498023375	0.612612234003	800.0	0.619405886606	800.0	0.612612234003
1.58143095663	0.663300776355	1.58143095663	0.649963902367	784.000000001	0.663300776355	784.000000001	0.649963902367
1.61648222947	0.722660837879	1.61648222947	0.716258169316	766.999999998	0.722660837879	766.999999998	0.716258169316
1.65312249333	0.735809139294	1.65312249333	0.742695556837	750.000000002	0.735809139294	750.000000002	0.742695556837
1.68915786104	0.745243095592	1.68915786104	0.740218418785	733.999999998	0.745243095592	733.999999998	0.740218418785
1.72439759388	0.751565195919	1.72439759388	0.742229454841	719.0	0.751565195919	719.0	0.742229454841
1.75864095035	0.750582751252	1.75864095035	0.744905574788	705.000000002	0.750582751252	705.000000002	0.744905574788
1.79427188133	0.756707816024	1.79427188133	0.752515077627	691.000000001	0.756707816024	691.000000001	0.752515077627
1.82867532448	0.761421984555	1.82867532448	0.755663620941	678.000000001	0.761421984555	678.000000001	0.755663620941
1.86162442943	0.755226639176	1.86162442943	0.749624115466	666.0	0.755226639176	666.0	0.749624115466
1.89868586524	0.767896936553	1.89868586524	0.762826042649	652.999999999	0.767896936553	652.999999999	0.762826042649
1.93121786604	0.765202421382	1.93121786604	0.75905967374	642.000000001	0.765202421382	642.000000001	0.75905967374
1.9648841046	0.768590142773	1.9648841046	0.763075049911	630.999999999	0.768590142773	630.999999999	0.763075049911
1.99974495161	0.77838748307	1.99974495161	0.774216844179	620.000000001	0.77838748307	620.000000001	0.774216844179
2.03252765574	0.78160059738	2.03252765574	0.776380576375	609.999999999	0.78160059738	609.999999999	0.776380576375
2.06640311667	0.787155572862	2.06640311667	0.781476527154	599.999999999	0.787155572862	599.999999999	0.781476527154
2.10142689831	0.799541892631	2.10142689831	0.794330611309	589.999999999	0.799541892631	589.999999999	0.794330611309
2.1339791222	0.806878050003	2.1339791222	0.80236359564	581.000000001	0.806878050003	581.000000001	0.80236359564
2.16755571678	0.820198137119	2.16755571678	0.81545043577	572.000000001	0.820198137119	572.000000001	0.81545043577
2.19830118794	0.818704385067	2.19830118794	0.814416478701	564.000000001	0.818704385067	564.000000001	0.814416478701
2.23394931532	0.832953526811	2.23394931532	0.829084008945	554.999999999	0.832953526811	554.999999999	0.829084008945
2.26662133455	0.844767655335	2.26662133455	0.838703505586	547.000000001	0.844767655335	547.000000001	0.838703505586
2.29600346296	0.842931417222	2.29600346296	0.838574873256	540.000000001	0.842931417222	540.000000001	0.838574873256
2.33052983083	0.859823962198	2.33052983083	0.85751057005	531.999999999	0.859823962198	531.999999999	0.85751057005
2.3616035619	0.866220162911	2.3616035619	0.861522054288	525.000000001	0.866220162911	525.000000001	0.861522054288
2.39351712355	0.870781382681	2.39351712355	0.865238852221	518.0	0.870781382681	518.0	0.865238852221
2.42630502935	0.881752298993	2.42630502935	0.875794590141	511.000000001	0.881752298993	511.000000001	0.875794590141
2.45513241584	0.893607831395	2.45513241584	0.886872602405	505.0	0.893607831395	505.0	0.886872602405
2.48465304609	0.914664436662	2.48465304609	0.910561393355	499.0	0.914664436662	499.0	0.910561393355
2.51489223124	0.937886213208	2.51489223124	0.936867067831	492.999999999	0.937886213208	492.999999999	0.936867067831
2.54587652977	0.959241536854	2.54587652977	0.95558233999	487.000000001	0.959241536854	487.000000001	0.95558233999
2.57763382536	0.976390882989	2.57763382536	0.96930087819	481.000000001	0.976390882989	481.000000001	0.96930087819
2.61019341053	1.0014476979	2.61019341053	0.995883282634	474.999999999	1.0014476979	474.999999999	0.995883282634
2.63796142553	1.03217269254	2.63796142553	1.02553114236	470.0	1.03217269254	470.0	1.02553114236
2.66632660215	1.0719213917	2.66632660215	1.06635667151	465.0	1.0719213917	465.0	1.06635667151
2.69530841304	1.10934196439	2.69530841304	1.10797856651	460.000000001	1.10934196439	460.000000001	1.10797856651
2.72492718681	1.15726463966	2.72492718681	1.15288900068	455.000000001	1.15726463966	455.000000001	1.15288900068
2.75520415556	1.20943778621	2.75520415556	1.20234286867	449.999999999	1.20943778621	449.999999999	1.20234286867
2.77991450673	1.24050626904	2.77991450673	1.23478929571	445.999999999	1.24050626904	445.999999999	1.23478929571
2.81143281179	1.31755994034	2.81143281179	1.31448484409	441.0	1.31755994034	441.0	1.31448484409
2.83716675057	1.38199462754	2.83716675057	1.37558381194	437.0	1.38199462754	437.0	1.37558381194
2.86337614319	1.44425619854	2.86337614319	1.43739126616	433.0	1.44425619854	433.0	1.43739126616
2.89007428904	1.51665951507	2.89007428904	1.51249363579	429.000000001	1.51665951507	429.000000001	1.51249363579
2.91727498824	1.62440562093	2.91727498824	1.61544956747	424.999999999	1.62440562093	424.999999999	1.61544956747
2.94499256532	1.74623961962	2.94499256532	1.73789420642	421.0	1.74623961962	421.0	1.73789420642
2.97324189448	1.87703065051	2.97324189448	1.87309454026	417.000000001	1.87703065051	417.000000001	1.87309454026
3.00203842615	2.04516205254	3.00203842615	2.03452121891	413.0	2.04516205254	413.0	2.03452121891
3.02400456098	2.18552179936	3.02400456098	2.16836309965	409.999999999	2.18552179936	409.999999999	2.16836309965
3.05379770936	2.44086452974	3.05379770936	2.42951784256	406.0	2.44086452974	406.0	2.42951784256
3.07653069479	2.68447723007	3.07653069479	2.67406744992	403.0	2.68447723007	403.0	2.67406744992
3.099604675	2.97206237519	3.099604675	2.9621502902	400.0	2.97206237519	400.0	2.9621502902
3.12302738035	3.29146837187	3.12302738035	3.28112570306	397.0	3.29146837187	397.0	3.28112570306
3.14680677665	3.67774308144	3.14680677665	3.65710215781	394.0	3.67774308144	394.0	3.65710215781
3.17095107417	4.15974247076	3.17095107417	4.14050244684	391.0	4.15974247076	391.0	4.14050244684
3.19546873711	4.773158176	3.19546873711	4.75975207817	388.0	4.773158176	388.0	4.75975207817
3.21202556995	5.22860756931	3.21202556995	5.22496804938	386.0	5.22860756931	386.0	5.22496804938
3.24565934555	6.32990115616	3.24565934555	6.33887383203	382.0	6.32990115616	382.0	6.33887383203
