Column 1: energy in eV
Column 2: k *1e-3, linear interpolation
Column 3: energy in eV
Column 4: k *1e-3, spline interpolation
Column 5: lambda in nm
Column 6: k *1e-3, linear interpolation
Column 7: lambda in nm
Column 8: k *1e-3, spline interpolation
0.189000285061	-0.961873667678	0.189000285061	-0.498333426585	6560.0	-0.961873667678	6560.0	-0.498333426585
0.225425794545	-1.37857920934	0.225425794545	-3.37734877041	5500.00000001	-1.37857920934	5500.00000001	-3.37734877041
0.262678362288	0.177309978959	0.262678362288	-0.518753243805	4720.0	0.177309978959	4720.0	-0.518753243805
0.298038911058	4.69378187353	0.298038911058	4.60961199769	4160.0	4.69378187353	4160.0	4.60961199769
0.33875460929	13.4682749881	0.33875460929	13.39022358	3660.0	13.4682749881	3660.0	13.39022358
0.372324885886	17.8057737138	0.372324885886	18.3980163111	3330.0	17.8057737138	3330.0	18.3980163111
0.413280623333	20.8754673991	0.413280623333	22.4299626513	3000.0	20.8754673991	3000.0	22.4299626513
0.450851589091	20.3135016427	0.450851589091	21.487875429	2750.0	20.3135016427	2750.0	21.487875429
0.488126720472	15.4938704586	0.488126720472	16.1023662763	2540.0	15.4938704586	2540.0	16.1023662763
0.529394479078	7.82617075512	0.529394479078	7.88729563177	2342.0	7.82617075512	2342.0	7.88729563177
0.561522586051	2.96260098726	0.561522586051	2.70678110156	2208.0	2.96260098726	2208.0	2.70678110156
0.600698580426	0.730216225547	0.600698580426	0.296752522973	2064.0	0.730216225547	2064.0	0.296752522973
0.637123263104	-0.0888022928828	0.637123263104	-0.172057053157	1946.0	-0.0888022928828	1946.0	-0.172057053157
0.673827103261	-0.257977362941	0.673827103261	-0.17777950196	1840.0	-0.257977362941	1840.0	-0.17777950196
0.71091850344	-0.25150138127	0.71091850344	-0.166590288066	1744.0	-0.25150138127	1744.0	-0.166590288066
0.747793648975	-0.224244381974	0.747793648975	-0.165789312055	1658.0	-0.224244381974	1658.0	-0.165789312055
0.784710044304	-0.171797356919	0.784710044304	-0.117110407715	1580.0	-0.171797356919	1580.0	-0.117110407715
0.821087331126	-0.138132712123	0.821087331126	-0.0680555533238	1510.0	-0.138132712123	1510.0	-0.0680555533238
0.857428679115	-0.0735983704986	0.857428679115	-0.0128877449968	1446.0	-0.0735983704986	1446.0	-0.0128877449968
0.894546803752	-0.0261216896856	0.894546803752	0.0322385822175	1386.0	-0.0261216896856	1386.0	0.0322385822175
0.930812214715	-0.0282846655218	0.930812214715	0.0322731367142	1332.0	-0.0282846655218	1332.0	0.0322731367142
0.967115343214	-0.00225974446201	0.967115343214	0.0480301633329	1282.0	-0.00225974446201	1282.0	0.0480301633329
1.00310830906	0.00973693573928	1.00310830906	0.0586329508418	1236.0	0.00973693573928	1236.0	0.0586329508418
1.04013579698	0.0423398483184	1.04013579698	0.0898296162739	1192.0	0.0423398483184	1192.0	0.0898296162739
1.07625162326	0.0782574321883	1.07625162326	0.121174680763	1152.0	0.0782574321883	1152.0	0.121174680763
1.11296397666	0.1296770421	1.11296397666	0.17596716749	1114.0	0.1296770421	1114.0	0.17596716749
1.14800173148	0.149690722741	1.14800173148	0.197980902043	1080.0	0.149690722741	1080.0	0.197980902043
1.18305521947	0.1649274134	1.18305521947	0.209062788967	1048.0	0.1649274134	1048.0	0.209062788967
1.22031680118	0.198621707592	1.22031680118	0.241235677426	1016.0	0.198621707592	1016.0	0.241235677426
1.25490067814	0.201566552487	1.25490067814	0.240198824886	987.999999998	0.201566552487	987.999999998	0.240198824886
1.29150194792	0.257827881573	1.29150194792	0.290940988402	959.999999998	0.257827881573	959.999999998	0.290940988402
1.32745382227	0.31094033877	1.32745382227	0.34645967912	934.0	0.31094033877	934.0	0.34645967912
1.36246359341	0.353269953071	1.36246359341	0.390869566036	909.999999998	0.353269953071	909.999999998	0.390869566036
1.39621832207	0.382689746008	1.39621832207	0.42807375611	888.000000001	0.382689746008	888.000000001	0.42807375611
1.43168807159	0.405116160292	1.43168807159	0.445517489481	866.000000002	0.405116160292	866.000000002	0.445517489481
1.46900695498	0.446156464534	1.46900695498	0.46287968227	843.999999998	0.446156464534	843.999999998	0.46287968227
1.50101921308	0.413692110505	1.50101921308	0.443390134932	825.999999997	0.413692110505	825.999999997	0.443390134932
1.53826534739	0.541766101212	1.53826534739	0.572052717344	806.000000002	0.541766101212	806.000000002	0.572052717344
1.57340338832	0.670661966869	1.57340338832	0.703165248633	788.000000002	0.670661966869	788.000000002	0.703165248633
1.60601278497	0.679620866309	1.60601278497	0.726707958989	772.000000002	0.679620866309	772.000000002	0.726707958989
1.64000247354	0.692569531139	1.64000247354	0.719511588992	756.000000002	0.692569531139	756.000000002	0.719511588992
1.67546198649	0.728677915928	1.67546198649	0.751135554327	739.999999998	0.728677915928	739.999999998	0.751135554327
1.7077711708	0.765241155558	1.7077711708	0.793534442887	726.0	0.765241155558	726.0	0.793534442887
1.74625615493	0.879085532507	1.74625615493	0.90115587399	710.0	0.879085532507	710.0	0.90115587399
1.77627775072	0.883254965911	1.77627775072	0.91623782529	697.999999999	0.883254965911	697.999999999	0.91623782529
1.81263431287	0.96264621711	1.81263431287	0.99023787277	683.999999998	0.96264621711	683.999999998	0.99023787277
1.84500278274	1.01496591956	1.84500278274	1.03559023242	671.999999999	1.01496591956	671.999999999	1.03559023242
1.87854828788	1.04722896535	1.87854828788	1.08151748954	660.0	1.04722896535	660.0	1.08151748954
1.91333621914	1.10456082085	1.91333621914	1.12925726044	647.999999999	1.10456082085	647.999999999	1.12925726044
1.94332581505	1.11066933392	1.94332581505	1.13782703947	637.999999999	1.11066933392	637.999999999	1.13782703947
1.98057806709	1.15253593112	1.98057806709	1.17747509837	626.000000001	1.15253593112	626.000000001	1.17747509837
2.01273030844	1.18644182158	2.01273030844	1.19555321961	616.0	1.18644182158	616.0	1.19555321961
2.04594367987	1.22706120259	2.04594367987	1.24999516881	605.999999999	1.22706120259	605.999999999	1.24999516881
2.07331416388	1.26307166908	2.07331416388	1.29140458658	598.0	1.26307166908	598.0	1.29140458658
2.10857460884	1.36754788664	2.10857460884	1.38632446537	588.000000001	1.36754788664	588.000000001	1.38632446537
2.13765839655	1.35739650769	2.13765839655	1.38570357735	580.0	1.35739650769	580.0	1.38570357735
2.17516117544	1.42499634401	2.17516117544	1.43750199678	570.0	1.42499634401	570.0	1.43750199678
2.20612432384	1.51325259456	2.20612432384	1.51394289786	562.000000001	1.51325259456	562.000000001	1.51394289786
2.2379817148	1.61613519546	2.2379817148	1.64375520816	554.0	1.61613519546	554.0	1.64375520816
2.26248516423	1.69159684868	2.26248516423	1.71021276752	548.000000001	1.69159684868	548.000000001	1.71021276752
2.29600346296	1.83053126988	2.29600346296	1.83159576829	540.000000001	1.83053126988	540.000000001	1.83159576829
2.33052983083	1.95324690622	2.33052983083	1.98165554917	531.999999999	1.95324690622	531.999999999	1.98165554917
2.35711382129	2.08115842848	2.35711382129	2.10456877264	526.000000001	2.08115842848	526.000000001	2.10456877264
2.38431128846	2.20567786501	2.38431128846	2.21517888904	520.0	2.20567786501	520.0	2.21517888904
2.42156615234	2.27783967359	2.42156615234	2.31249724882	512.000000001	2.27783967359	512.000000001	2.31249724882
2.45028037549	2.34547721699	2.45028037549	2.36353616442	506.000000001	2.34547721699	506.000000001	2.36353616442
2.47968374	2.49436417637	2.47968374	2.46709357374	500.0	2.49436417637	500.0	2.46709357374
2.50980135628	2.61075995335	2.50980135628	2.6220623727	493.999999999	2.61075995335	493.999999999	2.6220623727
2.54065956967	2.85850137815	2.54065956967	2.88870861351	488.0	2.85850137815	488.0	2.88870861351
2.5616567562	3.02706685347	2.5616567562	3.03989949797	484.0	3.02706685347	484.0	3.03989949797
2.59381144351	3.15717932349	2.59381144351	3.2004176702	478.000000001	3.15717932349	478.000000001	3.2004176702
2.62678362288	3.2456513405	2.62678362288	3.2521770493	472.0	3.2456513405	472.0	3.2521770493
2.64923476496	3.34145525043	2.64923476496	3.30972946754	468.0	3.34145525043	468.0	3.30972946754
2.68364041126	3.63493550273	2.68364041126	3.64605216716	461.999999999	3.63493550273	461.999999999	3.64605216716
2.70707831878	3.89252507424	2.70707831878	3.92016487642	458.0	3.89252507424	458.0	3.92016487642
2.73092922907	4.13042835026	2.73092922907	4.13504483557	454.000000001	4.13042835026	454.000000001	4.13504483557
2.76750417411	4.30553420062	2.76750417411	4.33261419186	448.0	4.30553420062	448.0	4.33261419186
2.79243664414	4.47105979642	2.79243664414	4.47894473981	444.000000001	4.47105979642	444.000000001	4.47894473981
2.81782243182	4.71880746869	2.81782243182	4.71012039173	440.0	4.71880746869	440.0	4.71012039173
2.84367401376	4.91222355652	2.84367401376	4.92451545992	436.0	4.91222355652	436.0	4.92451545992
2.8700043287	5.11828293525	2.8700043287	5.11603621796	432.000000001	5.11828293525	432.000000001	5.11603621796
2.89682679907	5.35108112389	2.89682679907	5.38541131271	427.999999999	5.35108112389	427.999999999	5.38541131271
2.92415535377	5.67020413911	2.92415535377	5.67706903399	424.000000001	5.67020413911	424.000000001	5.67706903399
2.95200445238	5.91100323552	2.95200445238	5.85632774044	420.0	5.91100323552	420.0	5.85632774044
2.98038911058	6.12873261934	2.98038911058	6.11168706675	416.0	6.12873261934	416.0	6.11168706675
2.9947871256	6.40493081603	2.9947871256	6.37247570092	414.000000001	6.40493081603	414.000000001	6.37247570092
3.02400456098	7.31200658702	3.02400456098	7.29832418885	409.999999999	7.31200658702	409.999999999	7.29832418885
3.03882811275	7.67975189636	3.03882811275	7.71369042247	407.999999999	7.67975189636	407.999999999	7.71369042247
3.0689155198	8.48167292938	3.0689155198	8.50662563846	404.0	8.48167292938	404.0	8.50662563846
3.08418375622	8.91180827625	3.08418375622	8.88327924123	402.0	8.91180827625	402.0	8.88327924123
3.11518057789	9.82973355427	3.11518057789	9.83471660664	398.0	9.82973355427	398.0	9.83471660664
3.13091381313	10.326828175	3.13091381313	10.3252707755	396.0	10.326828175	396.0	10.3252707755
3.16286191327	11.4661275942	3.16286191327	11.4618745435	391.999999999	11.4661275942	391.999999999	11.4618745435
