Column 1: lambda in nm
Column 2: n2, linear interp.
Column 3: energy in eV
Column 4: n2, linear interp.
Column 5: lambda in nm
Column 6: n2, spline interp.
Column 7: energy in eV
Column 8: n2, spline interp.
0.274301298673	2.23896511795	4520.0	2.23896511795	0.273092922907	2.25233685719	4540.0	2.25233685719
0.311518057789	2.25311786838	3980.0	2.25311786838	0.311518057789	2.25658922382	3980.0	2.25658922382
0.351229991501	2.24816440573	3530.0	2.24816440573	0.351229991501	2.25162812942	3530.0	2.25162812942
0.391117309148	2.24321094308	3170.0	2.24321094308	0.392355022152	2.23957975731	3160.0	2.23957975731
0.432000651568	2.2340116553	2870.0	2.2340116553	0.432000651568	2.237453574	2870.0	2.237453574
0.473222087786	2.22481236752	2620.0	2.22481236752	0.473222087786	2.22824011297	2620.0	2.22824011297
0.51190828654	2.22806750012	2422.0	2.22806750012	0.51190828654	2.23150026072	2422.0	2.23150026072
0.551776533155	2.22608611506	2247.0	2.22608611506	0.551531080961	2.23050804184	2248.0	2.23050804184
0.589839138915	2.23118110522	2102.0	2.23118110522	0.589839138915	2.23461866291	2102.0	2.23461866291
0.628404394323	2.2338701278	1973.0	2.2338701278	0.628404394323	2.23731182844	1973.0	2.23731182844
0.667299176534	2.23514387534	1858.0	2.23514387534	0.667299176534	2.23858753843	1858.0	2.23858753843
0.705658434832	2.23797442542	1757.0	2.23797442542	0.706060290433	2.24014673953	1756.0	2.24014673953
0.744649771772	2.23861129919	1665.0	2.23861129919	0.744649771772	2.24206030451	1665.0	2.24206030451
0.783717996207	2.23896511795	1582.0	2.23896511795	0.783717996207	2.2424146684	1582.0	2.2424146684
0.822721877903	2.23946046422	1507.0	2.23946046422	0.822721877903	2.24291077784	1507.0	2.24291077784
0.861001298611	2.24179566804	1440.0	2.24179566804	0.861001298611	2.24524957948	1440.0	2.24524957948
0.899740108853	2.24278636057	1378.0	2.24278636057	0.899740108853	2.24624179836	1378.0	2.24624179836
0.937853154312	2.24519232814	1322.0	2.24519232814	0.937853154312	2.24865147278	1322.0	2.24865147278
0.976253440945	2.24674913069	1270.0	2.24674913069	0.976253440945	2.25021067388	1270.0	2.25021067388
1.01460054828	2.24830593324	1222.0	2.24830593324	1.01460054828	2.25176987498	1222.0	2.25176987498
1.05249734295	2.25071190081	1178.0	2.25071190081	1.05249734295	2.2541795494	1178.0	2.2541795494
1.09045019349	2.25283481337	1137.0	2.25283481337	1.09045019349	2.25630573271	1137.0	2.25630573271
1.12815456779	2.2553115447	1099.0	2.2553115447	1.12918203097	2.25673096938	1098.0	2.25673096938
1.16636111947	2.25665605599	1063.0	2.25665605599	1.16636111947	2.26013286268	1063.0	2.26013286268
1.20489977648	2.25729292976	1029.0	2.25729292976	1.20489977648	2.26077071767	1029.0	2.26077071767
1.24232652305	2.25991118859	998.0	2.25991118859	1.24232652305	2.26339301043	998.0	2.26339301043
1.27950657379	2.26281250243	969.0	2.26281250243	1.27950657379	2.26629879429	969.0	2.26629879429
1.31757903294	2.26401548621	941.0	2.26401548621	1.31757903294	2.2675036315	941.0	2.2675036315
1.35501843716	2.26620916253	915.0	2.26620916253	1.35501843716	2.26970068759	915.0	2.26970068759
1.39151725028	2.26981811389	891.0	2.26981811389	1.39151725028	2.27331519923	891.0	2.27331519923
1.42838925115	2.27264866398	868.0	2.27264866398	1.42838925115	2.27615011031	868.0	2.27615011031
1.4655341253	2.27491310404	846.0	2.27491310404	1.4655341253	2.27841803918	846.0	2.27841803918
1.5028386303	2.27682372535	825.0	2.27682372535	1.5028386303	2.28033160416	825.0	2.28033160416
1.54017623602	2.27859281916	805.0	2.27859281916	1.54017623602	2.28210342359	805.0	2.28210342359
1.57740695929	2.28043267671	786.0	2.28043267671	1.57740695929	2.28394611579	786.0	2.28394611579
1.61227811443	2.28552766687	769.0	2.28552766687	1.61227811443	2.28904895575	769.0	2.28904895575
1.64872589096	2.28821668945	752.0	2.28821668945	1.64872589096	2.29174212128	752.0	2.29174212128
1.68685968707	2.28849974446	735.0	2.28849974446	1.68685968707	2.29202561239	735.0	2.29202561239
1.72200259722	2.29274556959	720.0	2.29274556959	1.72200259722	2.29627797902	720.0	2.29627797902
1.75864095035	2.29486848215	705.0	2.29486848215	1.75864095035	2.29840416233	705.0	2.29840416233
1.79427188133	2.2981943785	691.0	2.2981943785	1.79427188133	2.30173518285	691.0	2.30173518285
1.82867532448	2.3029355499	678.0	2.3029355499	1.82867532448	2.30648365892	678.0	2.30648365892
1.86442386466	2.30583686373	665.0	2.30583686373	1.86442386466	2.30938944278	665.0	2.30938944278
1.89868586524	2.31043650762	653.0	2.31043650762	1.89868586524	2.3139961733	653.0	2.3139961733
1.93423068643	2.31333782146	641.0	2.31333782146	1.93423068643	2.31690195716	641.0	2.31690195716
1.96800296825	2.31822052036	630.0	2.31822052036	1.96800296825	2.32179217878	630.0	2.32179217878
2.00297555735	2.32154641671	619.0	2.32154641671	2.00297555735	2.32512319931	619.0	2.32512319931
2.03921360197	2.32331551051	608.0	2.32331551051	2.03921360197	2.32689501874	608.0	2.32689501874
2.07331416388	2.32741980814	598.0	2.32741980814	2.07331416388	2.33100563981	598.0	2.33100563981
2.10499468591	2.33407160084	589.0	2.33407160084	2.10499468591	2.33766768086	589.0	2.33766768086
2.14135037997	2.33541611213	579.0	2.33541611213	2.14135037997	2.33901426362	579.0	2.33901426362
2.17516117544	2.339449646	570.0	2.339449646	2.17516117544	2.34305401192	570.0	2.34305401192
2.20612432384	2.34638449371	562.0	2.34638449371	2.20612432384	2.34999954408	562.0	2.34999954408
2.24202869801	2.34794129626	553.0	2.34794129626	2.24202869801	2.35155874518	553.0	2.35155874518
2.27493921101	2.35254094015	545.0	2.35254094015	2.27493921101	2.35616547569	545.0	2.35616547569
2.30883029795	2.35600836401	537.0	2.35600836401	2.30883029795	2.35963824177	537.0	2.35963824177
2.33932428302	2.36280168421	530.0	2.36280168421	2.33932428302	2.36644202837	530.0	2.36644202837
2.37063455067	2.36860431189	523.0	2.36860431189	2.37063455067	2.3722535961	523.0	2.3722535961
2.40279432171	2.37341624703	516.0	2.37341624703	2.40279432171	2.37707294494	516.0	2.37707294494
2.4358386444	2.37723748965	509.0	2.37723748965	2.4358386444	2.38090007491	509.0	2.38090007491
2.46980452191	2.38006803974	502.0	2.38006803974	2.46980452191	2.38373498599	502.0	2.38373498599
2.49968118952	2.38671983244	496.0	2.38671983244	2.49968118952	2.39039702704	496.0	2.39039702704
2.53028953061	2.39252246011	490.0	2.39252246011	2.53028953061	2.39620859477	490.0	2.39620859477
2.5616567562	2.39747592276	484.0	2.39747592276	2.5616567562	2.40116968917	484.0	2.40116968917
2.59381144351	2.40158022039	478.0	2.40158022039	2.59381144351	2.40528031024	478.0	2.40528031024
2.62123016913	2.40993034314	473.0	2.40993034314	2.62123016913	2.41364329794	473.0	2.41364329794
2.64923476496	2.41757282837	468.0	2.41757282837	2.64923476496	2.42129755787	468.0	2.42129755787
2.68364041126	2.41927115843	462.0	2.41927115843	2.68364041126	2.42299850452	462.0	2.42299850452
2.71300190372	2.42542760486	457.0	2.42542760486	2.71300190372	2.42916443613	457.0	2.42916443613
2.74301298673	2.43087641378	452.0	2.43087641378	2.74301298673	2.43462163997	452.0	2.43462163997
2.76750417411	2.44106639409	448.0	2.44106639409	2.76750417411	2.44482731988	448.0	2.44482731988
2.79874011287	2.44517069171	443.0	2.44517069171	2.79874011287	2.44893794095	443.0	2.44893794095
2.82424116173	2.45415768824	439.0	2.45415768824	2.82424116173	2.45793878365	439.0	2.45793878365
2.8567785023	2.45691747457	434.0	2.45691747457	2.8567785023	2.46070282196	434.0	2.46070282196
2.88335318605	2.46470148731	430.0	2.46470148731	2.88335318605	2.46849882744	430.0	2.46849882744
2.91042692488	2.47191939002	426.0	2.47191939002	2.91042692488	2.47572785071	426.0	2.47572785071
2.93801390995	2.47857118273	422.0	2.47857118273	2.93801390995	2.48238989176	422.0	2.48238989176
2.9661288756	2.48465686541	418.0	2.48465686541	2.9661288756	2.48848495059	418.0	2.48848495059
2.9947871256	2.49017643808	414.0	2.49017643808	2.9947871256	2.49401302721	414.0	2.49401302721
3.01664688564	2.50121558341	411.0	2.50121558341	3.01664688564	2.50506918044	411.0	2.50506918044
3.04629452088	2.5056736998	407.0	2.5056736998	3.04629452088	2.5095341654	407.0	2.5095341654
3.0689155198	2.51579291636	404.0	2.51579291636	3.0689155198	2.51966897253	404.0	2.51966897253
3.09187498753	2.5254875504	401.0	2.5254875504	3.09187498753	2.529378543	401.0	2.529378543
3.12302738035	2.52838886424	397.0	2.52838886424	3.12302738035	2.53228432686	397.0	2.53228432686
3.14680677665	2.5371635695	394.0	2.5371635695	3.14680677665	2.54107255122	394.0	2.54107255122
3.17095107417	2.54551369226	391.0	2.54551369226	3.17095107417	2.54943553892	391.0	2.54943553892
3.19546873711	2.5534392325	388.0	2.5534392325	3.19546873711	2.55737328996	388.0	2.55737328996
3.21202556995	2.56759198293	386.0	2.56759198293	3.21202556995	2.57154784539	386.0	2.57154784539
3.23718503916	2.57473912189	383.0	2.57473912189	3.23718503916	2.57870599588	383.0	2.57870599588
3.26274176316	2.58146167835	380.0	2.58146167835	3.26274176316	2.58543890971	380.0	2.58543890971
3.28000494709	2.59462373625	378.0	2.59462373625	3.28000494709	2.59862124625	378.0	2.59862124625
3.30624498667	2.60056789143	375.0	2.60056789143	3.30624498667	2.60457455953	375.0	2.60457455953
3.32397284182	2.61309307556	373.0	2.61309307556	3.32397284182	2.61711904108	373.0	2.61711904108
