Column 1: energy in eV
Column 2: alpha *1e3 in 1/cm, linear interpolation
Column 3: energy in eV
Column 4: alpha *1e3 in 1/cm, spline interpolation
Column 5: lambda in nm
Column 6: alpha *1e3 in 1/cm, linear interpolation
Column 7: lambda in nm
Column 8: alpha *1e3 in 1/cm, spline interpolation
0.265490764454	0.158443472224	0.262678362288	0.0719869084079	4670.0	0.158443472224	4720.0	0.0719869084079
0.301664688564	0.15860302077	0.301664688564	0.155346562872	4110.0	0.15860302077	4110.0	0.155346562872
0.340615898352	0.370686281126	0.340615898352	0.352491816547	3640.0	0.370686281126	3640.0	0.352491816547
0.379156535168	0.591168515872	0.380319592025	0.606336129012	3270.0	0.591168515872	3260.0	0.606336129012
0.418865496622	0.746336939932	0.417455175084	0.786714153364	2960.0	0.746336939932	2970.0	0.786714153364
0.459200692593	0.804186620143	0.457506225092	0.845373468733	2700.0	0.804186620143	2710.0	0.845373468733
0.496731518429	0.665319799983	0.496731518429	0.6797329094	2496.0	0.665319799983	2496.0	0.6797329094
0.534414599138	0.367192977407	0.533954293712	0.369546364469	2320.0	0.367192977407	2322.0	0.369546364469
0.571355700461	0.142391583114	0.571882781365	0.121525988332	2170.0	0.142391583114	2168.0	0.121525988332
0.607765622549	0.0475500580652	0.607765622549	0.0173936448137	2040.0	0.0475500580652	2040.0	0.0173936448137
0.645750973958	0.0132530958907	0.645079016649	-0.00111773083128	1920.0	0.0132530958907	1922.0	-0.00111773083128
0.682732307269	-0.000142206127254	0.682732307269	-0.0017697748463	1816.0	-0.000142206127254	1816.0	-0.0017697748463
0.720001085947	-0.00510972078498	0.720001085947	-0.00646443574373	1722.0	-0.00510972078498	1722.0	-0.00646443574373
0.756924218559	-0.00730186017444	0.756924218559	-0.00999984959874	1638.0	-0.00730186017444	1638.0	-0.00999984959874
0.793752797695	-0.00871281495629	0.793752797695	-0.0106094131602	1562.0	-0.00871281495629	1562.0	-0.0106094131602
0.830993210456	-0.00820759826919	0.830993210456	-0.00983536492274	1492.0	-0.00820759826919	1492.0	-0.00983536492274
0.868236603641	-0.00797888507271	0.868236603641	-0.00952378640017	1428.0	-0.00797888507271	1428.0	-0.00952378640017
0.904994065693	-0.00847866677707	0.904994065693	-0.0101915721059	1370.0	-0.00847866677707	1370.0	-0.0101915721059
0.942129080547	-0.00861056608982	0.942129080547	-0.0103501875054	1316.0	-0.00861056608982	1316.0	-0.0103501875054
0.979337969984	-0.00945482139009	0.979337969984	-0.0112861354415	1266.0	-0.00945482139009	1266.0	-0.0112861354415
1.01626382787	-0.00961295122324	1.01626382787	-0.0115921875486	1220.0	-0.00961295122324	1220.0	-0.0115921875486
1.05249734295	-0.00927337077127	1.05249734295	-0.0112068239914	1178.0	-0.00927337077127	1178.0	-0.0112068239914
1.08949197715	-0.00721752173356	1.08949197715	-0.00888201700069	1138.0	-0.00721752173356	1138.0	-0.00888201700069
1.12712897273	-0.00452411509091	1.12712897273	-0.00591017189404	1100.0	-0.00452411509091	1100.0	-0.00591017189404
1.1630786773	-0.00500915543711	1.1630786773	-0.00678844754284	1066.0	-0.00500915543711	1066.0	-0.00678844754284
1.19907337524	-0.00602200159592	1.19907337524	-0.00815081643714	1034.0	-0.00602200159592	1034.0	-0.00815081643714
1.23490226096	-0.00580491420549	1.23490226096	-0.00758183140818	1004.0	-0.00580491420549	1004.0	-0.00758183140818
1.27032978484	-0.00431833682171	1.27032978484	-0.0062553996019	976.0	-0.00431833682171	976.0	-0.0062553996019
1.30785007384	0.00026198563761	1.30785007384	-0.0015583557434	948.0	0.00026198563761	948.0	-0.0015583557434
1.34473087852	0.00190035820813	1.34473087852	0.000370403191587	922.0	0.00190035820813	922.0	0.000370403191587
1.38067023385	0.00396640798204	1.38067023385	0.00224778421262	898.0	0.00396640798204	898.0	0.00224778421262
1.41534460046	0.00508150592549	1.41534460046	0.00369823128164	876.0	0.00508150592549	876.0	0.00369823128164
1.45180546838	0.00835133707115	1.45180546838	0.00602375673205	854.0	0.00835133707115	854.0	0.00602375673205
1.48662094724	0.0088837555501	1.48662094724	0.00576215914495	834.0	0.0088837555501	834.0	0.00576215914495
1.52314726044	0.0144022877708	1.52314726044	0.0126991919249	814.0	0.0144022877708	814.0	0.0126991919249
1.55759028894	0.0274234927659	1.55759028894	0.0253126746454	796.0	0.0274234927659	796.0	0.0253126746454
1.59362708226	0.0381945680228	1.59362708226	0.0367178523048	778.0	0.0381945680228	778.0	0.0367178523048
1.62708906824	0.0403085558731	1.62708906824	0.0396093589154	762.0	0.0403085558731	762.0	0.0396093589154
1.66198642091	0.0458760685154	1.66198642091	0.0438201066204	746.0	0.0458760685154	746.0	0.0438201066204
1.69841352055	0.0542874471728	1.69841352055	0.052504817061	730.0	0.0542874471728	730.0	0.052504817061
1.73162272346	0.0580288132358	1.73162272346	0.0564940600942	716.0	0.0580288132358	716.0	0.0564940600942
1.76615650997	0.0624528639688	1.76615650997	0.0602708428459	702.0	0.0624528639688	702.0	0.0602708428459
1.80209574128	0.0691777819669	1.80209574128	0.0670873345243	688.0	0.0691777819669	688.0	0.0670873345243
1.83408560651	0.0756133889028	1.83408560651	0.0735136726644	676.0	0.0756133889028	676.0	0.0735136726644
1.86723173193	0.0846359471011	1.86723173193	0.0830140060634	664.0	0.0846359471011	664.0	0.0830140060634
1.90159796012	0.0928058834336	1.90159796012	0.091930295196	652.0	0.0928058834336	652.0	0.091930295196
1.93725292187	0.101720799579	1.93725292187	0.0997269557952	640.0	0.101720799579	640.0	0.0997269557952
1.96800296825	0.105228406438	1.96800296825	0.103083948751	630.0	0.105228406438	630.0	0.103083948751
1.99974495161	0.111256663721	1.99974495161	0.109834552019	620.0	0.111256663721	620.0	0.109834552019
2.03252765574	0.120378734952	2.03252765574	0.118936285145	610.0	0.120378734952	610.0	0.118936285145
2.06640311667	0.128559577055	2.06640311667	0.126524699238	600.0	0.128559577055	600.0	0.126524699238
2.10142689831	0.13654818298	2.10142689831	0.134080651614	590.0	0.13654818298	590.0	0.134080651614
2.13031249141	0.142043501614	2.13031249141	0.140043827932	582.0	0.142043501614	582.0	0.140043827932
2.16755571678	0.164005321167	2.16755571678	0.16154216289	572.0	0.164005321167	572.0	0.16154216289
2.19830118794	0.177121697928	2.19830118794	0.174612480475	564.0	0.177121697928	564.0	0.174612480475
2.22993142086	0.189755144677	2.22993142086	0.188686789797	556.0	0.189755144677	556.0	0.188686789797
2.26248516423	0.210825124771	2.26248516423	0.208726744719	548.0	0.210825124771	548.0	0.208726744719
2.29600346296	0.235238129661	2.29600346296	0.232270808244	540.0	0.235238129661	540.0	0.232270808244
2.32180125468	0.247475810408	2.32180125468	0.244965504304	534.0	0.247475810408	534.0	0.244965504304
2.35711382129	0.279536878666	2.35711382129	0.278017545806	526.0	0.279536878666	526.0	0.278017545806
2.38431128846	0.306297395377	2.38431128846	0.304986021041	520.0	0.306297395377	520.0	0.304986021041
2.42156615234	0.349728621408	2.42156615234	0.346991451337	512.0	0.349728621408	512.0	0.346991451337
2.45028037549	0.370418860995	2.45028037549	0.368784899048	506.0	0.370418860995	506.0	0.368784899048
2.47968374	0.398260102901	2.47968374	0.397806290773	500.0	0.398260102901	500.0	0.397806290773
2.50980135628	0.438858962683	2.50980135628	0.435994913856	494.0	0.438858962683	494.0	0.435994913856
2.54065956967	0.474579957636	2.54065956967	0.471537718091	488.0	0.474579957636	488.0	0.471537718091
2.5616567562	0.490998011163	2.5616567562	0.489229657473	484.0	0.490998011163	484.0	0.489229657473
2.59381144351	0.548572514629	2.59381144351	0.544410323497	478.0	0.548572514629	478.0	0.544410323497
2.62678362288	0.619873047514	2.62678362288	0.618541792651	472.0	0.619873047514	472.0	0.618541792651
2.64923476496	0.656819113717	2.64923476496	0.658495183473	468.0	0.656819113717	468.0	0.658495183473
2.68364041126	0.717023910918	2.68364041126	0.716874589509	462.0	0.717023910918	462.0	0.716874589509
2.70707831878	0.753307023003	2.70707831878	0.748634142664	458.0	0.753307023003	458.0	0.748634142664
2.74301298673	0.828232095052	2.74301298673	0.824329786907	452.0	0.828232095052	452.0	0.824329786907
2.76750417411	0.886912796478	2.76750417411	0.886820649525	448.0	0.886912796478	448.0	0.886820649525
2.79243664414	0.956727196812	2.79243664414	0.954937480612	444.0	0.956727196812	444.0	0.954937480612
2.81782243182	1.01589455239	2.81782243182	1.01676798528	440.0	1.01589455239	440.0	1.01676798528
2.84367401376	1.07676352457	2.84367401376	1.07801014995	436.0	1.07676352457	436.0	1.07801014995
2.8700043287	1.1531217824	2.8700043287	1.14766526594	432.0	1.1531217824	432.0	1.14766526594
2.89682679907	1.22680513465	2.89682679907	1.22560386893	428.0	1.22680513465	428.0	1.22560386893
2.92415535377	1.31651514429	2.92415535377	1.31661415882	424.0	1.31651514429	424.0	1.31661415882
2.95200445238	1.42864971529	2.95200445238	1.42248235986	420.0	1.42864971529	420.0	1.42248235986
2.98038911058	1.54881585215	2.98038911058	1.5420630991	416.0	1.54881585215	416.0	1.5420630991
3.00932492718	1.70175789091	3.00932492718	1.69811973785	412.0	1.70175789091	412.0	1.69811973785
3.02400456098	1.79469840365	3.02400456098	1.79049139324	410.0	1.79469840365	410.0	1.79049139324
3.05379770936	2.03556522841	3.05379770936	2.03520037023	406.0	2.03556522841	406.0	2.03520037023
3.0689155198	2.15715398908	3.0689155198	2.1579281677	404.0	2.15715398908	404.0	2.1579281677
3.099604675	2.44053893846	3.099604675	2.44155062807	400.0	2.44053893846	400.0	2.44155062807
3.13091381313	2.78805826998	3.13091381313	2.78564674995	396.0	2.78805826998	396.0	2.78564674995
3.14680677665	2.98135288157	3.14680677665	2.98001374677	394.0	2.98135288157	394.0	2.98001374677
3.16286191327	3.1957647134	3.16286191327	3.20045090027	392.0	3.1957647134	392.0	3.20045090027
3.17908171795	3.40023912265	3.17908171795	3.40175654753	390.0	3.40023912265	390.0	3.40175654753
3.19546873711	3.77089972759	3.19546873711	3.77276973991	388.0	3.77089972759	388.0	3.77276973991
3.21202556995	3.9235479329	3.21202556995	3.92550008375	386.0	3.9235479329	386.0	3.92550008375
3.22875486979	4.35359035001	3.22875486979	4.35595519469	384.0	4.35359035001	384.0	4.35595519469
3.24565934555	4.69302553828	3.24565934555	4.69568516183	382.0	4.69302553828	382.0	4.69568516183
3.26274176316	5.05024118026	3.26274176316	5.05321005028	380.0	5.05024118026	380.0	5.05321005028
3.28000494709	5.57736446907	3.28000494709	5.58084417776	378.0	5.57736446907	378.0	5.58084417776
3.29745178191	6.02352238309	3.29745178191	6.02740263381	376.0	6.02352238309	376.0	6.02740263381
3.3150852139	6.63532624843	3.3150852139	6.63980289264	374.0	6.63532624843	374.0	6.63980289264
3.33290825269	7.25414830754	3.33290825269	7.25922049901	372.0	7.25414830754	372.0	7.25922049901
3.35092397297	7.99176459486	3.35092397297	7.99756775525	370.0	7.99176459486	370.0	7.99756775525
3.3691355163	8.83749601214	3.3691355163	8.84415591378	368.0	8.83749601214	368.0	8.84415591378
3.3875460929	9.78547264409	3.3875460929	9.79309639974	366.0	9.78547264409	366.0	9.79309639974
3.40615898352	10.8651459105	3.40615898352	10.8738860036	364.0	10.8651459105	364.0	10.8738860036
3.42497754144	12.0830490785	3.42497754144	12.093063252	362.0	12.0830490785	362.0	12.093063252
3.44400519444	13.4745953671	3.44400519444	13.4860836853	360.0	13.4745953671	360.0	13.4860836853
3.46324544693	15.0382100668	3.46324544693	15.0513680255	358.0	15.0382100668	358.0	15.0513680255
3.48270188202	16.8614327778	3.48270188202	16.8765618797	356.0	16.8614327778	356.0	16.8765618797
3.50237816384	18.7314653357	3.50237816384	18.7486049409	354.0	18.7314653357	354.0	18.7486049409
3.52227803977	20.8714509403	3.52227803977	20.8909107743	352.0	20.8714509403	352.0	20.8909107743
3.54240534286	22.4708918499	3.54240534286	22.4919812507	350.0	22.4708918499	350.0	22.4919812507
