Column 1: lambda in nm
Column 2: n2, linear interp.
Column 3: energy in eV
Column 4: n2, linear interp.
Column 5: lambda in nm
Column 6: n2, spline interp.
Column 7: energy in eV
Column 8: n2, spline interp.
0.324565934555	2.81348348481	3820.0	2.81348348481	0.324565934555	2.81279323464	3820.0	2.81279323464
0.33875460929	2.8240051134	3660.0	2.8240051134	0.33875460929	2.82331228189	3660.0	2.82331228189
0.353231301994	2.83137025341	3510.0	2.83137025341	0.353231301994	2.83067561497	3510.0	2.83067561497
0.367905599407	2.83663106771	3370.0	2.83663106771	0.367905599407	2.83593513859	3370.0	2.83593513859
0.382667243827	2.84083971914	3240.0	2.84083971914	0.382667243827	2.84014275749	3240.0	2.84014275749
0.397385214744	2.84504837058	3120.0	2.84504837058	0.397385214744	2.84435037639	3120.0	2.84435037639
0.411907598007	2.85030918487	3010.0	2.85030918487	0.411907598007	2.84960990002	3010.0	2.84960990002
0.426062498282	2.85767432489	2910.0	2.85767432489	0.426062498282	2.85697323309	2910.0	2.85697323309
0.441224864769	2.85802504584	2810.0	2.85802504584	0.441224864769	2.857323868	2810.0	2.857323868
0.455824216912	2.86188297632	2720.0	2.86188297632	0.455824216912	2.86118085199	2720.0	2.86118085199
0.46963707197	2.87030027919	2640.0	2.87030027919	0.46963707197	2.86959608979	2640.0	2.86959608979
0.486212498039	2.86188297632	2550.0	2.86188297632	0.486212498039	2.86118085199	2550.0	2.86118085199
0.499332207008	2.87377241663	2483.0	2.87377241663	0.499332207008	2.87306737538	2483.0	2.87306737538
0.514030626036	2.8761923912	2412.0	2.8761923912	0.514030626036	2.87548675625	2412.0	2.87548675625
0.528717215352	2.87854222159	2345.0	2.87854222159	0.528717215352	2.87783601014	2345.0	2.87783601014
0.543313702892	2.88124277293	2282.0	2.88124277293	0.543313702892	2.88053589893	2282.0	2.88053589893
0.557482855216	2.88601257789	2224.0	2.88601257789	0.557482855216	2.88530453368	2224.0	2.88530453368
0.572410835642	2.88671401979	2166.0	2.88671401979	0.572410835642	2.8860058035	2166.0	2.8860058035
0.586768513961	2.89018615723	2113.0	2.89018615723	0.586768513961	2.88947708909	2113.0	2.88947708909
0.600989757635	2.894149304	2063.0	2.894149304	0.600989757635	2.89343926356	2063.0	2.89343926356
0.615917471436	2.89460524124	2013.0	2.89460524124	0.615917471436	2.89389508894	2013.0	2.89389508894
0.630321235384	2.89744608096	1967.0	2.89744608096	0.630321235384	2.8967352317	1967.0	2.8967352317
0.644743562142	2.9000764881	1923.0	2.9000764881	0.644743562142	2.89936499351	1923.0	2.89936499351
0.659490356383	2.90116372306	1880.0	2.90116372306	0.659490356383	2.90045196172	1880.0	2.90045196172
0.673827103261	2.90396949068	1840.0	2.90396949068	0.673827103261	2.90325704099	1840.0	2.90325704099
0.68841858412	2.90558280706	1801.0	2.90558280706	0.68841858412	2.90486996157	1801.0	2.90486996157
0.702858202948	2.90775727697	1764.0	2.90775727697	0.702858202948	2.907043898	1764.0	2.907043898
0.717501082176	2.9090198724	1728.0	2.9090198724	0.717501082176	2.90830618367	1728.0	2.90830618367
0.732334240992	2.90947580964	1693.0	2.90947580964	0.732334240992	2.90876200905	1693.0	2.90876200905
0.746443028296	2.91273751451	1661.0	2.91273751451	0.746443028296	2.9120229137	1661.0	2.9120229137
0.761106120319	2.91375460527	1629.0	2.91375460527	0.761106120319	2.91303975493	1629.0	2.91303975493
0.775871007509	2.91435083089	1598.0	2.91435083089	0.775871007509	2.91363583428	1598.0	2.91363583428
0.79021151689	2.9164902287	1569.0	2.9164902287	0.79021151689	2.91577470722	1569.0	2.91577470722
0.804569675535	2.91848933813	1541.0	2.91848933813	0.804569675535	2.9177733262	1541.0	2.9177733262
0.818918011889	2.92045337547	1514.0	2.92045337547	0.818918011889	2.91973688168	1514.0	2.91973688168
0.833227063172	2.922487557	1488.0	2.922487557	0.833227063172	2.92177056415	1488.0	2.92177056415
0.84804505472	2.92269798957	1462.0	2.92269798957	0.84804505472	2.9219809451	1462.0	2.9219809451
0.86219879694	2.92515303624	1438.0	2.92515303624	0.86219879694	2.92443538945	1438.0	2.92443538945
0.876833005658	2.92592462234	1414.0	2.92592462234	0.876833005658	2.92520678625	1414.0	2.92520678625
0.890690998563	2.9292213993	1392.0	2.9292213993	0.890690998563	2.92850275439	1392.0	2.92850275439
0.905655127831	2.92883560625	1369.0	2.92883560625	0.905655127831	2.92811705599	1369.0	2.92811705599
0.919763998516	2.93118543663	1348.0	2.93118543663	0.919763998516	2.93046630988	1348.0	2.93046630988
0.934319419744	2.93206223901	1327.0	2.93206223901	0.934319419744	2.93134289715	1327.0	2.93134289715
0.948616579954	2.93371062749	1307.0	2.93371062749	0.948616579954	2.93299088122	1307.0	2.93299088122
0.962610147516	2.93623581836	1288.0	2.93623581836	0.962610147516	2.93551545256	1288.0	2.93551545256
0.977022750197	2.9374282696	1269.0	2.9374282696	0.977022750197	2.93670761125	1269.0	2.93670761125
0.991080631495	2.9396378116	1251.0	2.9396378116	0.991080631495	2.93891661117	1251.0	2.93891661117
1.00554896188	2.94058475817	1233.0	2.94058475817	1.00554896188	2.93986332542	1233.0	2.93986332542
1.01960680099	2.94268908389	1216.0	2.94268908389	1.01960680099	2.94196713487	1216.0	2.94196713487
1.03406327773	2.94360095837	1199.0	2.94360095837	1.03406327773	2.94287878563	1199.0	2.94287878563
1.04804891801	2.94581050037	1183.0	2.94581050037	1.04804891801	2.94508778556	1183.0	2.94508778556
1.06241805484	2.94689773533	1167.0	2.94689773533	1.06241805484	2.94617475377	1167.0	2.94617475377
1.07718668115	2.94686266323	1151.0	2.94686266323	1.07718668115	2.94613969028	1151.0	2.94613969028
1.09141009683	2.94830061914	1136.0	2.94830061914	1.09141009683	2.9475772934	1136.0	2.9475772934
1.10502840463	2.95131681933	1122.0	2.95131681933	1.10502840463	2.95059275362	1122.0	2.95059275362
1.1189908574	2.95335100086	1108.0	2.95335100086	1.1189908574	2.95262643608	1108.0	2.95262643608
1.13331066728	2.95440316372	1094.0	2.95440316372	1.13331066728	2.95367834081	1094.0	2.95367834081
1.14800173148	2.95447330791	1080.0	2.95447330791	1.14800173148	2.95374846779	1080.0	2.95374846779
1.16198863168	2.95633212896	1067.0	2.95633212896	1.16198863168	2.95560683281	1067.0	2.95560683281
1.17632055977	2.95727907553	1054.0	2.95727907553	1.17632055977	2.95655354706	1054.0	2.95655354706
1.18986743762	2.96015498735	1042.0	2.96015498735	1.18986743762	2.95942875331	1042.0	2.95942875331
1.20372997087	2.96218916888	1030.0	2.96218916888	1.20372997087	2.96146243577	1030.0	2.96146243577
1.2179193222	2.96338162012	1018.0	2.96338162012	1.2179193222	2.96265459446	1018.0	2.96265459446
1.23244718688	2.96373234107	1006.0	2.96373234107	1.23244718688	2.96300522937	1006.0	2.96300522937
1.24607223116	2.96622245983	995.0	2.96622245983	1.24607223116	2.96549473722	995.0	2.96549473722
1.26000190041	2.9679409925	984.0	2.9679409925	1.26000190041	2.96721284827	984.0	2.96721284827
1.27424652621	2.96888793908	973.0	2.96888793908	1.27424652621	2.96815956252	973.0	2.96815956252
1.28881691268	2.96906329955	962.0	2.96906329955	1.28881691268	2.96833487998	962.0	2.96833487998
1.30235490546	2.97158849042	952.0	2.97158849042	1.30235490546	2.97085945132	952.0	2.97085945132
1.31618032909	2.97341223937	942.0	2.97341223937	1.31618032909	2.97268275284	942.0	2.97268275284
1.33030243562	2.97453454642	932.0	2.97453454642	1.33030243562	2.97380478455	932.0	2.97380478455
1.34473087852	2.97495541156	922.0	2.97495541156	1.34473087852	2.97422554644	922.0	2.97422554644
1.35798671413	2.97793653966	913.0	2.97793653966	1.35798671413	2.97720594316	913.0	2.97720594316
1.37150649336	2.98028637005	904.0	2.98028637005	1.37150649336	2.97955519704	904.0	2.97955519704
1.38684772931	2.97867305367	894.0	2.97867305367	1.38684772931	2.97794227647	894.0	2.97794227647
1.39937005643	2.98309213767	886.0	2.98309213767	1.39937005643	2.98236027631	886.0	2.98236027631
1.41373075257	2.98354807491	877.0	2.98354807491	1.41373075257	2.98281610169	877.0	2.98281610169
1.42838925115	2.98337271444	868.0	2.98337271444	1.42838925115	2.98264078424	868.0	2.98264078424
1.44167659302	2.98603819368	860.0	2.98603819368	1.44167659302	2.98530560954	860.0	2.98530560954
1.45521346244	2.9881425194	852.0	2.9881425194	1.45521346244	2.98740941899	852.0	2.98740941899
1.46900695498	2.98968569159	844.0	2.98968569159	1.46900695498	2.98895221259	844.0	2.98895221259
1.4830644378	2.99066771026	836.0	2.99066771026	1.4830644378	2.98993399033	836.0	2.98993399033
1.4973935628	2.9910885754	828.0	2.9910885754	1.4973935628	2.99035475222	828.0	2.99035475222
1.51016062119	2.99459578493	821.0	2.99459578493	1.51016062119	2.9938611013	821.0	2.9938611013
1.52314726044	2.99761198513	814.0	2.99761198513	1.52502075031	2.99319489498	813.0	2.99319489498
1.53826534739	2.99641953389	806.0	2.99641953389	1.53826534739	2.99568440283	806.0	2.99568440283
1.55174201502	2.99841864332	799.0	2.99841864332	1.55174201502	2.99768302181	799.0	2.99768302181
1.56545690657	2.99992674342	792.0	2.99992674342	1.56545690657	2.99919075191	792.0	2.99919075191
1.5794163949	3.00094383418	785.0	3.00094383418	1.5794163949	3.00020759315	785.0	3.00020759315
1.59362708226	3.00146991561	778.0	3.00146991561	1.59362708226	3.00073354551	778.0	3.00073354551
1.60601278497	3.00539799028	772.0	3.00539799028	1.60601278497	3.00466065648	772.0	3.00466065648
1.6207083268	3.00497712514	765.0	3.00497712514	1.6207083268	3.00423989459	765.0	3.00423989459
1.63352025033	3.00802839743	759.0	3.00802839743	1.63352025033	3.00729041829	759.0	3.00729041829
1.64653634794	3.01065880458	753.0	3.01065880458	1.64653634794	3.00992018011	753.0	3.00992018011
1.65976153949	3.01286834658	747.0	3.01286834658	1.65976153949	3.01212918003	747.0	3.01212918003
1.67320090418	3.01465702344	741.0	3.01465702344	1.67320090418	3.01391741806	741.0	3.01391741806
1.68685968707	3.01602483516	735.0	3.01602483516	1.68685968707	3.0152848942	735.0	3.0152848942
1.7007433059	3.01697178173	729.0	3.01697178173	1.7007433059	3.01623160846	729.0	3.01623160846
1.71485735823	3.01749786316	723.0	3.01749786316	1.71485735823	3.01675756082	723.0	3.01675756082
1.72679926184	3.02181173088	718.0	3.02181173088	1.72679926184	3.02107037019	718.0	3.02107037019
1.74135094101	3.02153115412	712.0	3.02153115412	1.74135094101	3.02078986226	712.0	3.02078986226
1.75366601132	3.02510850784	707.0	3.02510850784	1.75366601132	3.02436633833	707.0	3.02436633833
1.76867599144	3.02402127289	701.0	3.02402127289	1.76867599144	3.02327937011	701.0	3.02327937011
1.78138199713	3.02686211261	696.0	3.02686211261	1.78138199713	3.02611951287	696.0	3.02611951287
1.79427188133	3.02935223137	691.0	3.02935223137	1.79427188133	3.02860902072	691.0	3.02860902072
1.80734966472	3.03149162918	686.0	3.03149162918	1.80734966472	3.03074789366	686.0	3.03074789366
1.82061948605	3.03328030604	681.0	3.03328030604	1.82061948605	3.03253613169	681.0	3.03253613169
1.83408560651	3.03471826195	676.0	3.03471826195	1.83408560651	3.03397373482	676.0	3.03397373482
1.84775241431	3.03580549691	671.0	3.03580549691	1.84775241431	3.03506070303	671.0	3.03506070303
1.86162442943	3.03654201091	666.0	3.03654201091	1.86162442943	3.03579703634	666.0	3.03579703634
1.87287291541	3.04152224844	662.0	3.04152224844	1.87287291541	3.04077605204	662.0	3.04077605204
1.88712613394	3.04159239263	657.0	3.04159239263	1.88712613394	3.04084617902	657.0	3.04084617902
1.90159796012	3.04131181587	652.0	3.04131181587	1.90159796012	3.04056567109	652.0	3.04056567109
1.91333621914	3.04538017892	648.0	3.04538017892	1.91333621914	3.04463303603	648.0	3.04463303603
1.92522029503	3.04916796521	644.0	3.04916796521	1.92522029503	3.04841989304	644.0	3.04841989304
1.94028461659	3.04790536978	639.0	3.04790536978	1.94028461659	3.04715760737	639.0	3.04715760737
1.95250688189	3.05109693046	635.0	3.05109693046	1.95250688189	3.05034838504	635.0	3.05034838504
1.9648841046	3.05400791437	631.0	3.05400791437	1.9648841046	3.05325865478	631.0	3.05325865478
1.9774192504	3.05663832151	627.0	3.05663832151	1.9774192504	3.05588841659	627.0	3.05588841659
1.99011536116	3.0589881519	623.0	3.0589881519	1.99011536116	3.05823767047	623.0	3.05823767047
2.00297555735	3.06105740552	619.0	3.06105740552	2.00297555735	3.06030641643	619.0	3.06030641643
2.01600304065	3.06284608238	615.0	3.06284608238	2.01600304065	3.06209465447	615.0	3.06209465447
2.02920109656	3.06435418248	611.0	3.06435418248	2.02920109656	3.06360238457	611.0	3.06360238457
2.0425730972	3.06558170581	607.0	3.06558170581	2.0425730972	3.06482960675	607.0	3.06482960675
2.05612250415	3.06652865239	603.0	3.06652865239	2.05612250415	3.065776321	603.0	3.065776321
2.06985287145	3.0671950222	599.0	3.0671950222	2.06985287145	3.06644252733	599.0	3.06644252733
2.08027159396	3.07273641326	596.0	3.07273641326	2.08027159396	3.07198255888	596.0	3.07198255888
2.09432748311	3.07287670164	592.0	3.07287670164	2.09432748311	3.07212281284	592.0	3.07212281284
2.10499468591	3.07796215545	589.0	3.07796215545	2.10499468591	3.07720701901	589.0	3.07720701901
2.11938781197	3.07757636241	585.0	3.07757636241	2.11938781197	3.07682132062	585.0	3.07682132062
2.13031249141	3.08220587899	582.0	3.08220587899	2.13031249141	3.08144970141	582.0	3.08144970141
2.14505513841	3.08129400451	578.0	3.08129400451	2.14505513841	3.08053805064	578.0	3.08053805064
2.15624673043	3.08546758385	575.0	3.08546758385	2.15624673043	3.08471060605	575.0	3.08471060605
2.17135178634	3.08402962794	571.0	3.08402962794	2.17135178634	3.08327300293	571.0	3.08327300293
2.18282019366	3.08774727004	568.0	3.08774727004	2.18282019366	3.08698973296	568.0	3.08698973296
2.19441038938	3.09125447957	565.0	3.09125447957	2.19441038938	3.09049608204	565.0	3.09049608204
2.20612432384	3.09455125653	562.0	3.09455125653	2.20612432384	3.09379205018	562.0	3.09379205018
2.22193883513	3.09209620986	558.0	3.09209620986	2.22193883513	3.09133760582	558.0	3.09133760582
2.23394931532	3.09493704958	555.0	3.09493704958	2.23394931532	3.09417774858	555.0	3.09417774858
2.2460903442	3.09756745673	552.0	3.09756745673	2.2460903442	3.09680751039	552.0	3.09680751039
2.25836406193	3.0999874313	549.0	3.0999874313	2.25836406193	3.09922689126	549.0	3.09922689126
2.27077265568	3.10219697331	546.0	3.10219697331	2.27077265568	3.10143589118	546.0	3.10143589118
2.28331836096	3.10419608274	543.0	3.10419608274	2.28331836096	3.10343451016	543.0	3.10343451016
2.29600346296	3.1059847596	540.0	3.1059847596	2.29600346296	3.10522274819	540.0	3.10522274819
2.30453879182	3.11334989961	538.0	3.11334989961	2.30453879182	3.11258608127	538.0	3.11258608127
2.31746143925	3.11475278342	535.0	3.11475278342	2.31746143925	3.1139886209	535.0	3.1139886209
2.33052983083	3.11594523466	532.0	3.11594523466	2.33052983083	3.11518077959	532.0	3.11518077959
2.34374644612	3.11692725333	529.0	3.11692725333	2.34374644612	3.11616255733	529.0	3.11616255733
2.35264111954	3.12362602353	527.0	3.12362602353	2.35264111954	3.12285968408	527.0	3.12285968408
2.36611043893	3.12422224915	524.0	3.12422224915	2.36611043893	3.12345576342	524.0	3.12345576342
2.37973487524	3.1246080422	521.0	3.1246080422	2.37973487524	3.12384146182	521.0	3.12384146182
2.38890533719	3.13081580307	519.0	3.13081580307	2.38890533719	3.1300476997	519.0	3.1300476997
2.40279432171	3.13081580307	516.0	3.13081580307	2.40279432171	3.1300476997	516.0	3.1300476997
2.41684575049	3.1306053705	513.0	3.1306053705	2.41684575049	3.12983731876	513.0	3.12983731876
2.42630502935	3.13632212203	511.0	3.13632212203	2.42630502935	3.13555266776	511.0	3.13555266776
2.44063360236	3.13572589641	508.0	3.13572589641	2.44063360236	3.13495658842	508.0	3.13495658842
2.45028037549	3.14112699909	506.0	3.14112699909	2.45028037549	3.14035636601	506.0	3.14035636601
2.46000371032	3.14638781338	504.0	3.14638781338	2.46000371032	3.14561588963	504.0	3.14561588963
2.47473427146	3.14523043424	501.0	3.14523043424	2.47473427146	3.14445879443	501.0	3.14445879443
2.48465304609	3.15017559967	499.0	3.15017559967	2.48465304609	3.14940274664	499.0	3.14940274664
2.49968118952	3.14863242748	496.0	3.14863242748	2.49968118952	3.14785995304	496.0	3.14785995304
2.50980135628	3.15326194406	494.0	3.15326194406	2.50980135628	3.15248833383	494.0	3.15248833383
2.52000380081	3.15775117226	492.0	3.15775117226	2.52000380081	3.15697646066	492.0	3.15697646066
2.53028953061	3.16210011207	490.0	3.16210011207	2.53028953061	3.16132433352	490.0	3.16132433352
2.54587652977	3.15982042588	487.0	3.15982042588	2.54587652977	3.15904520662	487.0	3.15904520662
2.55637498969	3.16385371684	485.0	3.16385371684	2.55637498969	3.16307750807	485.0	3.16307750807
2.56696039337	3.16774671942	483.0	3.16774671942	2.56696039337	3.16696955555	483.0	3.16696955555
2.57763382536	3.17149943361	481.0	3.17149943361	2.57763382536	3.17072134907	481.0	3.17072134907
2.58839638831	3.17511185943	479.0	3.17511185943	2.58839638831	3.17433288862	479.0	3.17433288862
2.60470981092	3.17192029876	476.0	3.17192029876	2.60470981092	3.17114211096	476.0	3.17114211096
2.61570014768	3.17521707572	474.0	3.17521707572	2.61570014768	3.1744380791	474.0	3.1744380791
2.62678362288	3.17837356429	472.0	3.17837356429	2.62678362288	3.17759379327	472.0	3.17759379327
2.63796142553	3.18138976449	470.0	3.18138976449	2.63796142553	3.18060925348	470.0	3.18060925348
2.64923476496	3.1842656763	468.0	3.1842656763	2.64923476496	3.18348445973	468.0	3.18348445973
2.66060487124	3.18700129974	466.0	3.18700129974	2.66060487124	3.18621941202	466.0	3.18621941202
2.67207299569	3.18959663479	464.0	3.18959663479	2.67207299569	3.18881411034	464.0	3.18881411034
2.67784421166	3.19896088423	463.0	3.19896088423	2.67784421166	3.19817606239	463.0	3.19817606239
2.68946175705	3.20131071462	461.0	3.20131071462	2.68946175705	3.20052531628	461.0	3.20052531628
2.70118054466	3.20352025662	459.0	3.20352025662	2.70118054466	3.2027343162	459.0	3.2027343162
2.71300190372	3.20558951024	457.0	3.20558951024	2.71300190372	3.20480306216	457.0	3.20480306216
2.72492718681	3.20751847549	455.0	3.20751847549	2.72492718681	3.20673155415	455.0	3.20673155415
2.73695777042	3.20930715235	453.0	3.20930715235	2.73695777042	3.20851979219	453.0	3.20851979219
2.74909505543	3.21095554082	451.0	3.21095554082	2.74909505543	3.21016777625	451.0	3.21016777625
2.75520415556	3.21961834836	450.0	3.21961834836	2.75520415556	3.21882845849	450.0	3.21882845849
2.76750417411	3.22102123218	448.0	3.22102123218	2.76750417411	3.22023099812	448.0	3.22023099812
2.77991450673	3.22228382761	446.0	3.22228382761	2.77991450673	3.22149328379	446.0	3.22149328379
2.79243664414	3.22340613466	444.0	3.22340613466	2.79243664414	3.2226153155	444.0	3.2226153155
2.79874011287	3.23168314915	443.0	3.23168314915	2.79874011287	3.23089029934	443.0	3.23089029934
2.81143281179	3.23255995153	441.0	3.23255995153	2.81143281179	3.23176688661	441.0	3.23176688661
2.82424116173	3.23329646553	439.0	3.23329646553	2.82424116173	3.23250321992	439.0	3.23250321992
2.83068920091	3.24129290326	438.0	3.24129290326	2.83068920091	3.24049769583	438.0	3.24049769583
2.84367401376	3.24178391259	436.0	3.24178391259	2.84367401376	3.2409885847	436.0	3.2409885847
2.8567785023	3.24213463354	434.0	3.24213463354	2.8567785023	3.24133921961	434.0	3.24133921961
2.86337614319	3.24985049451	433.0	3.24985049451	2.86337614319	3.24905318759	433.0	3.24905318759
2.87666327146	3.2499557108	431.0	3.2499557108	2.87666327146	3.24915837806	431.0	3.24915837806
2.88335318605	3.25749621129	430.0	3.25749621129	2.88335318605	3.25669702859	430.0	3.25669702859
2.89682679907	3.2573559229	428.0	3.2573559229	2.89682679907	3.25655677463	428.0	3.25655677463
2.90361093677	3.26472106292	427.0	3.26472106292	2.90361093677	3.2639201077	427.0	3.2639201077
2.91727498824	3.26433526987	425.0	3.26433526987	2.91727498824	3.2635344093	425.0	3.2635344093
2.92415535377	3.2715250494	424.0	3.2715250494	2.92415535377	3.27072242492	424.0	3.27072242492
2.93801390995	3.27089375169	422.0	3.27089375169	2.93801390995	3.27009128209	422.0	3.27009128209
2.94499256532	3.27790817075	421.0	3.27790817075	2.94499256532	3.27710398026	421.0	3.27710398026
2.95904980907	3.27703136837	419.0	3.27703136837	2.95904980907	3.27622739298	419.0	3.27622739298
2.9661288756	3.28387042695	418.0	3.28387042695	2.9661288756	3.2830647737	418.0	3.2830647737
2.98038911058	3.2827481199	416.0	3.2827481199	2.98038911058	3.28194274199	416.0	3.28194274199
2.98757077108	3.28941181801	415.0	3.28941181801	2.98757077108	3.28860480525	415.0	3.28860480525
2.9947871256	3.29600537192	414.0	3.29600537192	2.9947871256	3.29519674152	414.0	3.29519674152
3.00932492718	3.29453234392	412.0	3.29453234392	3.00932492718	3.29372407491	412.0	3.29372407491
3.01664688564	3.30095053736	411.0	3.30095053736	3.01664688564	3.30014069373	411.0	3.30014069373
3.02400456098	3.30729858661	410.0	3.30729858661	3.02400456098	3.30648718557	410.0	3.30648718557
3.03882811275	3.30547483765	408.0	3.30547483765	3.03882811275	3.30466388405	408.0	3.30466388405
3.04629452088	3.31164752643	407.0	3.31164752643	3.04629452088	3.31083505844	407.0	3.31083505844
3.05379770936	3.31775007101	406.0	3.31775007101	3.05379770936	3.31693610584	406.0	3.31693610584
3.0689155198	3.3155756011	404.0	3.3155756011	3.0689155198	3.31476216941	404.0	3.31476216941
3.07653069479	3.3215027852	403.0	3.3215027852	3.07653069479	3.32068789936	403.0	3.32068789936
3.08418375622	3.32735982512	402.0	3.32735982512	3.08418375622	3.32654350233	402.0	3.32654350233
3.09187498753	3.33314672084	401.0	3.33314672084	3.09187498753	3.33232897832	401.0	3.33232897832
3.10737310777	3.3305163137	399.0	3.3305163137	3.10737310777	3.3296992165	399.0	3.3296992165
3.11518057789	3.33612784894	398.0	3.33612784894	3.11518057789	3.33530937504	398.0	3.33530937504
3.12302738035	3.34166924	397.0	3.34166924	3.12302738035	3.34084940659	397.0	3.34084940659
3.13091381313	3.34714048687	396.0	3.34714048687	3.13091381313	3.34631931116	396.0	3.34631931116
3.13884017722	3.35254158954	395.0	3.35254158954	3.13884017722	3.35171908875	395.0	3.35171908875
3.15481391858	3.34935002887	393.0	3.34935002887	3.15481391858	3.34852831108	393.0	3.34852831108
3.16286191327	3.35457577107	392.0	3.35457577107	3.16286191327	3.35375277122	392.0	3.35375277122
3.17095107417	3.35973136908	391.0	3.35973136908	3.17095107417	3.35890710437	391.0	3.35890710437
3.17908171795	3.3648168229	390.0	3.3648168229	3.17908171795	3.36399131054	390.0	3.36399131054
