Column 1: energy in eV
Column 2: alpha *1e3 in 1/cm, linear interpolation
Column 3: energy in eV
Column 4: alpha *1e3 in 1/cm, spline interpolation
Column 5: lambda in nm
Column 6: alpha *1e3 in 1/cm, linear interpolation
Column 7: lambda in nm
Column 8: alpha *1e3 in 1/cm, spline interpolation
0.282424116173	0.1997613809	0.280507210407	0.155368273743	4390.0	0.1997613809	4420.0	0.155368273743
0.312302738035	0.530872595041	0.312302738035	0.576076975634	3970.0	0.530872595041	3970.0	0.576076975634
0.346324544693	1.02109679803	0.346324544693	1.02662116477	3580.0	1.02109679803	3580.0	1.02662116477
0.383851972136	1.44410411991	0.385044059006	1.50266661888	3230.0	1.44410411991	3220.0	1.50266661888
0.420285379661	1.75426457041	0.418865496622	1.81707435084	2950.0	1.75426457041	2960.0	1.81707435084
0.449218068841	1.82464687478	0.449218068841	1.91298736738	2760.0	1.82464687478	2760.0	1.91298736738
0.486212498039	1.53476547609	0.486212498039	1.60631904156	2550.0	1.53476547609	2550.0	1.60631904156
0.521818968855	0.978790633888	0.520941962185	1.00031080336	2376.0	0.978790633888	2380.0	1.00031080336
0.551285847043	0.563248844499	0.551776533155	0.537123232705	2249.0	0.563248844499	2247.0	0.537123232705
0.58235879286	0.306429508842	0.58235879286	0.268137303982	2129.0	0.306429508842	2129.0	0.268137303982
0.613479401286	0.181525081621	0.613175999011	0.156802495605	2021.0	0.181525081621	2022.0	0.156802495605
0.644408456341	0.129718368481	0.644743562142	0.119287965795	1924.0	0.129718368481	1923.0	0.119287965795
0.67603155398	0.112910891066	0.67603155398	0.106936083883	1834.0	0.112910891066	1834.0	0.106936083883
0.706865376283	0.110609966746	0.7072686081	0.10615745362	1754.0	0.110609966746	1753.0	0.10615745362
0.738440661108	0.115980432001	0.738440661108	0.111883424847	1679.0	0.115980432001	1679.0	0.111883424847
0.769610099317	0.121728181913	0.769610099317	0.118726519159	1611.0	0.121728181913	1611.0	0.118726519159
0.801449172592	0.130219705107	0.801449172592	0.126971751626	1547.0	0.130219705107	1547.0	0.126971751626
0.832667474815	0.138955677033	0.832667474815	0.135809363065	1489.0	0.138955677033	1489.0	0.135809363065
0.864001303136	0.149316242259	0.864001303136	0.146631238793	1435.0	0.149316242259	1435.0	0.146631238793
0.897785568429	0.162442137308	0.897785568429	0.159385874917	1381.0	0.162442137308	1381.0	0.159385874917
0.926638168909	0.168439963121	0.926638168909	0.165752195771	1338.0	0.168439963121	1338.0	0.165752195771
0.958146731066	0.17839375785	0.958146731066	0.175838537539	1294.0	0.17839375785	1294.0	0.175838537539
0.989498699122	0.189624369054	0.989498699122	0.186395438027	1253.0	0.189624369054	1253.0	0.186395438027
1.02044598354	0.198205559415	1.02044598354	0.195696863579	1215.0	0.198205559415	1215.0	0.195696863579
1.05160463953	0.208143864458	1.05160463953	0.205498047592	1179.0	0.208143864458	1179.0	0.205498047592
1.08283132751	0.220404322568	1.08283132751	0.216936360977	1145.0	0.220404322568	1145.0	0.216936360977
1.11296397666	0.231534204938	1.11296397666	0.228567381364	1114.0	0.231534204938	1114.0	0.228567381364
1.14376556273	0.245729796394	1.14376556273	0.243046137333	1084.0	0.245729796394	1084.0	0.243046137333
1.17520556398	0.263135668474	1.17520556398	0.260417109942	1055.0	0.263135668474	1055.0	0.260417109942
1.20607185798	0.278428210402	1.20607185798	0.275978604039	1028.0	0.278428210402	1028.0	0.275978604039
1.23613346959	0.294412196944	1.23613346959	0.291952552704	1003.0	0.294412196944	1003.0	0.291952552704
1.26643704801	0.310505910514	1.26643704801	0.307639268276	979.0	0.310505910514	979.0	0.307639268276
1.29690572176	0.328891828283	1.29690572176	0.326220245484	956.0	0.328891828283	956.0	0.326220245484
1.32745382227	0.348778262624	1.32745382227	0.346299597827	934.0	0.348778262624	934.0	0.346299597827
1.35798671413	0.370814992817	1.35798671413	0.368192852983	913.0	0.370814992817	913.0	0.368192852983
1.38840075028	0.393317015751	1.38840075028	0.391074478578	893.0	0.393317015751	893.0	0.391074478578
1.41858337529	0.415857688154	1.41858337529	0.414471325881	874.0	0.415857688154	874.0	0.414471325881
1.44841339953	0.437455259719	1.44841339953	0.43621888002	856.0	0.437455259719	856.0	0.43621888002
1.47952490453	0.461157561331	1.47952490453	0.457146970426	838.0	0.461157561331	838.0	0.457146970426
1.50832344282	0.481579571993	1.50832344282	0.476945221715	822.0	0.481579571993	822.0	0.476945221715
1.53826534739	0.515176381933	1.53826534739	0.513242761491	806.0	0.515176381933	806.0	0.513242761491
1.56743599241	0.563509854331	1.56743599241	0.561462112381	791.0	0.563509854331	791.0	0.561462112381
1.59773436856	0.603935108536	1.59773436856	0.604140143638	776.0	0.603935108536	776.0	0.604140143638
1.62708906824	0.631027131177	1.62708906824	0.631729373198	762.0	0.631027131177	762.0	0.631729373198
1.65754260695	0.6629033725	1.65754260695	0.66022795255	748.0	0.6629033725	748.0	0.66022795255
1.68685968707	0.696141432973	1.68685968707	0.693578147462	735.0	0.696141432973	735.0	0.693578147462
1.71485735823	0.729684498527	1.71485735823	0.72829681533	723.0	0.729684498527	723.0	0.72829681533
1.74380009845	0.766548067461	1.74380009845	0.7653959322	711.0	0.766548067461	711.0	0.7653959322
1.77373658083	0.806971984089	1.77373658083	0.805926323052	699.0	0.806971984089	699.0	0.805926323052
1.80209574128	0.84554018809	1.80209574128	0.844743257742	688.0	0.84554018809	688.0	0.844743257742
1.83137646972	0.886278493059	1.83137646972	0.8855314527	677.0	0.886278493059	677.0	0.8855314527
1.85883338831	0.923354130004	1.85883338831	0.922535962211	667.0	0.923354130004	667.0	0.922535962211
1.89000285061	0.968991388549	1.89000285061	0.96859691218	656.0	0.968991388549	656.0	0.96859691218
1.91629346213	1.00605790572	1.91629346213	1.00590805113	647.0	1.00605790572	647.0	1.00590805113
1.94637656201	1.05094711261	1.94637656201	1.05095622631	637.0	1.05094711261	637.0	1.05095622631
1.97427049363	1.08931239579	1.97427049363	1.08894520405	628.0	1.08931239579	628.0	1.08894520405
2.00297555735	1.13067615594	2.00297555735	1.12980001981	619.0	1.13067615594	619.0	1.12980001981
2.02920109656	1.17196716114	2.02920109656	1.17074013578	611.0	1.17196716114	611.0	1.17074013578
2.05612250415	1.22027168344	2.05612250415	1.21941693353	603.0	1.22027168344	603.0	1.21941693353
2.08376784874	1.27500155169	2.08376784874	1.27490189804	595.0	1.27500155169	595.0	1.27490189804
2.11216672913	1.33668273151	2.11216672913	1.33579945874	587.0	1.33668273151	587.0	1.33579945874
2.14135037997	1.40454108365	2.14135037997	1.40423898871	579.0	1.40454108365	579.0	1.40423898871
2.16377289703	1.45831859441	2.16377289703	1.45914144029	573.0	1.45831859441	573.0	1.45914144029
2.19830118794	1.56057084757	2.19830118794	1.56043258062	564.0	1.56057084757	564.0	1.56043258062
2.22193883513	1.62440738266	2.22193883513	1.62561492901	558.0	1.62440738266	558.0	1.62561492901
2.2460903442	1.69479504627	2.2460903442	1.6957722512	552.0	1.69479504627	552.0	1.6957722512
2.27493921101	1.79210514987	2.27493921101	1.79224197615	545.0	1.79210514987	545.0	1.79224197615
2.30026320965	1.88188822465	2.30026320965	1.88351108815	539.0	1.88188822465	539.0	1.88351108815
2.3261573546	1.97962500002	2.3261573546	1.98220942245	533.0	1.97962500002	533.0	1.98220942245
2.35264111954	2.08493734445	2.35264111954	2.08782205299	527.0	2.08493734445	527.0	2.08782205299
2.37973487524	2.19633551906	2.37973487524	2.19984922816	521.0	2.19633551906	521.0	2.19984922816
2.40279432171	2.291958005	2.40279432171	2.29552686503	516.0	2.291958005	516.0	2.29552686503
2.4310624902	2.41545001034	2.4310624902	2.41951049435	510.0	2.41545001034	510.0	2.41951049435
2.45513241584	2.52296681467	2.45513241584	2.52715173227	505.0	2.52296681467	505.0	2.52715173227
2.47968374	2.636574699	2.47968374	2.64143782901	500.0	2.636574699	500.0	2.64143782901
2.50473105051	2.75720187305	2.50473105051	2.76211730323	495.0	2.75720187305	495.0	2.76211730323
2.53028953061	2.88392423568	2.53028953061	2.88962076341	490.0	2.88392423568	490.0	2.88962076341
2.55637498969	3.0187468728	2.55637498969	3.02498429428	485.0	3.0187468728	485.0	3.02498429428
2.58300389583	3.16246408867	2.58300389583	3.16952428695	480.0	3.16246408867	480.0	3.16952428695
2.60470981092	3.27814727075	2.60470981092	3.28611974347	476.0	3.27814727075	476.0	3.28611974347
2.63236065817	3.42879498445	2.63236065817	3.43755975218	471.0	3.42879498445	471.0	3.43755975218
2.65490764454	3.5491647964	2.65490764454	3.55680666204	467.0	3.5491647964	467.0	3.55680666204
2.67784421166	3.67428098594	2.67784421166	3.68131524717	463.0	3.67428098594	463.0	3.68131524717
2.70118054466	3.80964807937	2.70118054466	3.81668103754	459.0	3.80964807937	459.0	3.81668103754
2.72492718681	3.9582537823	2.72492718681	3.96691330252	455.0	3.9582537823	455.0	3.96691330252
2.74909505543	4.11815931022	2.74909505543	4.12913133418	451.0	4.11815931022	451.0	4.12913133418
2.77369545861	4.28119511812	2.77369545861	4.2943133552	447.0	4.28119511812	447.0	4.2943133552
2.79874011287	4.44327816478	2.79874011287	4.45605404774	443.0	4.44327816478	443.0	4.45605404774
2.81782243182	4.55764967465	2.81782243182	4.57104448656	440.0	4.55764967465	440.0	4.57104448656
2.84367401376	4.71648861072	2.84367401376	4.72720104583	436.0	4.71648861072	436.0	4.72720104583
2.8567785023	4.80113470061	2.8567785023	4.81098298586	434.0	4.80113470061	434.0	4.81098298586
2.86337614319	4.85561362207	2.86337614319	4.8655906717	433.0	4.85561362207	433.0	4.8655906717
2.8700043287	4.89078054733	2.8700043287	4.90082885379	432.0	4.89078054733	432.0	4.90082885379
2.87666327146	4.91656250323	2.87666327146	4.926653334	431.0	4.91656250323	431.0	4.926653334
2.88335318605	4.94573776437	2.88335318605	4.95588071821	430.0	4.94573776437	430.0	4.95588071821
2.89007428904	4.99264390434	2.89007428904	5.00288953324	429.0	4.99264390434	429.0	5.00288953324
2.89682679907	5.05669442366	2.89682679907	5.06709377818	428.0	5.05669442366	428.0	5.06709377818
2.90361093677	5.12486385913	2.90361093677	5.13542461661	427.0	5.12486385913	427.0	5.13542461661
2.91042692488	5.17926376365	2.91042692488	5.18994373703	426.0	5.17926376365	426.0	5.18994373703
2.91727498824	5.2194460907	2.91727498824	5.23020600087	425.0	5.2194460907	425.0	5.23020600087
2.92415535377	5.25925558199	2.92415535377	5.27009296674	424.0	5.25925558199	424.0	5.27009296674
2.93106825059	5.31116067331	2.93106825059	5.32210709294	423.0	5.31116067331	423.0	5.32210709294
2.93801390995	5.38073331187	2.93801390995	5.39183903298	422.0	5.38073331187	422.0	5.39183903298
2.94499256532	5.46105394525	2.94499256532	5.4723521304	421.0	5.46105394525	421.0	5.4723521304
2.95200445238	5.53366030506	2.95200445238	5.54512521526	420.0	5.53366030506	420.0	5.54512521526
2.95904980907	5.592175247	2.95904980907	5.60376481821	419.0	5.592175247	419.0	5.60376481821
2.9661288756	5.65279354606	2.9661288756	5.66451213997	418.0	5.65279354606	418.0	5.66451213997
2.97324189448	5.72308603975	2.97324189448	5.73496256064	417.0	5.72308603975	417.0	5.73496256064
2.98038911058	5.81298125224	2.98038911058	5.8250699988	416.0	5.81298125224	416.0	5.8250699988
2.98757077108	5.91220052134	2.98757077108	5.92452546826	415.0	5.91220052134	415.0	5.92452546826
2.9947871256	6.00607141208	2.9947871256	6.01862025254	414.0	6.00607141208	414.0	6.01862025254
3.00203842615	6.09024615333	3.00203842615	6.10298667894	413.0	6.09024615333	413.0	6.10298667894
3.00932492718	6.17627577214	3.00932492718	6.18920911534	412.0	6.17627577214	412.0	6.18920911534
3.01664688564	6.27625476273	3.01664688564	6.28942577442	411.0	6.27625476273	411.0	6.28942577442
3.02400456098	6.39138155571	3.02400456098	6.40482714176	410.0	6.39138155571	410.0	6.40482714176
3.03139821516	6.51177604242	3.03139821516	6.52551038708	409.0	6.51177604242	409.0	6.52551038708
3.03882811275	6.6292084276	3.03882811275	6.64322612673	408.0	6.6292084276	408.0	6.64322612673
3.04629452088	6.74168701855	3.04629452088	6.75596854411	407.0	6.74168701855	407.0	6.75596854411
3.05379770936	6.86096814573	3.05379770936	6.87553065968	406.0	6.86096814573	406.0	6.87553065968
3.06133795062	6.9971897976	3.06133795062	7.01208353079	405.0	6.9971897976	405.0	7.01208353079
3.0689155198	7.13811586275	3.0689155198	7.15335083976	404.0	7.13811586275	404.0	7.15335083976
3.07653069479	7.2795870803	3.07653069479	7.29516307926	403.0	7.2795870803	403.0	7.29516307926
3.08418375622	7.41905583549	3.08418375622	7.43496452238	402.0	7.41905583549	402.0	7.43496452238
3.09187498753	7.56408944922	3.09187498753	7.58034718564	401.0	7.56408944922	401.0	7.58034718564
3.099604675	7.72270171244	3.099604675	7.73934435299	400.0	7.72270171244	400.0	7.73934435299
3.10737310777	7.88940723759	3.10737310777	7.90645623554	399.0	7.88940723759	399.0	7.90645623554
3.11518057789	8.06444042943	3.11518057789	8.08191923174	398.0	8.06444042943	398.0	8.08191923174
3.12302738035	8.2367347756	3.12302738035	8.25462917299	397.0	8.2367347756	397.0	8.25462917299
3.13091381313	8.41566139624	3.13091381313	8.43399094258	396.0	8.41566139624	396.0	8.43399094258
3.13884017722	8.61008061648	3.13884017722	8.62888766473	395.0	8.61008061648	395.0	8.62888766473
3.14680677665	8.80941639294	3.14680677665	8.82871614523	394.0	8.80941639294	394.0	8.82871614523
3.15481391858	9.02124087289	3.15481391858	9.04106544453	393.0	9.02124087289	393.0	9.04106544453
3.16286191327	9.24221989947	3.16286191327	9.26259155954	392.0	9.24221989947	392.0	9.26259155954
3.17095107417	9.46625470055	3.17095107417	9.48718412459	391.0	9.46625470055	391.0	9.48718412459
3.17908171795	9.71647598327	3.17908171795	9.73803310276	390.0	9.71647598327	390.0	9.73803310276
3.18725416452	9.95043991729	3.18725416452	9.97257760461	389.0	9.95043991729	389.0	9.97257760461
3.19546873711	10.2235562061	3.19546873711	10.2463825805	388.0	10.2235562061	388.0	10.2463825805
3.20372576227	10.50975481	3.20372576227	10.5333092479	387.0	10.50975481	387.0	10.5333092479
3.21202556995	10.789961698	3.21202556995	10.8142177337	386.0	10.789961698	386.0	10.8142177337
3.22036849351	11.0809549855	3.22036849351	11.105944114	385.0	11.0809549855	385.0	11.105944114
3.22875486979	11.3750512926	3.22875486979	11.4007814509	384.0	11.3750512926	384.0	11.4007814509
3.23718503916	11.7194353935	3.23718503916	11.7460476147	383.0	11.7194353935	383.0	11.7460476147
3.24565934555	12.0632234563	3.24565934555	12.0907128896	382.0	12.0632234563	382.0	12.0907128896
3.25417813648	12.4178133147	3.25417813648	12.4462108683	381.0	12.4178133147	381.0	12.4462108683
3.26274176316	12.7893394371	3.26274176316	12.818686418	380.0	12.7893394371	380.0	12.818686418
3.27135058047	13.1692579752	3.27135058047	13.1995794644	379.0	13.1692579752	379.0	13.1995794644
3.28000494709	13.6176545668	3.28000494709	13.6491470651	378.0	13.6176545668	378.0	13.6491470651
3.28870522546	13.9863967291	3.28870522546	14.0188242513	377.0	13.9863967291	377.0	14.0188242513
3.29745178191	14.4395733415	3.29745178191	14.4731717841	376.0	14.4395733415	376.0	14.4731717841
3.30624498667	14.985292902	3.30624498667	15.0203345913	375.0	14.985292902	375.0	15.0203345913
3.3150852139	15.5147748407	3.3150852139	15.5512056357	374.0	15.5147748407	374.0	15.5512056357
3.32397284182	15.9804414981	3.32397284182	16.0180714924	373.0	15.9804414981	373.0	16.0180714924
3.33290825269	16.3548316639	3.33290825269	16.3933945558	372.0	16.3548316639	372.0	16.3933945558
3.34189183288	17.2958826944	3.34189183288	17.337023624	371.0	17.2958826944	371.0	17.337023624
3.35092397297	17.4386836873	3.35092397297	17.4800713643	370.0	17.4386836873	370.0	17.4800713643
3.36000506775	18.3488731857	3.36000506775	18.3927370276	369.0	18.3488731857	369.0	18.3927370276
3.3691355163	18.8665452349	3.3691355163	18.9117504047	368.0	18.8665452349	368.0	18.9117504047
3.37831572207	20.0226260601	3.37831572207	20.0710068402	367.0	20.0226260601	367.0	20.0710068402
3.3875460929	20.8745531305	3.3875460929	20.9252319115	366.0	20.8745531305	366.0	20.9252319115
3.3968270411	20.768254456	3.3968270411	20.8184330805	365.0	20.768254456	365.0	20.8184330805
3.40615898352	21.1635905336	3.40615898352	21.2147248146	364.0	21.1635905336	364.0	21.2147248146
3.4155423416	22.3112628927	3.4155423416	22.3655367406	363.0	22.3112628927	363.0	22.3655367406
3.42497754144	22.9432987532	3.42497754144	22.9992112065	362.0	22.9432987532	362.0	22.9992112065
3.43446501385	23.3845712805	3.43446501385	23.4415588323	361.0	23.3845712805	361.0	23.4415588323
3.44400519444	22.3926105362	3.44400519444	22.4464966614	360.0	22.3926105362	360.0	22.4464966614
3.45359852368	22.3012288713	3.45359852368	22.3546280679	359.0	22.3012288713	359.0	22.3546280679
3.46324544693	21.4135465505	3.46324544693	21.4641346365	358.0	21.4135465505	358.0	21.4641346365
3.47294641457	21.236840121	3.47294641457	21.2866805878	357.0	21.236840121	357.0	21.2866805878
3.48270188202	22.3551674654	3.48270188202	22.408023228	356.0	22.3551674654	356.0	22.408023228
3.49251230986	23.2949963295	3.49251230986	23.3503401719	355.0	23.2949963295	355.0	23.3503401719
3.50237816384	21.254893499	3.50237816384	21.3040454912	354.0	21.254893499	354.0	21.3040454912
3.51229991501	22.0681306141	3.51229991501	22.1193816899	353.0	22.0681306141	353.0	22.1193816899
3.52227803977	24.4463721138	3.52227803977	24.504274202	352.0	24.4463721138	352.0	24.504274202
3.53231301994	21.0835755395	3.53231301994	21.131419072	351.0	21.0835755395	351.0	21.131419072
3.54240534286	23.3232988495	3.54240534286	23.3773691967	350.0	23.3232988495	350.0	23.3773691967
3.55255550143	21.5381889143	3.55255550143	21.5867655563	349.0	21.5381889143	349.0	21.5867655563
3.56276399425	22.6132063601	3.56276399425	22.6645914211	348.0	22.6132063601	348.0	22.6645914211
3.57303132565	22.04710112	3.57303132565	22.0965256588	347.0	22.04710112	347.0	22.0965256588
3.58335800578	21.2500596191	3.58335800578	21.2968416467	346.0	21.2500596191	346.0	21.2968416467
3.59374455072	21.0899459796	3.59374455072	21.1359483874	345.0	21.0899459796	345.0	21.1359483874
3.60419148256	22.9238176118	3.60419148256	22.9748147776	344.0	22.9238176118	344.0	22.9748147776
3.61469932945	21.3473742535	3.61469932945	21.3934447201	343.0	21.3473742535	343.0	21.3934447201
3.62526862573	22.1105640334	3.62526862573	22.1584519959	342.0	22.1105640334	342.0	22.1584519959
3.63589991202	20.1198534462	3.63589991202	20.1616046009	341.0	20.1198534462	341.0	20.1616046009
3.64659373529	20.0091138369	3.64659373529	20.050212196	340.0	20.0091138369	340.0	20.050212196
