340	1.88E-04
341	1.74E-04
342	1.68E-04
343	2.05E-04
344	2.61E-04
345	3.11E-04
346	3.81E-04
347	5.36E-04
348	7.31E-04
349	1.03E-03
350	1.31E-03
351	1.78E-03
352	2.32E-03
353	2.99E-03
354	3.84E-03
355	4.86E-03
356	6.06E-03
357	7.50E-03
358	9.15E-03
359	1.11E-02
360	1.33E-02
361	1.58E-02
362	0.018649925
363	2.19E-02
364	2.54E-02
365	2.93E-02
366	3.38E-02
367	3.86E-02
368	4.36E-02
369	0.049161376
370	5.56E-02
371	6.22E-02
372	6.83E-02
373	7.53E-02
374	8.37E-02
375	9.15E-02
376	9.80E-02
377	0.105936257
378	0.116526392
379	0.125638713
380	0.131446056
381	0.139095928
382	0.151517104
383	0.162958092
384	0.168142777
385	0.172947423
386	0.185087815
387	0.200499913
388	0.208087248
389	0.208801475
390	0.21611408
391	0.233507561
392	0.248124329
393	0.249103509
394	0.247015787
395	0.257155113
396	0.27788835
397	0.291080068
398	0.287527898
399	0.282144291
400	0.29186737
401	0.314533348
402	0.330374973
403	0.326217382
404	0.315614172
405	0.319067619
406	0.340974236
407	0.363939103
408	0.366646045
409	0.351603898
410	0.344616101
411	0.359260256
412	0.387421085
413	0.404106578
414	0.395119177
415	0.377065818
416	0.3744497
417	0.394636362
418	0.424861295
419	0.439572842
420	0.426968383
421	0.40642853
422	0.401873724
423	0.42115536
424	0.453996396
425	0.475085385
426	0.466860561
427	0.44280039
428	0.429743803
429	0.441680191
430	0.474954228
431	0.50719935
432	0.512024578
433	0.489379289
434	0.465125876
435	0.460989997
436	0.483041435
437	0.521243303
438	0.550751072
439	0.548974193
440	0.522036682
441	0.496125729
442	0.49123021
443	0.512874073
444	0.552763579
445	0.587901091
446	0.592671789
447	0.566752439
448	0.53430533
449	0.520236713
450	0.534403729
451	0.572546195
452	0.615512371
453	0.635445359
454	0.618887198
455	0.583172417
456	0.555129357
457	0.55078897
458	0.573995299
459	0.616802214
460	0.658375631
461	0.672367554
462	0.650629845
463	0.612328864
464	0.582044082
465	0.575485019
466	0.59629323
467	0.638112188
468	0.682933645
469	0.704884309
470	0.689376231
471	0.64973393
472	0.612819638
473	0.596307868
474	0.606516459
475	0.640813649
476	0.687318409
477	0.723800729
478	0.729382947
479	0.702084349
480	0.660738127
481	0.626653308
482	0.613350999
483	0.624764587
484	0.658319321
485	0.703572238
486	0.741358425
487	0.752047608
488	0.729569826
489	0.687862828
490	0.649156429
491	0.628546374
492	0.631371331
493	0.657126107
494	0.698566117
495	0.741735523
496	0.766493083
497	0.760568184
498	0.728647526
499	0.687021745
500	0.653406098
501	0.637645413
502	0.643167329
503	0.668882357
504	0.708568202
505	0.750035888
506	0.776285097
507	0.775205626
508	0.747228574
509	0.7063157
510	0.669551178
511	0.64825337
512	0.646529186
513	0.66496974
514	0.698999052
515	0.739829626
516	0.774163902
517	0.787758106
518	0.77469262
519	0.742117054
520	0.703397451
521	0.671180681
522	0.653284642
523	0.652576712
524	0.669272724
525	0.700256028
526	0.739379363
527	0.774267823
528	0.792947965
529	0.787300921
530	0.760287277
531	0.722924771
532	0.687822243
533	0.663743283
534	0.6549445
535	0.662789298
536	0.685549146
537	0.719227915
538	0.756105367
539	0.785889742
540	0.798404346
541	0.789515382
542	0.763003945
543	0.728188473
544	0.694974481
545	0.67054356
546	0.659641357
547	0.663006541
548	0.680679757
549	0.710361787
550	0.74595918
551	0.778659754
552	0.798854988
553	0.800526944
554	0.783695058
555	0.753663901
556	0.719886117
557	0.690385566
558	0.670320576
559	0.662393542
560	0.66695083
561	0.683985175
562	0.710858137
563	0.743144952
564	0.77435817
565	0.797325911
566	0.804859349
567	0.795596112
568	0.771730183
569	0.739715402
570	0.70865548
571	0.683800027
572	0.668533241
573	0.665136463
574	0.673102234
575	0.691579349
576	0.718178784
577	0.749119128
578	0.778177613
579	0.799395524
580	0.807102091
581	0.799942604
582	0.779318485
583	0.751258703
584	0.72152423
585	0.695438959
586	0.677076347
587	0.667980694
588	0.669151218
589	0.680928798
590	0.701593737
591	0.728804446
592	0.758455839
593	0.784992675
594	0.803333551
595	0.809468669
596	0.801656803
597	0.78228721
598	0.755811964
599	0.727826407
600	0.702693381
601	0.683363866
602	0.672056398
603	0.67001307
604	0.676723245
605	0.691872329
606	0.714092023
607	0.740724701
608	0.76853268
609	0.792975385
610	0.808506075
611	0.812536462
612	0.803934596
613	0.785479589
614	0.760520447
615	0.733866958
616	0.70973025
617	0.690349105
618	0.677975881
619	0.673383067
620	0.676840278
621	0.687714347
622	0.705520158
623	0.728732331
624	0.754446726
625	0.779784343
626	0.800975556
627	0.814173363
628	0.817189458
629	0.808557051
630	0.791180555
631	0.767518802
632	0.742667011
633	0.718699067
634	0.699165934
635	0.685165618
636	0.678490457
637	0.678599001
638	0.685651665
639	0.699278132
640	0.718387201
641	0.741412885
642	0.765769831
643	0.788890598
644	0.807874539
645	0.819284913
646	0.821902042
647	0.814604637
648	0.799036082
649	0.778083664
650	0.754398064
651	0.730806628
652	0.710594603
653	0.695125055
654	0.684893607
655	0.681691308
656	0.683905747
657	0.692746272
658	0.706752372
659	0.725717252
660	0.747321955
661	0.77042401
662	0.792036796
663	0.809772429
664	0.822061472
665	0.82640174
666	0.822145802
667	0.810283567
668	0.792504476
669	0.771024835
670	0.748409174
671	0.727142853
672	0.709277004
673	0.695777314
674	0.687641094
675	0.684858651
676	0.687582308
677	0.69554566
678	0.708421991
679	0.725566671
680	0.745644152
681	0.76683715
682	0.788022249
683	0.80647588
684	0.820485385
685	0.827840232
686	0.828734295
687	0.822054641
688	0.809023803
689	0.790952279
690	0.770160399
691	0.749322545
692	0.729832855
693	0.713026809
694	0.700022835
695	0.69141551
696	0.68767048
697	0.688734509
698	0.694628279
699	0.704773949
700	0.718579485
701	0.735977769
702	0.754964646
703	0.775036133
704	0.794139885
705	0.810948258
706	0.823542146
707	0.830490157
708	0.830994469
709	0.82509254
710	0.813703301
711	0.797922905
712	0.779015604
713	0.759662277
714	0.740699514
715	0.723952581
716	0.709530896
717	0.699189151
718	0.692177865
719	0.689455717
720	0.690874806
721	0.696169537
722	0.705243765
723	0.717944824
724	0.733351134
725	0.750758528
726	0.76950893
727	0.787915825
728	0.804974559
729	0.818991237
730	0.828559476
731	0.83304425
732	0.831509506
733	0.824855118
734	0.813235134
735	0.798624879
736	0.781228618
737	0.763286054
738	0.745857062
739	0.7296317
740	0.715539601
741	0.704513391
742	0.696736152
743	0.692244322
744	0.691337319
745	0.693925929
746	0.699820177
747	0.70901102
748	0.721434003
749	0.736323435
750	0.752968406
751	0.770358296
752	0.787761707
753	0.803571355
754	0.816958055
755	0.827225769
756	0.833121285
757	0.83418355
758	0.830659971
759	0.823072472
760	0.811531402
761	0.797539369
762	0.781811285
763	0.765098319
764	0.749114745
765	0.733912576
766	0.720729063
767	0.709753886
768	0.701218292
769	0.695550067
770	0.692971666
771	0.693775563
772	0.697771847
773	0.704676817
774	0.714203017
775	0.726017893
776	0.740033446
777	0.755275683
778	0.770912441
779	0.786829647
780	0.80170519
781	0.814722397
782	0.825460146
783	0.832416713
784	0.835766338
785	0.835011197
786	0.830385638
787	0.822216656
788	0.81115279
789	0.797186601
790	0.782404285
791	0.766654486
792	0.751178995
793	0.736837116
794	0.724255958
795	0.713506143
796	0.704792461
797	0.698810787
798	0.702041226
799	0.701082817
800	0.703578814
801	0.707882104
802	0.715188988
803	0.724237714
804	0.735214688
805	0.748331067
806	0.761864905
807	0.776692198
808	0.791715762
809	0.805512833
810	0.818742805
811	0.829645172
812	0.837434227
813	0.842187687
814	0.842994024
815	0.840843049
816	0.83531163
817	0.827559064
818	0.816639821
819	0.804251084
820	0.790921983
821	0.776622895
822	0.762675613
823	0.749476942
824	0.737254604
825	0.726371641
826	0.717512298
827	0.710386088
828	0.705460124
829	0.70254127
830	0.701807708
831	0.704237376
832	0.707789843
833	0.714018066
834	0.722025834
835	0.7318902
836	0.74256615
837	0.755195225
838	0.768246204
839	0.781970538
840	0.795105873
841	0.807776569
842	0.818977807
843	0.828957811
844	0.836553597
845	0.841463601
846	0.843621928
847	0.843195236
848	0.839521214
849	0.833237474
850	0.824407911
851	0.814356007
852	0.802894402
853	0.790097749
854	0.776858984
855	0.76398526
856	0.751310378
857	0.740462417
858	0.730132875
859	0.721621424
860	0.714021686
861	0.709078568
862	0.705115226
863	0.703589461
864	0.703313932
865	0.705094098
866	0.709065961
867	0.714450643
868	0.721211059
869	0.730539162
870	0.740627402
871	0.752046503
872	0.763681925
873	0.776243802
874	0.788241457
875	0.800874188
876	0.812276361
877	0.822689792
878	0.831598739
879	0.83752817
880	0.843225144
881	0.845267038
882	0.845401022
883	0.843087308
884	0.838359878
885	0.831615927
886	0.823320014
887	0.813082417
888	0.802011465
889	0.78969742
890	0.777748794
891	0.766140603
892	0.754258063
893	0.743471425
894	0.73387286
895	0.725159948
896	0.718138843
897	0.712410966
898	0.707988517
899	0.705271729
900	0.704474546
901	0.704758457
902	0.706217277
903	0.709424063
904	0.714995731
905	0.721030638
906	0.728244365
907	0.736833972
908	0.747365955
909	0.757316078
910	0.768597898
911	0.780089213
912	0.791834053
913	0.802793588
914	0.813346715
915	0.822394365
916	0.831202633
917	0.838131
918	0.842894626
919	0.845601747
920	0.847109919
921	0.845976177
922	0.842830591
923	0.838006525
924	0.830983904
925	0.82360093
926	0.814931052
927	0.804555417
928	0.794188878
929	0.783055216
930	0.771401921
931	0.761050625
932	0.750185393
933	0.741330846
934	0.732707065
935	0.725373122
936	0.719039159
937	0.714182519
938	0.709809064
939	0.707166972
940	0.705957137
941	0.705530642
942	0.706581601
943	0.70905714
944	0.712619397
945	0.717545663
946	0.723454452
947	0.730514133
948	0.738560357
949	0.747738806
950	0.757150944
951	0.767425012
952	0.777656645
953	0.78797607
954	0.79845784
955	0.808458678
956	0.817913497
957	0.826012773
958	0.833099043
959	0.839308462
960	0.843586078
961	0.846476789
962	0.847650023
963	0.846938859
964	0.845546239
965	0.841801184
966	0.836983877
967	0.830597963
968	0.823044868
969	0.814794083
970	0.804935418
971	0.794661852
972	0.785003466
973	0.775520102
974	0.7654942
975	0.75669638
976	0.747579144
977	0.739519374
978	0.732365691
979	0.725725403
980	0.72029048
981	0.715670246
982	0.712196922
983	0.710137724
984	0.708630133
985	0.708026323
986	0.708962603
987	0.710580123
988	0.713115372
989	0.717079288
990	0.721937856
991	0.727760264
992	0.734136598
993	0.741621142
994	0.749362811
995	0.757918958
996	0.766687102
997	0.776436902
998	0.785622941
999	0.794808773
1000	0.803643563
1001	0.812519252
1002	0.820359805
1003	0.827852917
1004	0.834759207
1005	0.840488
1006	0.845300837
1007	0.848277273
1008	0.850124146
1009	0.850374805
1010	0.849985028
1011	0.847256943
1012	0.844189524
1013	0.838978114
1014	0.833315125
1015	0.826076428
1016	0.81873941
1017	0.810853279
1018	0.801738436
1019	0.793256161
1020	0.784334886
1021	0.775837592
1022	0.767140204
1023	0.758753183
1024	0.750732178
1025	0.743559794
1026	0.736996942
1027	0.730635075
1028	0.725140799
1029	0.720220585
1030	0.716475778
1031	0.713238844
1032	0.711245568
1033	0.709940192
1034	0.709714565
1035	0.710030831
1036	0.711531408
1037	0.713944079
1038	0.717159494
1039	0.720777861
1040	0.725608893
1041	0.730885022
1042	0.736598552
1043	0.74306844
1044	0.750050126
1045	0.757867227
1046	0.766114212
1047	0.7743004
1048	0.782393441
1049	0.791503394
1050	0.79986693
1051	0.808319529
1052	0.815842681
1053	0.823395353
1054	0.830653541
1055	0.836269186
1056	0.841435652
1057	0.84535996
1058	0.848651541
1059	0.850764772
1060	0.851487911
1061	0.851623846
1062	0.85070636
1063	0.848509721
1064	0.844521593
1065	0.840354638
1066	0.835169525
1067	0.828643573
1068	0.822549052
1069	0.81499728
1070	0.807201392
1071	0.799267927
1072	0.790884083
1073	0.78298055
1074	0.77485557
1075	0.767272168
1076	0.759616285
1077	0.752340619
1078	0.745488796
1079	0.739628933
1080	0.733719176
1081	0.728429938
1082	0.724242775
1083	0.72006653
1084	0.716878999
1085	0.713912598
1086	0.712231511
1087	0.710818854
1088	0.710634924
1089	0.710872094
1090	0.711674837
1091	0.71317773
1092	0.715334678
1093	0.718803743
1094	0.722307404
1095	0.726408256
1096	0.73117781
1097	0.73689633
1098	0.742844921
1099	0.749241905
1100	0.755844787
1101	0.762832436
1102	0.770017244
1103	0.777672082
1104	0.78475445
1105	0.792675013
1106	0.800270255
1107	0.807600221
1108	0.814663666
1109	0.821920862
1110	0.828195129
1111	0.834382257
1112	0.839732653
1113	0.843929545
1114	0.846971593
1115	0.849911338
1116	0.851919716
1117	0.852966157
1118	0.853388417
1119	0.852487701
1120	0.851114495
1121	0.848375577
1122	0.845332037
1123	0.841045662
1124	0.836479752
1125	0.831415545
1126	0.825468805
1127	0.818881051
1128	0.812305901
1129	0.805092419
1130	0.797751948
1131	0.790371677
1132	0.783124484
1133	0.775429357
1134	0.768549795
1135	0.761733715
1136	0.755492421
1137	0.749168343
1138	0.743610596
1139	0.737662527
1140	0.732793623
1141	0.728516047
1142	0.724677823
1143	0.720775547
1144	0.717945265
1145	0.715052509
1146	0.71321018
1147	0.711879897
1148	0.711320493
1149	0.711175197
1150	0.711318313
1151	0.712600022
1152	0.714181349
1153	0.715890654
1154	0.718578589
1155	0.722106477
1156	0.725604027
1157	0.730052115
1158	0.733974238
1159	0.739306208
1160	0.744473343
1161	0.750206114
1162	0.75618274
1163	0.762242296
1164	0.768715473
1165	0.775532511
1166	0.782432217
1167	0.789208988
1168	0.795262728
1169	0.802376865
1170	0.809435395
1171	0.815996573
1172	0.821655904
1173	0.827830528
1174	0.83289312
1175	0.837595514
1176	0.841822046
1177	0.845810384
1178	0.848389046
1179	0.851166016
1180	0.851821403
1181	0.853728242
1182	0.853444473
1183	0.853419777
1184	0.852472985
1185	0.850563933
1186	0.848117758
1187	0.844819824
1188	0.840709217
1189	0.836363229
1190	0.831572742
1191	0.82611923
1192	0.820138952
1193	0.814184732
1194	0.808241549
1195	0.802010622
1196	0.795378279
1197	0.789385591
1198	0.783133487
1199	0.776590396
1200	0.770246895
1201	0.764096959
1202	0.75811315
1203	0.752961659
1204	0.747301671
1205	0.742397242
1206	0.737490745
1207	0.733220449
1208	0.728978232
1209	0.725224191
1210	0.721996489
1211	0.718985658
1212	0.716342916
1213	0.714282806
1214	0.713044999
1215	0.712304879
1216	0.711730358
1217	0.711456774
1218	0.712011132
1219	0.712451027
1220	0.713755827
1221	0.715365455
1222	0.717123191
1223	0.719629954
1224	0.722521839
1225	0.725724004
1226	0.729292239
1227	0.733318093
1228	0.737783125
1229	0.742861358
1230	0.747591555
1231	0.753102137
1232	0.758852311
1233	0.764658391
1234	0.770425109
1235	0.776175997
1236	0.782338109
1237	0.788088208
1238	0.794344406
1239	0.799663216
1240	0.805885756
1241	0.811415874
1242	0.816671719
1243	0.821875202
1244	0.827127878
1245	0.832029541
1246	0.836207001
1247	0.840269076
1248	0.843455262
1249	0.846937787
1250	0.849596679
1251	0.851361395
1252	0.852407355
1253	0.853527769
1254	0.853637544
1255	0.853027524
1256	0.851984781
1257	0.850126152
1258	0.848239262
1259	0.845761238
1260	0.842374262
1261	0.839680991
1262	0.835320674
1263	0.83104902
1264	0.827027331
1265	0.82191714
1266	0.817007133
1267	0.811835576
1268	0.806838777
1269	0.800352772
1270	0.794719747
1271	0.789686045
1272	0.784307835
1273	0.778588208
1274	0.772788073
1275	0.768026372
1276	0.762684989
1277	0.757617389
1278	0.752648299
1279	0.747975598
1280	0.743701458
1281	0.739160365
1282	0.735202197
1283	0.731580866
1284	0.728107078
1285	0.724834644
1286	0.721926418
1287	0.719355378
1288	0.717177765
1289	0.715338333
1290	0.714350413
1291	0.71299533
1292	0.712019358
1293	0.711590625
1294	0.711441685
1295	0.711879806
1296	0.712198377
1297	0.713266719
1298	0.71460479
1299	0.716424318
1300	0.718529204
1301	0.720219088
1302	0.72278932
1303	0.725804125
1304	0.728867608
1305	0.732012571
1306	0.735710662
1307	0.739813738
1308	0.743719639
1309	0.748409092
1310	0.753246792
1311	0.757319079
1312	0.762787923
1313	0.767895887
1314	0.772680146
1315	0.77774082
1316	0.782952641
1317	0.78855597
1318	0.793396117
1319	0.798559793
1320	0.803271168
1321	0.808634982
1322	0.813615686
1323	0.818019454
1324	0.822519825
1325	0.826151408
1326	0.830193335
1327	0.833190095
1328	0.837211584
1329	0.840312964
1330	0.842821494
1331	0.845111484
1332	0.847410886
1333	0.848639922
1334	0.849759425
1335	0.850191694
1336	0.850515583
1337	0.849895821
1338	0.849364264
1339	0.848256004
1340	0.846134156
1341	0.843821878
1342	0.842291032
1343	0.839679523
1344	0.836197094
1345	0.833216616
1346	0.828955978
1347	0.825371389
1348	0.82089823
1349	0.816510707
1350	0.811557966
1351	0.807420667
1352	0.802000665
1353	0.79736924
1354	0.792835422
1355	0.787112192
1356	0.782527883
1357	0.777167549
1358	0.772363112
1359	0.767347848
1360	0.762568303
1361	0.758255019
1362	0.75301704
1363	0.749491191
1364	0.744929499
1365	0.740452252
1366	0.737293319
1367	0.733573138
1368	0.729681571
1369	0.72625117
1370	0.723427225
1371	0.720033412
1372	0.717487827
1373	0.715055847
1374	0.712839051
1375	0.711209269
1376	0.709537939
1377	0.708105197
1378	0.706824773
1379	0.705716022
1380	0.705128742
1381	0.704593806
1382	0.70499182
1383	0.705095005
1384	0.705693396
1385	0.706168686
1386	0.707168764
1387	0.708562859
1388	0.709752265
1389	0.711400428
1390	0.713672135
1391	0.716429816
1392	0.718651136
1393	0.720885732
1394	0.724100664
1395	0.726971203
1396	0.730627559
1397	0.733200517
1398	0.737046125
1399	0.741294068
1400	0.745327332
1401	0.74834631
1402	0.753168491
1403	0.757618007
1404	0.761772679
1405	0.76537646
1406	0.770560274
1407	0.774381589
1408	0.779095585
1409	0.783463848
1410	0.78825428
1411	0.792477904
1412	0.796941788
1413	0.801892912
1414	0.805156779
1415	0.808696994
1416	0.812230771
1417	0.81586578
1418	0.818951671
1419	0.822070384
1420	0.824975993
1421	0.827655961
1422	0.830035079
1423	0.831872056
1424	0.833834861
1425	0.835065996
1426	0.836386266
1427	0.837194287
1428	0.837679138
1429	0.838091949
1430	0.837895202
1431	0.837453647
1432	0.836435491
1433	0.835379776
1434	0.834191753
1435	0.831562395
1436	0.83035169
1437	0.827807416
1438	0.825579662
1439	0.822766583
1440	0.819840402
1441	0.817115121
1442	0.813333
1443	0.809613668
1444	0.806354151
1445	0.802477974
1446	0.798454988
1447	0.794271433
1448	0.790200897
1449	0.786134696
1450	0.781180835
1451	0.777075863
1452	0.772571863
1453	0.76853709
1454	0.764261116
1455	0.759964154
1456	0.755653497
1457	0.751610039
1458	0.747317396
1459	0.74349954
1460	0.739724826
1461	0.735866133
1462	0.732533622
1463	0.729101087
1464	0.725515646
1465	0.7218007
1466	0.718942824
1467	0.715887922
1468	0.713128064
1469	0.710829889
1470	0.708233711
1471	0.705885099
1472	0.703610331
1473	0.701572044
1474	0.699613021
1475	0.698570389
1476	0.697242683
1477	0.69584697
1478	0.695147157
1479	0.694680674
1480	0.693863573
1481	0.693430541
1482	0.692962314
1483	0.693251037
1484	0.69337772
1485	0.693546901
1486	0.694226605
1487	0.694961816
1488	0.695742488
1489	0.696839984
1490	0.698697498
1491	0.699704241
1492	0.70133165
1493	0.703085816
1494	0.704848588
1495	0.706855669
1496	0.709447061
1497	0.711229728
1498	0.714350761
1499	0.716605376
1500	0.71944615
1501	0.722173128
1502	0.725279811
1503	0.72802485
1504	0.731417855
1505	0.734519115
1506	0.737961798
1507	0.741074583
1508	0.744613171
1509	0.748229415
1510	0.752021402
1511	0.755249767
1512	0.759160902
1513	0.762675632
1514	0.766116637
1515	0.769631601
1516	0.773428801
1517	0.776419878
1518	0.779728281
1519	0.782725997
1520	0.786118486
1521	0.789162644
1522	0.792129572
1523	0.794731852
1524	0.797757531
1525	0.800165841
1526	0.802408949
1527	0.804608689
1528	0.806595725
1529	0.809020164
1530	0.810410278
1531	0.811685833
1532	0.813611434
1533	0.814192214
1534	0.815244877
1535	0.815986356
1536	0.815998187
1537	0.816290529
1538	0.815774142
1539	0.815549931
1540	0.815245614
1541	0.814401513
1542	0.813435824
1543	0.812198027
1544	0.810986623
1545	0.809264239
1546	0.807701547
1547	0.805871511
1548	0.803213073
1549	0.80116466
1550	0.798582018
1551	0.795983299
1552	0.793101236
1553	0.790382457
1554	0.78763996
1555	0.784244895
1556	0.781185932
1557	0.777861612
1558	0.774282102
1559	0.771227704
1560	0.767589701
1561	0.764120673
1562	0.760874631
1563	0.757516671
1564	0.753755322
1565	0.75053416
1566	0.747119861
1567	0.743292619
1568	0.740151357
1569	0.736681734
1570	0.733105557
1571	0.729680502
1572	0.726070413
1573	0.722624146
1574	0.719898506
1575	0.716776408
1576	0.713966234
1577	0.711199691
1578	0.708418642
1579	0.705769237
1580	0.703160013
1581	0.700722689
1582	0.698354492
1583	0.696039248
1584	0.694038285
1585	0.692070564
1586	0.689948375
1587	0.68822032
1588	0.686858217
1589	0.684899341
1590	0.683801908
1591	0.682581801
1592	0.681288057
1593	0.680362378
1594	0.679411131
1595	0.678653143
1596	0.678123796
1597	0.67794057
1598	0.677555914
1599	0.677307448
1600	0.677596665
1601	0.677142377
1602	0.67731471
1603	0.677871175
1604	0.678432631
1605	0.678563311
1606	0.679847982
1607	0.680712183
1608	0.681904628
1609	0.683012564
1610	0.684141214
1611	0.685559583
1612	0.686807819
1613	0.688607016
1614	0.69050037
1615	0.692150149
1616	0.693888539
1617	0.696310968
1618	0.697922091
1619	0.700118901
1620	0.702689575
1621	0.704881167
1622	0.706785874
1623	0.709681657
1624	0.712076957
1625	0.714850405
1626	0.71736112
1627	0.720281697
1628	0.72313556
1629	0.725899883
1630	0.728962301
1631	0.732153833
1632	0.734987632
1633	0.738061378
1634	0.740994836
1635	0.743900403
1636	0.746771863
1637	0.749954371
1638	0.753128234
1639	0.755708801
1640	0.758581226
1641	0.760926449
1642	0.763926701
1643	0.766734748
1644	0.769542508
1645	0.772237695
1646	0.774866412
1647	0.777037782
1648	0.77948704
1649	0.781981573
1650	0.784352651
1651	0.78644349
1652	0.788451031
1653	0.790735184
1654	0.791831511
1655	0.793489232
1656	0.794953498
1657	0.795965113
1658	0.797355146
1659	0.798554862
1660	0.799276445
1661	0.799940174
1662	0.800283404
1663	0.801037206
1664	0.801054048
1665	0.801212779
1666	0.801421296
1667	0.801210177
1668	0.80059037
1669	0.800222073
1670	0.799573116
1671	0.798462904
1672	0.797591857
1673	0.796996197
1674	0.795764897
1675	0.794244545
1676	0.792737587
1677	0.791294084
1678	0.789038878
1679	0.787628977
1680	0.785489402
1681	0.783997179
1682	0.781545553
1683	0.77946568
1684	0.777074268
1685	0.774694312
1686	0.772249312
1687	0.76975181
1688	0.766901934
1689	0.764344037
1690	0.761818649
1691	0.759133348
1692	0.756449656
1693	0.75371546
1694	0.750816516
1695	0.748114857
1696	0.745441226
1697	0.742761556
1698	0.739634853
1699	0.737135377
1700	0.734623541
1701	0.731808441
1702	0.729257652
1703	0.726509592
1704	0.723891105
1705	0.721443225
1706	0.718817008
1707	0.716178019
1708	0.713748014
1709	0.711657064
1710	0.70910034
1711	0.706917642
1712	0.704644233
1713	0.70258549
1714	0.700310274
1715	0.698531395
1716	0.696509794
1717	0.694757722
1718	0.692975136
1719	0.691356248
1720	0.690116416
1721	0.688270045
1722	0.686914506
1723	0.685810978
1724	0.684472769
1725	0.683427583
1726	0.682548315
1727	0.681604698
1728	0.68075891
1729	0.679897864
1730	0.679332301
1731	0.678962804
1732	0.678175778
1733	0.678237152
1734	0.678016908
1735	0.678043012
1736	0.677448312
1737	0.677679022
1738	0.677899177
1739	0.678058303
1740	0.678399867
1741	0.678704249
1742	0.679406299
1743	0.68010463
1744	0.680703552
1745	0.681546277
1746	0.682268895
1747	0.683279251
1748	0.6843324
1749	0.68541611
1750	0.68670695
1751	0.688182204
1752	0.689497816
1753	0.69094138
1754	0.692556542
1755	0.694497942
1756	0.695890084
1757	0.697663282
1758	0.699573909
1759	0.701367197
1760	0.703155311
1761	0.705679737
1762	0.708095689
1763	0.710106006
1764	0.712173565
1765	0.714598786
1766	0.716997819
1767	0.719558325
1768	0.721960927
1769	0.724642733
1770	0.72746274
1771	0.729935747
1772	0.732270417
1773	0.735054508
1774	0.737783881
1775	0.740858364
1776	0.743325201
1777	0.746566719
1778	0.748999771
1779	0.752087457
1780	0.754761558
1781	0.757570542
1782	0.760075038
1783	0.763304595
1784	0.765841817
1785	0.76827675
1786	0.77142882
1787	0.774014983
1788	0.777069921
1789	0.779457383
1790	0.782167743
1791	0.785007226
1792	0.787363723
1793	0.789930925
1794	0.792394812
1795	0.794673515
1796	0.797195796
1797	0.799552881
1798	0.801643024
1799	0.803663686
1800	0.805987656
1801	0.80784762
1802	0.809446413
1803	0.811017453
1804	0.812559543
1805	0.814529772
1806	0.815859727
1807	0.816547956
1808	0.817834553
1809	0.819321744
1810	0.820611672
1811	0.821055018
1812	0.821973894
1813	0.822344953
1814	0.823367492
1815	0.823656895
1816	0.824060236
1817	0.823867185
1818	0.82438445
1819	0.823542404
1820	0.823269629
1821	0.822726994
1822	0.82275474
1823	0.821867839
1824	0.822119854
1825	0.821569233
1826	0.820137631
1827	0.818805836
1828	0.817766025
1829	0.816532535
1830	0.815603417
1831	0.814215936
1832	0.81278436
1833	0.810762813
1834	0.809244814
1835	0.807873154
1836	0.806363787
1837	0.803522509
1838	0.802149522
1839	0.800363103
1840	0.798744801
1841	0.797114591
1842	0.793758526
1843	0.792691706
1844	0.790310187
1845	0.788438457
1846	0.785914139
1847	0.782489225
1848	0.780415676
1849	0.779554371
1850	0.777012581
1851	0.774742335
1852	0.772559795
1853	0.769078543
1854	0.76716234
1855	0.766160387
1856	0.76312406
1857	0.760555654
1858	0.758955504
1859	0.755714487
1860	0.753325244
1861	0.751471341
1862	0.749571264
1863	0.747514861
1864	0.744385942
1865	0.742587679
1866	0.741027701
1867	0.738510579
1868	0.735597091
1869	0.733979417
1870	0.731023502
1871	0.729799115
1872	0.72827364
1873	0.726305968
1874	0.724594384
1875	0.723047503
1876	0.720643463
1877	0.719310974
1878	0.718640496
1879	0.717214524
1880	0.715811322
1881	0.714369082
1882	0.713413814
1883	0.712221128
1884	0.711076316
1885	0.710039283
1886	0.709351654
1887	0.707898369
1888	0.707992334
1889	0.706871422
1890	0.706140801
1891	0.705012485
1892	0.704298483
1893	0.703447013
1894	0.703070998
1895	0.702871125
1896	0.702836151
1897	0.702856907
1898	0.702430263
1899	0.702217105
1900	0.701662597
1901	0.702872878
1902	0.702958148
1903	0.702788677
1904	0.703105844
1905	0.702484777
1906	0.702001836
1907	0.703685111
1908	0.70462854
1909	0.705817118
1910	0.706412761
1911	0.706922237
1912	0.708007154
1913	0.708480477
1914	0.709533478
1915	0.711228794
1916	0.712310394
1917	0.71284614
1918	0.714155921
1919	0.71496004
1920	0.715559965
1921	0.717356526
1922	0.719960916
1923	0.721373268
1924	0.722731385
1925	0.724790617
1926	0.726991149
1927	0.727970192
1928	0.729312
1929	0.731353043
1930	0.733840268
1931	0.735620901
1932	0.737415493
1933	0.739424982
1934	0.741693691
1935	0.744003321
1936	0.745997389
1937	0.748715359
1938	0.750951148
1939	0.752990137
1940	0.754931595
1941	0.757281834
1942	0.760157174
1943	0.762358102
1944	0.76479277
1945	0.767236273
1946	0.769894207
1947	0.772089053
1948	0.774779974
1949	0.777173146
1950	0.779530308
1951	0.782241235
1952	0.784822069
1953	0.787539728
1954	0.790079698
1955	0.792698941
1956	0.795288621
1957	0.797648859
1958	0.799847961
1959	0.802127377
1960	0.804880364
1961	0.807840009
1962	0.810006937
1963	0.812471853
1964	0.814348799
1965	0.816944198
1966	0.818666411
1967	0.82134845
1968	0.823698581
1969	0.825911477
1970	0.828116961
1971	0.830249501
1972	0.832552128
1973	0.83384318
1974	0.83551376
1975	0.837544412
1976	0.839366985
1977	0.841395427
1978	0.842840364
1979	0.844343333
1980	0.845470998
1981	0.846574326
1982	0.847972998
1983	0.849472043
1984	0.850556606
1985	0.851932612
1986	0.853004139
1987	0.853475477
1988	0.854508453
1989	0.854949067
1990	0.855599732
1991	0.856611594
1992	0.857058016
1993	0.857630915
1994	0.857829957
1995	0.857656133
1996	0.857983397
1997	0.857469772
1998	0.857840431
1999	0.857778222
2000	0.8574608
2001	0.856858936
2002	0.855992323
2003	0.856008393
2004	0.855564529
2005	0.855212096
2006	0.854019908
2007	0.85359779
2008	0.852105159
2009	0.851066891
2010	0.850095245
2011	0.848957501
2012	0.847786879
2013	0.846550382
2014	0.844689454
2015	0.843457824
2016	0.842240705
2017	0.840974272
2018	0.839159858
2019	0.837345979
2020	0.83560869
2021	0.833724176
2022	0.83247508
2023	0.830691787
2024	0.828368026
2025	0.826479029
2026	0.82437868
2027	0.822770231
2028	0.820694369
2029	0.818654259
2030	0.816116388
2031	0.814185416
2032	0.811857971
2033	0.810011075
2034	0.807791482
2035	0.80560292
2036	0.803276883
2037	0.801019367
2038	0.798694474
2039	0.796794449
2040	0.794586915
2041	0.79233036
2042	0.789854896
2043	0.787729582
2044	0.785904879
2045	0.783817728
2046	0.781537283
2047	0.778719185
2048	0.776785112
2049	0.775307118
2050	0.772957041
2051	0.770086812
2052	0.768201214
2053	0.766428402
2054	0.764352186
2055	0.762761285
2056	0.760196347
2057	0.758015308
2058	0.756518511
2059	0.755062569
2060	0.753200649
2061	0.750820837
2062	0.748922329
2063	0.747770389
2064	0.746022192
2065	0.744365647
2066	0.742354198
2067	0.740839225
2068	0.739386437
2069	0.737897958
2070	0.736363318
2071	0.734730451
2072	0.733435177
2073	0.732551303
2074	0.731466493
2075	0.7298827
2076	0.728230985
2077	0.727113071
2078	0.726453195
2079	0.725638588
2080	0.724218963
2081	0.723051617
2082	0.722806457
2083	0.721882636
2084	0.720841475
2085	0.719952633
2086	0.719486382
2087	0.718998133
2088	0.718317153
2089	0.717259813
2090	0.716828123
2091	0.716934695
2092	0.716734742
2093	0.716098721
2094	0.715408748
2095	0.715235602
2096	0.715453346
2097	0.715399714
2098	0.714836484
2099	0.715190548
2100	0.715214231
2101	0.715456992
2102	0.715069443
2103	0.715341685
2104	0.715992309
2105	0.716184259
2106	0.71604242
2107	0.716583653
2108	0.717465088
2109	0.718007297
2110	0.718131041
2111	0.718322311
2112	0.7194487
2113	0.720115097
2114	0.720519459
2115	0.720901965
2116	0.722459843
2117	0.723356221
2118	0.724018327
2119	0.724741196
2120	0.725798935
2121	0.727276291
2122	0.727598035
2123	0.72880643
2124	0.730314151
2125	0.731442699
2126	0.732357819
2127	0.733528884
2128	0.735250196
2129	0.736697227
2130	0.737874393
2131	0.73907722
2132	0.740835571
2133	0.742470346
2134	0.743782566
2135	0.745473981
2136	0.747355322
2137	0.749080722
2138	0.750178013
2139	0.75204709
2140	0.753758608
2141	0.755507867
2142	0.756984395
2143	0.759002154
2144	0.761102081
2145	0.762588256
2146	0.764336212
2147	0.76661377
2148	0.768458914
2149	0.770629464
2150	0.772514005
2151	0.774377377
2152	0.776313453
2153	0.778258517
2154	0.780448695
2155	0.782414936
2156	0.784540291
2157	0.786415443
2158	0.78845407
2159	0.790776308
2160	0.792767008
2161	0.794529504
2162	0.796700989
2163	0.798813363
2164	0.800753831
2165	0.802864774
2166	0.804975237
2167	0.807309002
2168	0.809178465
2169	0.811075226
2170	0.81332746
2171	0.815322313
2172	0.81740895
2173	0.819080787
2174	0.820986087
2175	0.82295066
2176	0.825035264
2177	0.826989264
2178	0.828638488
2179	0.830146957
2180	0.832225239
2181	0.834377259
2182	0.835441315
2183	0.837401154
2184	0.839271033
2185	0.840302745
2186	0.842343904
2187	0.843818444
2188	0.8444947
2189	0.846558865
2190	0.84800102
2191	0.849570919
2192	0.8491732
2193	0.854918627
2194	0.851630126
2195	0.858910082
2196	0.861343475
2197	0.862859643
2198	0.881144509
2199	0.885380517
2200	0.885918559
2201	0.857028835
2202	0.857572038
2203	0.857698563
2204	0.858320629
2205	0.85850544
2206	0.859491914
2207	0.860267821
2208	0.860172469
2209	0.861055522
2210	0.861242112
2211	0.861733767
2212	0.862093431
2213	0.862512491
2214	0.862670802
2215	0.862926511
2216	0.862723071
2217	0.863015696
2218	0.863445677
2219	0.862676247
2220	0.863090743
2221	0.862461159
2222	0.864324254
2223	0.866565661
2224	0.866130316
2225	0.863122977
2226	0.864884941
2227	0.864206859
2228	0.86074723
2229	0.862337029
2230	0.861434214
2231	0.859524481
2232	0.859569356
2233	0.858852557
2234	0.856720124
2235	0.855746059
2236	0.854874903
2237	0.853143641
2238	0.852248403
2239	0.851076139
2240	0.849708724
2241	0.848599091
2242	0.847047173
2243	0.845796621
2244	0.84412463
2245	0.842640634
2246	0.841072431
2247	0.83824566
2248	0.83708427
2249	0.834995358
2250	0.835225857
2251	0.832023919
2252	0.830454197
2253	0.828723283
2254	0.826976981
2255	0.825001727
2256	0.823293373
2257	0.821654934
2258	0.819412716
2259	0.818004568
2260	0.816478802
2261	0.814008418
2262	0.812186657
2263	0.808675716
2264	0.808426577
2265	0.806547454
2266	0.804471744
2267	0.802560307
2268	0.80073647
2269	0.798353347
2270	0.796107721
2271	0.795152385
2272	0.792757835
2273	0.79041296
2274	0.788900799
2275	0.786353038
2276	0.784429493
2277	0.783578475
2278	0.781451008
2279	0.779258664
2280	0.777902918
2281	0.775613054
2282	0.773904318
2283	0.77225972
2284	0.770147219
2285	0.769022926
2286	0.767220131
2287	0.76516796
2288	0.763615491
2289	0.762191824
2290	0.760998684
2291	0.759410496
2292	0.758341501
2293	0.757032439
2294	0.755844408
2295	0.753792237
2296	0.752407747
2297	0.751233668
2298	0.749758155
2299	0.748216681
2300	0.747317444
2301	0.746166461
2302	0.744806274
2303	0.743224873
2304	0.741758082
2305	0.74069531
2306	0.739648045
2307	0.738337475
2308	0.736945641
2309	0.735944385
2310	0.734862216
2311	0.73403425
2312	0.732818245
2313	0.731636861
2314	0.731001562
2315	0.730090211
2316	0.728911262
2317	0.72803818
2318	0.727253555
2319	0.726197031
2320	0.725364211
2321	0.724513507
2322	0.723770405
2323	0.723050921
2324	0.722422211
2325	0.722044132
2326	0.72122342
2327	0.72082508
2328	0.720068149
2329	0.719626839
2330	0.719063717
2331	0.718720188
2332	0.718401065
2333	0.717855151
2334	0.717618228
2335	0.717401457
2336	0.716854231
2337	0.716851591
2338	0.716639042
2339	0.716401503
2340	0.716250459
2341	0.715926352
2342	0.716209233
2343	0.716135347
2344	0.7159061
2345	0.716065027
2346	0.716121929
2347	0.71603949
2348	0.716350196
2349	0.716371958
2350	0.716654154
2351	0.716724233
2352	0.716924373
2353	0.717342534
2354	0.717560745
2355	0.717738374
2356	0.718256704
2357	0.718584063
2358	0.719219786
2359	0.71945216
2360	0.719912972
2361	0.720338924
2362	0.721019042
2363	0.721288794
2364	0.722289246
2365	0.723172362
2366	0.723636799
2367	0.72418451
2368	0.724934113
2369	0.725941517
2370	0.726763575
2371	0.727464593
2372	0.728233791
2373	0.729585129
2374	0.730337418
2375	0.730811767
2376	0.732339331
2377	0.733207521
2378	0.734031245
2379	0.735405216
2380	0.736266774
2381	0.737352808
2382	0.738739119
2383	0.739555613
2384	0.740549633
2385	0.742010773
2386	0.743049406
2387	0.744437966
2388	0.745482856
2389	0.746995974
2390	0.748200268
2391	0.749438915
2392	0.750675491
2393	0.752411327
2394	0.753896001
2395	0.755295528
2396	0.756684266
2397	0.758387932
2398	0.75971209
2399	0.761266406
2400	0.76301729
2401	0.763740345
2402	0.765357026
2403	0.766885773
2404	0.768661762
2405	0.769975019
2406	0.771747603
2407	0.773398611
2408	0.775064383
2409	0.77673716
2410	0.778265319
2411	0.779983033
2412	0.781921882
2413	0.78346037
2414	0.78520573
2415	0.786920616
2416	0.788260147
2417	0.790140781
2418	0.791713708
2419	0.793429384
2420	0.795317037
2421	0.796047565
2422	0.797875282
2423	0.799317166
2424	0.801384846
2425	0.803213469
2426	0.805729535
2427	0.806254401
2428	0.808196866
2429	0.809996974
2430	0.811552451
2431	0.813524939
2432	0.815152345
2433	0.816759052
2434	0.818661042
2435	0.820174271
2436	0.822049537
2437	0.822484654
2438	0.824505875
2439	0.825718399
2440	0.827592176
2441	0.829282713
2442	0.830367774
2443	0.832203274
2444	0.833520018
2445	0.835500294
2446	0.836442906
2447	0.837338982
2448	0.839442587
2449	0.841481499
2450	0.841724849
2451	0.843846993
2452	0.845487765
2453	0.846417884
2454	0.847178884
2455	0.847994644
2456	0.849513756
2457	0.851503043
2458	0.851460276
2459	0.852620939
2460	0.854712056
2461	0.854890888
2462	0.856189248
2463	0.857102478
2464	0.858458784
2465	0.85858304
2466	0.861076116
2467	0.861590264
2468	0.862486337
2469	0.86373013
2470	0.86369802
2471	0.86517261
2472	0.865284204
2473	0.866560508
2474	0.865775439
2475	0.867687876
2476	0.866829555
2477	0.869007666
2478	0.869336631
2479	0.870555077
2480	0.870138854
2481	0.870411113
2482	0.871857286
2483	0.872395206
2484	0.87193165
2485	0.872261397
2486	0.874324026
2487	0.873082027
2488	0.874882917
2489	0.875029176
2490	0.876356881
2491	0.875984084
2492	0.876182062
2493	0.877865943
2494	0.877184917
2495	0.877647021
2496	0.878220766
2497	0.878130742
2498	0.877075511
2499	0.874186622
2500	0.8512
2510	0.8467
2520	0.838525
2530	0.8285
2540	0.8168
2550	0.803975
2560	0.790675
2570	0.77606
2580	0.761875
2590	0.750125
2600	0.739675
2610	0.730975
2620	0.7229
2630	0.717
2640	0.71312
2650	0.711375
2660	0.712125
2670	0.714925
2680	0.720625
2690	0.7245
2700	0.73105
2710	0.74066
2720	0.7502
2730	0.760775
2740	0.772375
2750	0.78405
2760	0.796775
2770	0.8077
2780	0.818875
2790	0.82966
2800	0.8384
2810	0.845025
2820	0.851075
2830	0.8534
2840	0.855075
2850	0.8544
2860	0.8518
2870	0.846575
2880	0.840675
2890	0.832675
2900	0.82375
2910	0.8152
2920	0.8049
2930	0.7935
2940	0.78275
2950	0.772375
2960	0.76225
2970	0.754125
2980	0.7452
2990	0.73795
3000	0.73058
3010	0.724275
3020	0.72035
3030	0.716925
3040	0.714425
3050	0.713
3060	0.7129
3070	0.71362
3080	0.7159
3090	0.71885
3100	0.722675
3110	0.727425
3120	0.73295
3130	0.739275
3140	0.746225
3150	0.75486
3160	0.764
3170	0.772525
3180	0.781375
3190	0.79035
3200	0.799375
3210	0.80805
3220	0.81776
3230	0.826925
3240	0.8343
3250	0.841175
3260	0.84735
3270	0.852575
3280	0.85675
3290	0.86012
3300	0.8625
3310	0.86305
3320	0.8626
3330	0.86135
3340	0.858675
3350	0.855225
3360	0.85006
3370	0.843925
3380	0.837675
3390	0.831025
3400	0.82395
3410	0.8163
3420	0.808375
3430	0.800625
3440	0.79274
3450	0.78445
3460	0.7771
3470	0.769925
3480	0.76275
3490	0.75615
3500	0.749675
3510	0.7431
3520	0.73755
3530	0.73305
3540	0.7289
3550	0.725225
3560	0.722075
3570	0.7195
3580	0.71722
3590	0.715675
3600	0.71485
3610	0.7146
3620	0.714875
3630	0.7157
3640	0.717
3650	0.71914
3660	0.721825
3670	0.7247
3680	0.72815
3690	0.7319
3700	0.73615
3710	0.7408
3720	0.74636
3730	0.752325
3740	0.75795
3750	0.76385
3760	0.769925
3770	0.776175
3780	0.7825
3790	0.788925
3800	0.79626
3810	0.8036
3820	0.80995
3830	0.816175
3840	0.822275
3850	0.828175
3860	0.833775
3870	0.83966
3880	0.845175
3890	0.849575
3900	0.853575
3910	0.857075
3920	0.860025
3930	0.8625
3940	0.86456
3950	0.865975
3960	0.86665
3970	0.866725
3980	0.8662
3990	0.865175
4000	0.863625
4010	0.8612
4020	0.858225
4030	0.855075
4040	0.851475
4050	0.847475
4060	0.843225
4070	0.83855
4080	0.8337
4090	0.8279
4100	0.821875
4110	0.81635
4120	0.810725
4130	0.804975
4140	0.79925
4150	0.793475
4160	0.78702
4170	0.7806
4180	0.775275
4190	0.7723
4200	0.77225
4210	0.77365
4220	0.777825
4230	0.78198
4240	0.77445
4250	0.76465
4260	0.7614
4270	0.75335
4280	0.7525
4290	0.746375
4300	0.73984
4310	0.7309
4320	0.725275
4330	0.719825
4340	0.7147
4350	0.710825
4360	0.7071
4370	0.70422
4380	0.70215
4390	0.70105
4400	0.7004
4410	0.699875
4420	0.6995
4430	0.6993
4440	0.699325
4450	0.69952
4460	0.7003
4470	0.701275
4480	0.7025
4490	0.703925
4500	0.705525
4510	0.70735
4520	0.70962
4530	0.712125
4540	0.7145
4550	0.717
4560	0.71975
4570	0.7226
4580	0.725575
4590	0.7291
4600	0.732775
4610	0.73615
4620	0.7396
4630	0.743125
4640	0.74665
4650	0.75025
4660	0.7543
4670	0.758375
4680	0.761975
4690	0.765525
4700	0.769
4710	0.77245
4720	0.77585
4730	0.7792
4740	0.78288
4750	0.786425
4760	0.789475
4770	0.79245
4780	0.79525
4790	0.797925
4800	0.8004
4810	0.80298
4820	0.80535
4830	0.807175
4840	0.808875
4850	0.81025
4860	0.811425
4870	0.8123
4880	0.81308
4890	0.81365
4900	0.813975
4910	0.8139
4920	0.81355
4930	0.81305
4940	0.812275
4950	0.8111
4960	0.809575
4970	0.8078
4980	0.80585
4990	0.8036
5000	0.8011
5010	0.798375
5020	0.7952
5030	0.79135
5040	0.787625
5050	0.783625
5060	0.77965
5070	0.7758
5080	0.771875
5090	0.7675
5100	0.7623
5110	0.75705
5120	0.7523
5130	0.7475
5140	0.74285
5150	0.7379
5160	0.73235
5170	0.7264
5180	0.72045
5190	0.7153
5200	0.710275
5210	0.7052
5220	0.699475
5230	0.693925
5240	0.6878
5250	0.681625
5260	0.6762
5270	0.67085
5280	0.665475
5290	0.66005
5300	0.654625
5310	0.64868
5320	0.64275
5330	0.63755
5340	0.6328
5350	0.62805
5360	0.622425
5370	0.6172
5380	0.61225
5390	0.6068
5400	0.60155
5410	0.59735
5420	0.5932
5430	0.588225
5440	0.58355
5450	0.579225
5460	0.57438
5470	0.56975
5480	0.565775
5490	0.5617
5500	0.5578
5510	0.55415
5520	0.55055
5530	0.54646
5540	0.542875
5550	0.539975
5560	0.536675
5570	0.5333
5580	0.530125
5590	0.52715
5600	0.52404
5610	0.5211
5620	0.51845
5630	0.51615
5640	0.513825
5650	0.510475
5660	0.507675
5670	0.5056
5680	0.503175
5690	0.500625
5700	0.498525
5710	0.4968
5720	0.494225
5730	0.4915
5740	0.4891
5750	0.4864
5760	0.484125
5770	0.48215
5780	0.480175
5790	0.477975
5800	0.475775
5810	0.474025
5820	0.47234
5830	0.46995
5840	0.467525
5850	0.4657
5860	0.464075
5870	0.461925
5880	0.459225
5890	0.45676
5900	0.454225
5910	0.451375
5920	0.44895
5930	0.446525
5940	0.4435
5950	0.4403
5960	0.4368
5970	0.432675
5980	0.4282
5990	0.42315
6000	0.4179
6010	0.412275
6020	0.405675
6030	0.39915
6040	0.39192
6050	0.382625
6060	0.374875
6070	0.368025
6080	0.360375
6090	0.3535
6100	0.3472
6110	0.33934
6120	0.331025
6130	0.324725
6140	0.31865
6150	0.312375
6160	0.305925
6170	0.29955
6180	0.29244
6190	0.28495
6200	0.27875
6210	0.272675
6220	0.266275
6230	0.25975
6240	0.253125
6250	0.24552
6260	0.23795
6270	0.23105
6280	0.224125
6290	0.2172
6300	0.210225
6310	0.203275
6320	0.19562
6330	0.188125
6340	0.18115
6350	0.173925
6360	0.167525
6370	0.161275
6380	0.15525
6390	0.1503
6400	0.14598
6410	0.142425
6420	0.1399
6430	0.1384
6440	0.137425
6450	0.1364
6460	0.135225
6470	0.13358
6480	0.13135
6490	0.12865
6500	0.125575
6510	0.122625
6520	0.119225
6530	0.1153
6540	0.11066
6550	0.1056
6560	0.100625
6570	0.095
6580	0.08905
6590	0.083225
6600	0.077725
6610	0.0722
6620	0.067325
6630	0.062925
6640	0.058475
6650	0.054925
6660	0.052125
6670	0.0492
6680	0.046175
6690	0.04318
6700	0.040925
6710	0.0393
6720	0.037975
6730	0.037025
6740	0.0363
6750	0.0355
6760	0.03438
6770	0.032925
6780	0.031225
6790	0.02935
6800	0.0274
6810	0.0256
6820	0.02365
6830	0.02134
6840	0.0191
6850	0.01705
6860	0.0146
6870	0.01235
6880	0.010475
6890	0.0088
6900	0.00692
6910	0.00525
6920	0.00405
6930	0.00315
6940	0.0024
6950	0.001725
6960	0.001175
6970	0.00082
6980	0.00065
6990	0.0006
7000	0.0006
7010	0.0006
7020	0.00065
7030	0.0007
7040	0.0007
7050	0.0007
7060	0.0007
7070	0.0006
7080	0.0004
7090	0.000225
7100	0.000125
7110	0.000125
7120	0.00022
7130	0.000325
7140	0.00045
7150	0.000625
7160	0.00075
7170	0.00085
7180	0.0009
7190	0.00094
7200	0.001025
7210	0.0011
7220	0.001125
7230	0.0012
7240	0.0012
7250	0.00125
7260	0.0013
7270	0.0014
7280	0.0014
7290	0.0014
7300	0.0014
7310	0.0014
7320	0.0014
7330	0.0015
7340	0.0015
7350	0.0015
7360	0.001475
7370	0.0014
7380	0.0014
7390	0.0014
7400	0.0014
7410	0.0014
7420	0.0014
7430	0.0014
7440	0.0014
7450	0.0015
7460	0.0015
7470	0.0015
7480	0.0015
7490	0.00145
7500	0.0014
7510	0.0014
7520	0.0014
7530	0.0014
7540	0.0014
7550	0.0014
7560	0.0014
7570	0.0014
7580	0.0014
7590	0.0014
7600	0.0014
7610	0.0014
7620	0.0014
7630	0.0014
7640	0.0014
7650	0.0014
7660	0.0014
7670	0.0014
7680	0.0014
7690	0.0014
7700	0.0014
7710	0.0014
7720	0.0014
7730	0.0014
7740	0.0014
7750	0.0014
7760	0.0014
7770	0.0014
7780	0.0014
7790	0.0014
7800	0.0014
7810	0.0014
7820	0.0014
7830	0.0014
7840	0.0014
7850	0.0014
7860	0.0014
7870	0.0014
7880	0.0014
7890	0.0014
7900	0.0014
7910	0.0014
7920	0.0014
7930	0.0014
7940	0.0014
7950	0.0014
7960	0.0014
7970	0.0014
7980	0.0014
7990	0.0014
8000	0.0014
8010	0.0014
8020	0.0014
8030	0.0014
8040	0.0014
8050	0.0014
8060	0.0014
8070	0.0014
8080	0.0014
8090	0.0014
8100	0.0014
8110	0.0014
8120	0.0014
8130	0.0015
8140	0.001425
8150	0.0014
8160	0.0014
8170	0.0014
8180	0.001475
8190	0.0015
8200	0.0015
8210	0.0015
8220	0.0015
8230	0.0015
8240	0.001425
8250	0.00145
8260	0.0015
8270	0.0015
8280	0.0015
8290	0.0015
8300	0.0014
8310	0.0014
8320	0.0014
8330	0.001475
8340	0.0015
8350	0.0015
8360	0.0015
8370	0.0015
8380	0.0015
8390	0.0015
8400	0.0015
8410	0.0015
8420	0.0015
8430	0.0015
8440	0.0015
8450	0.0015
8460	0.0015
8470	0.0015
8480	0.0015
8490	0.0015
8500	0.0015
8510	0.0015
8520	0.0015
8530	0.0015
8540	0.0015
8550	0.0015
8560	0.0015
8570	0.0015
8580	0.0015
8590	0.0015
8600	0.0015
8610	0.0015
8620	0.0015
8630	0.0015
8640	0.0015
8650	0.001575
8660	0.0016
8670	0.001575
8680	0.0015
8690	0.0015
8700	0.0015
8710	0.00152
8720	0.0016
8730	0.0016
8740	0.0016
8750	0.0016
8760	0.0016
8770	0.0016
8780	0.0016
8790	0.0016
8800	0.0016
8810	0.0016
8820	0.0016
8830	0.0016
8840	0.0016
8850	0.0016
8860	0.0016
8870	0.0016
8880	0.0016
8890	0.0016
8900	0.0016
8910	0.0016
8920	0.0016
8930	0.0016
8940	0.0016
8950	0.001675
8960	0.0017
8970	0.0017
8980	0.0017
8990	0.0017
9000	0.00162
9010	0.0016
9020	0.0016
9030	0.0017
9040	0.0017
9050	0.0017
9060	0.0017
9070	0.0017
9080	0.0017
9090	0.0017
9100	0.00175
9110	0.0018
9120	0.0018
9130	0.0018
9140	0.00176
9150	0.0017
9160	0.0017
9170	0.0017
9180	0.0018
9190	0.0018
9200	0.0018
9210	0.0018
9220	0.0018
9230	0.0018
9240	0.0018
9250	0.0018
9260	0.0018
9270	0.0018
9280	0.0018
9290	0.0018
9300	0.0018
9310	0.0018
9320	0.0018
9330	0.001825
9340	0.0019
9350	0.0019
9360	0.00186
9370	0.0018
9380	0.0018
9390	0.0018
9400	0.0018
9410	0.0018
9420	0.0018
9430	0.0018
9440	0.0018
9450	0.0018
9460	0.0018
9470	0.0018
9480	0.0018
9490	0.0018
9500	0.0018
9510	0.0018
9520	0.0018
9530	0.0018
9540	0.0018
9550	0.0018
9560	0.0018
9570	0.0018
9580	0.0018
9590	0.0018
9600	0.0018
9610	0.0017
9620	0.0017
9630	0.0017
9640	0.0017
9650	0.0017
9660	0.0017
9670	0.0017
9680	0.0017
9690	0.0017
9700	0.0017
9710	0.0017
9720	0.0017
9730	0.0017
9740	0.0017
9750	0.0017
9760	0.0017
9770	0.0017
9780	0.0017
9790	0.00166
9800	0.0016
9810	0.0016
9820	0.0016
9830	0.0016
9840	0.0016
9850	0.0016
9860	0.0016
9870	0.0016
9880	0.0016
9890	0.0016
9900	0.0016
9910	0.0015
9920	0.0015
9930	0.0015
9940	0.0015
9950	0.0015
9960	0.0015
9970	0.0015
9980	0.0015
9990	0.0015
10000	0.0015
