Column 1: Number of ignored points
Column 2: Y-axis intersept point in nm
Column 3: -m_1 index (given by l/2) in nm
Column 4: Film thickness calculated from the slope a (NOT final) in nm
Column 5: Film thickness 2nd iteration (d2 in Table 1 in Swanepoel(1983)) in nm
Column 1-5 LINEAR interp, Column 6-10 SPLINE interp
0	-6.18407891967	-6.0	4837.3539181	4861.74097859		0	-6.19189855583	-6.0	4838.71723737	4860.83003384
1	-6.10922011202	-6.0	4821.95084815	4859.23559801		1	-6.10803393928	-6.0	4821.22941555	4857.79428945
2	-6.02324895552	-6.0	4803.83104765	4856.11340984		2	-6.04239091571	-6.0	4807.78684495	4855.79279818
3	-5.95393619954	-6.0	4789.47250269	4853.99038328		3	-5.9654081212	-6.0	4791.67827747	4853.23718465
4	-5.87007478965	-6.0	4771.60570439	4851.07761884		4	-5.87947814701	-6.0	4773.30935216	4850.17474897
5	-5.78965716784	-6.0	4754.44180236	4848.42436666		5	-5.79863246616	-6.0	4756.04515169	4847.48062895
6	-5.72427860472	-5.5	4740.67138911	4738.58981354		6	-5.73142782548	-5.5	4741.86039855	4737.64610151
7	-5.6655249296	-5.5	4728.30124364	4736.573425		7	-5.67323644417	-5.5	4729.61730995	4735.6424
8	-5.61154180033	-5.5	4716.9110168	4734.81335444		8	-5.61767345503	-5.5	4717.87585874	4733.79654269
9	-5.55706902101	-5.5	4705.32851531	4733.06724164		9	-5.5662261581	-5.5	4706.97092262	4732.17279006
10	-5.51425367045	-5.5	4696.25958119	4731.86541292		10	-5.52037531726	-5.5	4697.23340016	4730.82801779
11	-5.4666744773	-5.5	4686.06363177	4730.49495096		11	-5.47276477497	-5.5	4687.0314176	4729.44233208
12	-5.4202812817	-5.5	4676.05923798	4729.21299871		12	-5.42474415589	-5.5	4676.6613399	4728.07545897
13	-5.38022813657	-5.5	4667.40648829	4728.23739993		13	-5.38642370478	-5.5	4668.39582243	4727.15776817
14	-5.35326933069	-5.5	4661.5997903	4727.81422849		14	-5.35776220784	-5.5	4662.21503042	4726.65524668
15	-5.31358705396	-5.5	4652.90024165	4726.91426912		15	-5.32281552158	-5.5	4654.58440755	4725.9355955
16	-5.26829126019	-5.5	4642.84442415	4725.8099073		16	-5.27481794765	-5.5	4643.90346673	4724.69255824
17	-5.21511575804	-5.0	4630.85775285	4608.98417526		17	-5.22086663254	-5.0	4631.73383048	4607.93542946
18	-5.16908317683	-5.0	4620.47089706	4607.21069321		18	-5.17150332294	-5.0	4620.56185127	4605.99641743
19	-5.12992002406	-5.0	4611.61778701	4605.77276828		19	-5.13364287696	-5.0	4612.01340405	4604.60256108
20	-5.10331269325	-5.0	4605.61491565	4604.87978885		20	-5.10754456831	-5.0	4606.12815494	4603.71658521
21	-5.08103421334	-5.0	4600.56409712	4604.17796754		21	-5.0863922674	-5.0	4601.33692607	4603.04389256
22	-5.05905054865	-5.0	4595.5407096	4603.50858361		22	-5.06400399549	-5.0	4596.22014519	4602.34387212
23	-5.03255002991	-5.0	4589.41577806	4602.68356878		23	-5.03884449218	-5.0	4590.41143903	4601.55717869
24	-5.01240798877	-5.0	4584.74306429	4602.13464503		24	-5.01758982051	-5.0	4585.47734496	4600.94855494
25	-4.99014841191	-5.0	4579.52834581	4601.52492602		25	-4.99486328101	-5.0	4580.15206887	4600.30466325
26	-4.96799085595	-5.0	4574.29414461	4600.94373952		26	-4.97316045712	-5.0	4575.0274687	4599.72589221
27	-4.94861664834	-5.0	4569.68728048	4600.49795911		27	-4.95397235959	-5.0	4570.46594146	4599.2709511
28	-4.93510211467	-5.0	4566.45856025	4600.30305122		28	-4.9386767904	-5.0	4566.80793748	4598.99088311
29	-4.91806937646	-5.0	4562.34462945	4599.99114707		29	-4.9236267257	-5.0	4563.17797668	4598.74096803
30	-4.90430961871	-5.0	4558.99915835	4599.83056808		30	-4.90989547066	-5.0	4559.83988525	4598.56344965
31	-4.89077112145	-5.0	4555.6788029	4599.69972221		31	-4.8966827326	-5.0	4556.6004738	4598.42682036
32	-4.87598026246	-5.0	4552.01597766	4599.54122302		32	-4.88184208572	-5.0	4552.9256549	4598.24711694
33	-4.8579512503	-5.0	4547.50159965	4599.27605941		33	-4.86448279851	-5.0	4548.58141034	4597.98962969
34	-4.84035046366	-5.0	4543.05552119	4599.05647623		34	-4.84506448054	-5.0	4543.67106458	4597.67441582
35	-4.82353589486	-5.0	4538.77110132	4598.89793664		35	-4.82898567953	-5.0	4539.57657064	4597.52723104
36	-4.8102768223	-5.0	4535.36877216	4598.91394441		36	-4.8151939185	-5.0	4536.03686277	4597.50134781
37	-4.79734216242	-5.0	4532.01914134	4598.96935293		37	-4.80277375481	-5.0	4532.82191022	4597.55771073
38	-4.78619151659	-5.0	4529.10720276	4599.12449016		38	-4.79167432386	-5.0	4529.92383512	4597.6937148
39	-4.77512473549	-5.0	4526.18955785	4599.30883448		39	-4.78130795833	-5.0	4527.19236536	4597.88491233
40	-4.76612913864	-5.0	4523.7978491	4599.60490116		40	-4.77221734012	-5.0	4524.77560845	4598.15370861
41	-4.75566772238	-5.0	4520.986743	4599.86553047		41	-4.76231152575	-5.0	4522.11505428	4598.41360831
42	-4.7430444307	-4.5	4517.55677214	4461.93709775		42	-4.74895875702	-4.5	4518.48586456	4460.59312241
43	-4.73098924334	-4.5	4514.24947974	4461.04843346		43	-4.73705881809	-4.5	4515.22197057	4459.68877599
44	-4.72197070621	-4.5	4511.75458721	4460.29728195		44	-4.72757797745	-4.5	4512.59891663	4458.89526009
45	-4.71369342919	-4.5	4509.44227442	4459.58340833		45	-4.7202556965	-4.5	4510.55480599	4458.19845652
46	-4.70715160072	-4.5	4507.59761715	4458.94806167		46	-4.71380157576	-4.5	4508.73526992	4457.54168554
47	-4.69881578615	-4.5	4505.22015013	4458.24004029		47	-4.7058318047	-4.5	4506.46304921	4456.82343675
48	-4.68862963829	-4.5	4502.28121507	4457.45840568		48	-4.69511309177	-4.5	4503.37009075	4455.99156185
49	-4.67957643179	-4.5	4499.6428633	4456.73593136		49	-4.68644374114	-4.5	4500.84458978	4455.25902871
50	-4.67287178619	-4.5	4497.67029029	4456.124523		50	-4.67958378997	-4.5	4498.82653076	4454.61264983
51	-4.66526211601	-4.5	4495.4058438	4455.47871233		51	-4.67256063409	-4.5	4496.7376618	4453.96396847
52	-4.6576780608	-4.5	4493.12405266	4454.84124875		52	-4.6651635961	-4.5	4494.51279227	4453.30424622
53	-4.64804105623	-4.5	4490.188937	4454.11901086		53	-4.65554587277	-4.5	4491.58417274	4452.55121035
54	-4.64001498666	-4.5	4487.71883525	4453.48185155		54	-4.64719334979	-4.5	4489.01370003	4451.86666444
55	-4.63121154156	-4.5	4484.97729716	4452.81874533		55	-4.63891828587	-4.5	4486.43796119	4451.19504552
56	-4.62437003898	-4.5	4482.82414827	4452.25782418		56	-4.6320310218	-4.5	4484.27083533	4450.59715669
57	-4.6160659776	-4.5	4480.17801461	4451.63776935		57	-4.62408510988	-4.5	4481.73985847	4449.95810651
58	-4.609083011	-4.5	4477.92784648	4451.09197888		58	-4.6173286079	-4.5	4479.56341617	4449.38531982
59	-4.60107097566	-4.5	4475.31361266	4450.50794994		59	-4.6092037812	-4.5	4476.91287056	4448.75679671
60	-4.59094646153	-4.5	4471.96628082	4449.83548451		60	-4.59903124441	-4.5	4473.5504204	4448.04210626
61	-4.58252260502	-4.5	4469.14913054	4449.26452608		61	-4.59095835937	-4.5	4470.85179339	4447.44711719
62	-4.57502176046	-4.5	4466.61034473	4448.75482145		62	-4.58376540879	-4.5	4468.41821764	4446.90917548
63	-4.56831964809	-4.5	4464.31394975	4448.29948585		63	-4.57738703269	-4.5	4466.23367158	4446.4242783
64	-4.55926296011	-4.5	4461.1673712	4447.74133526		64	-4.56832692044	-4.5	4463.08678845	4445.81837697
65	-4.55004014698	-4.5	4457.92103295	4447.19581568		65	-4.5593547986	-4.5	4459.929982	4445.23648191
66	-4.54240432733	-4.5	4455.199734	4446.75390927		66	-4.55183651656	-4.5	4457.25152214	4444.74910334
67	-4.53361281311	-4.5	4452.02286675	4446.27295527		67	-4.54366875974	-4.5	4454.30180549	4444.24680537
68	-4.52369095109	-4.5	4448.38692525	4445.75783293		68	-4.53413690852	-4.5	4450.81053357	4443.69498639
69	-4.51165277303	-4.5	4443.91034652	4445.15993104		69	-4.52228874019	-4.5	4446.40648521	4443.04711608
70	-4.49757901017	-4.5	4438.59874073	4444.48937973		70	-4.50769142289	-4.5	4440.89793843	4442.2853903
71	-4.48379875059	-4.5	4433.32475116	4443.88132574		71	-4.49502876616	-4.5	4436.05583697	4441.67556432
72	-4.47027195509	-4.5	4428.07368426	4443.33600774		72	-4.48157450763	-4.5	4430.83508709	4441.0649584
73	-4.46338356182	-4.5	4425.36798395	4443.20824559		73	-4.47514077482	-4.5	4428.30943022	4440.8892643
74	-4.45289217196	-4.5	4421.17941682	4442.91374588		74	-4.46535139216	-4.5	4424.40386251	4440.55713791
75	-4.4421362414	-4.5	4416.81975576	4442.65181488		75	-4.45397708309	-4.5	4419.79437777	4440.17794531
76	-4.43223787184	-4.5	4412.74734567	4442.49056197		76	-4.44422086619	-4.5	4415.78246545	4439.94184492
77	-4.42438340734	-4.5	4409.46787133	4442.49847272		77	-4.43698990934	-4.5	4412.76543783	4439.89819079
78	-4.41746812285	-4.5	4406.53559107	4442.60830727		78	-4.43041755422	-4.5	4409.98026644	4439.93431699
79	-4.4139393684	-4.5	4405.01692504	4442.96017431		79	-4.42737773167	-4.5	4408.6729029	4440.21497035
80	-4.40943197988	-4.5	4403.0444031	4443.29198778		80	-4.42376121128	-4.5	4407.09156463	4440.49274887
81	-4.40867690848	-4.5	4402.70885582	4443.88459022		81	-4.42368226707	-4.5	4407.05650955	4441.00935428
82	-4.40520237557	-4.5	4401.13699479	4444.34713746		82	-4.42083139943	-4.5	4405.76779984	4441.38554881
83	-4.39315493171	-4.5	4395.57621149	4444.33648641		83	-4.40945473406	-4.5	4400.52105518	4441.28553925
84	-4.38174146295	-4.5	4390.21630547	4444.45748931		84	-4.39830366634	-4.5	4395.28821333	4441.28246334
85	-4.37139525407	-4.5	4385.2719631	4444.74167737		85	-4.38894638019	-4.5	4390.82091222	4441.47947359
86	-4.36088043505	-4.5	4380.15464149	4445.11382493		86	-4.37883505399	-4.5	4385.90410597	4441.71519897
87	-4.34880830644	-4.5	4374.16671404	4445.49464214		87	-4.36753566467	-4.5	4380.30503646	4441.97330185
88	-4.33382124233	-4.5	4366.5845956	4445.8133536		88	-4.35319286057	-4.5	4373.05611213	4442.14866232
89	-4.32278549523	-4.5	4360.89938769	4446.54880551		89	-4.34312097407	-4.5	4367.8732688	4442.74600694
90	-4.31397084889	-4.5	4356.2708619	4447.573831		90	-4.33596448564	-4.5	4364.12048297	4443.65919972
91	-4.30327608946	-4.5	4350.53801187	4448.61630454		91	-4.32629607796	-4.5	4358.94417071	4444.52541255
92	-4.29300066847	-4.5	4344.91609965	4449.85584007		92	-4.31641488848	-4.5	4353.54402721	4445.52503304
93	-4.27900627147	-4.5	4337.08964694	4451.02656946		93	-4.30330060372	-4.5	4346.21942741	4446.47153459
94	-4.26878908904	-4.5	4331.25669807	4452.68700858		94	-4.29548167771	-4.5	4341.76329223	4447.98204366
95	-4.2698894684	-4.5	4331.89733534	4455.32136926		95	-4.29933126101	-4.5	4344.00046717	4450.43671822
96	-4.26321304142	-4.5	4327.91514236	4457.56291607		96	-4.29534207939	-4.5	4341.62560002	4452.45110275
97	-4.2493494437	-4.0	4319.44108993	4177.27039404		97	-4.28392830977	-4.5	4334.6626842	4454.13201029
98	-4.23341486061	-4.0	4309.46474858	4172.83416381		98	-4.26910712159	-4.5	4325.40038883	4455.85103669
99	-4.22037506119	-4.0	4301.10507607	4168.5839789		99	-4.25911441342	-4.5	4319.00877953	4458.24708017
100	-4.21266809499	-4.0	4296.04409602	4164.64332147		100	-4.25569523848	-4.5	4316.76927972	4461.40458867
101	-4.2042775504	-4.0	4290.39083889	4160.53862458		101	-4.25406819808	-4.5	4315.67640562	4464.93604676
102	-4.19710686706	-4.0	4285.43166164	4156.3923002		102	-4.25096774945	-4.5	4313.53835038	4468.62298447
103	-4.20806864262	-4.0	4293.20397851	4153.21455198		103	-4.27430402666	-4.5	4330.01970239	4474.27389705
104	-4.25763704167	-4.5	4329.21386624	4490.64784983		104	-4.29230359717	-4.5	4343.09550583	4479.40591547
105	-4.28733779326	-4.5	4351.45810174	4497.23427212		105	-4.41000967176	-4.5	4430.42025808	4489.71781133
106	-4.50533257645	-4.5	4517.80371836	4512.41538494		106	-4.60624907263	-4.5	4579.80391413	4500.81515978
107	-4.80075024452	-5.0	4749.73345092	4898.98756069		107	-4.96737774227	-5.0	4861.62215975	4885.18786451
108	-4.89917974227	-5.0	4829.92362382	4908.57114746		108	-5.40170965718	-5.5	5210.58181013	5287.44881623
109	-5.10289496776	-5.0	5000.35556373	4919.26488285		109	-5.35655104122	-5.5	5172.82544634	5288.17462048
110	-4.68849674241	-4.5	4636.57192817	4481.28659658		110	-5.1841489994	-5.0	5024.33003454	4873.58284383
111	-4.42882751109	-4.5	4403.44674574	4465.27472556		111	-4.69973514993	-4.5	4592.09771818	4422.44510287
112	-3.83703047601	-4.0	3850.42920503	3996.58386269		112	-4.08397988934	-4.0	4024.73843196	3950.51297019
