340	0.000283311
341	0.000221726
342	0.000209396
343	0.000170991
344	0.000183744
345	0.000166308
346	0.000181787
347	0.000199889
348	0.000209449
349	0.000250344
350	0.000339302
351	0.000481013
352	0.00068414
353	0.000978959
354	0.001406343
355	0.001972078
356	0.002663515
357	0.003600999
358	0.004808793
359	0.006253669
360	0.008047642
361	0.010048505
362	0.012473565
363	0.015218217
364	0.018270426
365	0.021778503
366	0.025662563
367	0.029877865
368	0.034384113
369	0.03937571
370	0.045057641
371	0.050513314
372	0.056268159
373	0.06290618
374	0.069643482
375	0.075675824
376	0.082256833
377	0.090576416
378	0.098199385
379	0.1042514
380	0.111271217
381	0.121025682
382	0.129822632
383	0.13507733
384	0.141232595
385	0.152156203
386	0.163106446
387	0.168444711
388	0.172074976
389	0.181944065
390	0.196129155
391	0.204004723
392	0.204923277
393	0.210178457
394	0.224402594
395	0.238674651
396	0.242081185
397	0.240100687
398	0.246359712
399	0.263398963
400	0.278203386
401	0.279037068
402	0.273953616
403	0.27862327
404	0.296508806
405	0.314734781
406	0.3169297
407	0.308235914
408	0.30722624
409	0.32308846
410	0.345985333
411	0.354619827
412	0.345279193
413	0.335939558
414	0.343199814
415	0.366335921
416	0.386979371
417	0.387201218
418	0.372442841
419	0.36406758
420	0.374957548
421	0.400558172
422	0.420869995
423	0.419022018
424	0.40158951
425	0.390088797
426	0.398377649
427	0.424242168
428	0.449221957
429	0.452425555
430	0.434036407
431	0.416455177
432	0.417479753
433	0.439378032
434	0.469357314
435	0.484377148
436	0.473877631
437	0.451103594
438	0.437559489
439	0.444876257
440	0.471205173
441	0.501181432
442	0.513887148
443	0.500942473
444	0.476288713
445	0.460748548
446	0.466043045
447	0.491401915
448	0.52394638
449	0.542544199
450	0.533574492
451	0.507341181
452	0.486355756
453	0.484326521
454	0.504287862
455	0.537404046
456	0.565456845
457	0.570185621
458	0.549777303
459	0.521908036
460	0.504849061
461	0.508200942
462	0.532029344
463	0.566250951
464	0.592909904
465	0.595590332
466	0.574042157
467	0.544452107
468	0.524691866
469	0.524985027
470	0.54682778
471	0.581858237
472	0.612092065
473	0.621405845
474	0.604866744
475	0.574206454
476	0.548645201
477	0.539807418
478	0.55125311
479	0.57989112
480	0.614659488
481	0.640085475
482	0.642189946
483	0.621508673
484	0.590563805
485	0.565465279
486	0.556139552
487	0.566234947
488	0.593344091
489	0.629211698
490	0.65807172
491	0.664794303
492	0.647881712
493	0.616882339
494	0.588206652
495	0.572500031
496	0.575054246
497	0.595533425
498	0.627915696
499	0.661489074
500	0.68222623
501	0.681184773
502	0.659286898
503	0.628256381
504	0.600663032
505	0.585886656
506	0.588660162
507	0.608006789
508	0.6392733
509	0.673637412
510	0.697976878
511	0.700669676
512	0.682018875
513	0.651213217
514	0.621283831
515	0.601857715
516	0.597639949
517	0.609754923
518	0.635501445
519	0.668804772
520	0.6995489
521	0.716690285
522	0.713563702
523	0.692366792
524	0.662528858
525	0.633202491
526	0.613793076
527	0.608604482
528	0.618457756
529	0.642230814
530	0.674671175
531	0.706796712
532	0.728034793
533	0.731175129
534	0.715282205
535	0.687186508
536	0.656814879
537	0.632560649
538	0.619760486
539	0.620827014
540	0.635524489
541	0.660826107
542	0.692254852
543	0.721975937
544	0.741410085
545	0.743741207
546	0.728878771
547	0.702067367
548	0.672331044
549	0.646408842
550	0.63086587
551	0.627873097
552	0.638145701
553	0.659582628
554	0.688474998
555	0.719018576
556	0.74396243
557	0.755817616
558	0.751429053
559	0.732548092
560	0.705192461
561	0.676803022
562	0.653451186
563	0.638907013
564	0.635759796
565	0.643982401
566	0.662565599
567	0.689018698
568	0.718686091
569	0.745522553
570	0.762643915
571	0.764985158
572	0.752513002
573	0.728932564
574	0.701305472
575	0.675047628
576	0.655032295
577	0.643941315
578	0.643264013
579	0.653138257
580	0.671869601
581	0.697218928
582	0.725625913
583	0.751271059
584	0.768963503
585	0.774588549
586	0.76680641
587	0.747648219
588	0.721655365
589	0.694631792
590	0.671435727
591	0.655595897
592	0.648827164
593	0.652045613
594	0.664106422
595	0.684104251
596	0.70976402
597	0.736877621
598	0.760794425
599	0.77712049
600	0.782574259
601	0.775178815
602	0.757741235
603	0.734332756
604	0.708773248
605	0.685306739
606	0.667053862
607	0.656706083
608	0.654461061
609	0.661135918
610	0.675989141
611	0.697223311
612	0.72273012
613	0.748053853
614	0.770172473
615	0.784609624
616	0.789056294
617	0.782007212
618	0.766024592
619	0.743584739
620	0.719551248
621	0.696344708
622	0.677663588
623	0.665101706
624	0.659581742
625	0.661158693
626	0.670620163
627	0.686541831
628	0.707793866
629	0.732313844
630	0.756533967
631	0.777163016
632	0.790675929
633	0.794458956
634	0.788910645
635	0.774386123
636	0.753554041
637	0.730469154
638	0.708068887
639	0.688591285
640	0.674082764
641	0.665791147
642	0.663827978
643	0.668763358
644	0.679757742
645	0.696197863
646	0.717070985
647	0.74028717
648	0.762526931
649	0.782360457
650	0.795692338
651	0.800465007
652	0.796554793
653	0.784560841
654	0.76663654
655	0.745305365
656	0.723321629
657	0.703155683
658	0.68686409
659	0.675115689
660	0.66927704
661	0.668921162
662	0.674567184
663	0.685398758
664	0.700839222
665	0.720277906
666	0.74174457
667	0.763603282
668	0.782536868
669	0.797165212
670	0.80501315
671	0.805178224
672	0.797237159
673	0.783366511
674	0.764689307
675	0.743686564
676	0.723251826
677	0.705013547
678	0.689885963
679	0.679211925
680	0.673679662
681	0.673146649
682	0.677597708
683	0.687046893
684	0.700549393
685	0.717951583
686	0.737738553
687	0.758214124
688	0.777711697
689	0.794460958
690	0.806229265
691	0.811363028
692	0.809129197
693	0.800620932
694	0.786785344
695	0.76877225
696	0.74931017
697	0.730058562
698	0.712522571
699	0.697839357
700	0.686619567
701	0.679711015
702	0.677083776
703	0.678847588
704	0.685367486
705	0.695890232
706	0.709774046
707	0.726703337
708	0.745755857
709	0.765253294
710	0.783883755
711	0.799340691
712	0.810357201
713	0.815904834
714	0.815493644
715	0.809473576
716	0.798196834
717	0.782891085
718	0.764960419
719	0.746900667
720	0.729372255
721	0.713332102
722	0.700288778
723	0.690013344
724	0.683432512
725	0.680887542
726	0.682234843
727	0.687508204
728	0.696532382
729	0.709170847
730	0.724463254
731	0.742046095
732	0.760032074
733	0.778078413
734	0.793926229
735	0.807381032
736	0.816808984
737	0.821047464
738	0.820340516
739	0.814124865
740	0.803749923
741	0.790188785
742	0.774388795
743	0.757518369
744	0.740556359
745	0.724718725
746	0.710483636
747	0.699473342
748	0.691273766
749	0.686019121
750	0.68464478
751	0.686827968
752	0.692408324
753	0.701194537
754	0.71266033
755	0.726710946
756	0.742403379
757	0.759159943
758	0.77545911
759	0.791320982
760	0.805057511
761	0.815625263
762	0.822717045
763	0.825161033
764	0.823371223
765	0.817240864
766	0.807589089
767	0.79442297
768	0.779662711
769	0.763453682
770	0.7470897
771	0.731750338
772	0.718197346
773	0.70641604
774	0.697486967
775	0.691365797
776	0.68828358
777	0.687802585
778	0.690558617
779	0.696133306
780	0.704475858
781	0.715206994
782	0.727721257
783	0.742044096
784	0.757424227
785	0.772924273
786	0.78827937
787	0.801841666
788	0.813572268
789	0.822177201
790	0.827623039
791	0.829051689
792	0.826147107
793	0.819899927
794	0.810223238
795	0.798101356
796	0.784250514
797	0.769520104
798	0.759601371
799	0.745344296
800	0.732351775
801	0.721518369
802	0.712398757
803	0.705676834
804	0.701351479
805	0.699333128
806	0.700037251
807	0.703057519
808	0.708278471
809	0.716675292
810	0.727074802
811	0.738536175
812	0.752239507
813	0.766540726
814	0.780997164
815	0.795202652
816	0.808225258
817	0.819807982
818	0.829226217
819	0.835568744
820	0.839213873
821	0.839216091
822	0.836292976
823	0.830286379
824	0.822051002
825	0.810677956
826	0.7985467
827	0.78499963
828	0.770854806
829	0.756997993
830	0.744579909
831	0.732158822
832	0.722228937
833	0.713745555
834	0.707469551
835	0.703216028
836	0.700876537
837	0.701269675
838	0.703034231
839	0.707655219
840	0.714044917
841	0.722643407
842	0.732098903
843	0.743158123
844	0.754994903
845	0.768090179
846	0.781492447
847	0.795573156
848	0.807193573
849	0.819110964
850	0.828490327
851	0.835857728
852	0.840065252
853	0.842458263
854	0.84168602
855	0.837893403
856	0.831625269
857	0.823162657
858	0.812759694
859	0.801361992
860	0.789173746
861	0.776312014
862	0.763942973
863	0.75167901
864	0.740815403
865	0.7303683
866	0.721870822
867	0.714696173
868	0.709265695
869	0.705183112
870	0.703224877
871	0.703046918
872	0.704980822
873	0.708775092
874	0.714353777
875	0.721433959
876	0.729959165
877	0.739961125
878	0.751004507
879	0.761856561
880	0.774020735
881	0.786024478
882	0.797829444
883	0.809433328
884	0.820062995
885	0.828935957
886	0.836442432
887	0.841578406
888	0.844662077
889	0.845052982
890	0.843567911
891	0.838966466
892	0.832722933
893	0.824532063
894	0.815353189
895	0.804275401
896	0.792493516
897	0.781001907
898	0.769548768
899	0.758313523
900	0.747376184
901	0.737882139
902	0.728666722
903	0.721212982
904	0.715238889
905	0.710465648
906	0.707068023
907	0.704942327
908	0.704772048
909	0.706736019
910	0.709159412
911	0.713430569
912	0.719887234
913	0.726334492
914	0.735257875
915	0.744275451
916	0.7546569
917	0.765269413
918	0.77659361
919	0.787704581
920	0.799054242
921	0.809181327
922	0.81914011
923	0.827855038
924	0.835535924
925	0.841147565
926	0.845711397
927	0.847932316
928	0.84758859
929	0.846196741
930	0.842191884
931	0.836328225
932	0.829045742
933	0.820346372
934	0.810576259
935	0.800316983
936	0.789793446
937	0.779307538
938	0.768500939
939	0.758458587
940	0.748580347
941	0.73958623
942	0.731322618
943	0.72443899
944	0.718470154
945	0.713836507
946	0.710233848
947	0.707717956
948	0.706877316
949	0.706729459
950	0.70877158
951	0.711553544
952	0.715817753
953	0.720920033
954	0.727560493
955	0.734767617
956	0.742839296
957	0.75193731
958	0.761684098
959	0.771812468
960	0.781959312
961	0.792405864
962	0.802728877
963	0.811837401
964	0.821080004
965	0.829184756
966	0.836765066
967	0.84231743
968	0.846704965
969	0.849315195
970	0.850472882
971	0.850019305
972	0.84740293
973	0.843318803
974	0.838195406
975	0.831404603
976	0.823778973
977	0.815251418
978	0.806635344
979	0.797290753
980	0.788431534
981	0.778717251
982	0.769164783
983	0.759512449
984	0.750998399
985	0.742820316
986	0.735783055
987	0.728680778
988	0.723473925
989	0.718571352
990	0.715184447
991	0.713096204
992	0.711022498
993	0.710535062
994	0.711386427
995	0.712761132
996	0.715323232
997	0.719535841
998	0.723619179
999	0.729003264
1000	0.73609864
1001	0.742546466
1002	0.750493368
1003	0.758658132
1004	0.766722697
1005	0.776434259
1006	0.786143219
1007	0.795144427
1008	0.804342345
1009	0.813456742
1010	0.821930313
1011	0.830106587
1012	0.837066061
1013	0.842330018
1014	0.847341762
1015	0.850972291
1016	0.853114761
1017	0.853537818
1018	0.85263022
1019	0.851279779
1020	0.847511984
1021	0.843265739
1022	0.837301376
1023	0.831463412
1024	0.823958377
1025	0.816066079
1026	0.80793542
1027	0.799057972
1028	0.789983969
1029	0.780850981
1030	0.772346781
1031	0.763696588
1032	0.754988591
1033	0.74767164
1034	0.740514717
1035	0.734252812
1036	0.728813879
1037	0.723634746
1038	0.719916293
1039	0.716593579
1040	0.714029302
1041	0.712879593
1042	0.711927645
1043	0.711901386
1044	0.712878968
1045	0.715099827
1046	0.717895081
1047	0.721221749
1048	0.725385944
1049	0.730906328
1050	0.736664254
1051	0.743259751
1052	0.750517379
1053	0.757391769
1054	0.765867917
1055	0.77400796
1056	0.782200036
1057	0.790913169
1058	0.799187508
1059	0.807532324
1060	0.815701784
1061	0.822844222
1062	0.83032234
1063	0.836236553
1064	0.841932998
1065	0.846459897
1066	0.850180435
1067	0.852766688
1068	0.855309486
1069	0.855506994
1070	0.854443609
1071	0.852650028
1072	0.849905706
1073	0.845831977
1074	0.841566942
1075	0.835543661
1076	0.829385606
1077	0.82245787
1078	0.815459681
1079	0.807506625
1080	0.799560285
1081	0.791823484
1082	0.783798168
1083	0.775958068
1084	0.768710335
1085	0.760957667
1086	0.753684067
1087	0.747078191
1088	0.741079033
1089	0.735220707
1090	0.729822236
1091	0.725194199
1092	0.721659273
1093	0.718339478
1094	0.716037339
1095	0.714179342
1096	0.713269306
1097	0.712882783
1098	0.713315657
1099	0.714487276
1100	0.715985881
1101	0.718505596
1102	0.721403385
1103	0.725230606
1104	0.7294945
1105	0.734324117
1106	0.739984528
1107	0.74594766
1108	0.751923528
1109	0.758994558
1110	0.766148081
1111	0.773830631
1112	0.781410391
1113	0.788846712
1114	0.797043311
1115	0.804298255
1116	0.811894984
1117	0.81853456
1118	0.825781605
1119	0.83128496
1120	0.837207948
1121	0.842758818
1122	0.846964114
1123	0.851024685
1124	0.853450003
1125	0.855102224
1126	0.856402734
1127	0.856981672
1128	0.856415519
1129	0.854579916
1130	0.851930193
1131	0.848733011
1132	0.844201445
1133	0.839207259
1134	0.834403883
1135	0.828206242
1136	0.822181499
1137	0.81516912
1138	0.808627787
1139	0.801772342
1140	0.794800832
1141	0.787064352
1142	0.780427973
1143	0.773084054
1144	0.766370318
1145	0.759563742
1146	0.753543427
1147	0.747456263
1148	0.741597301
1149	0.736768425
1150	0.732120142
1151	0.727569302
1152	0.724160486
1153	0.720991889
1154	0.718472291
1155	0.7168522
1156	0.715492688
1157	0.714444555
1158	0.714086755
1159	0.714291782
1160	0.714847576
1161	0.716593742
1162	0.718500881
1163	0.720609064
1164	0.723997075
1165	0.727382792
1166	0.731246401
1167	0.735821341
1168	0.740600628
1169	0.745957432
1170	0.751616372
1171	0.757526063
1172	0.76376573
1173	0.77048087
1174	0.776837926
1175	0.783654357
1176	0.790562767
1177	0.79743222
1178	0.804016114
1179	0.810573496
1180	0.816929038
1181	0.822990982
1182	0.828557945
1183	0.833996231
1184	0.839577899
1185	0.843801983
1186	0.847994639
1187	0.85161578
1188	0.853948729
1189	0.855978358
1190	0.857396714
1191	0.85801387
1192	0.857912739
1193	0.856838755
1194	0.855423765
1195	0.853571989
1196	0.850262066
1197	0.846512501
1198	0.843184661
1199	0.838608571
1200	0.833744216
1201	0.82791737
1202	0.822585872
1203	0.816569148
1204	0.810348758
1205	0.804282417
1206	0.797935968
1207	0.791230675
1208	0.784940218
1209	0.778874721
1210	0.771815636
1211	0.765737602
1212	0.759881525
1213	0.754387558
1214	0.749115893
1215	0.743870919
1216	0.739283646
1217	0.734697422
1218	0.731322645
1219	0.727711523
1220	0.724121328
1221	0.721594644
1222	0.719494384
1223	0.717560192
1224	0.716427117
1225	0.715061831
1226	0.714546667
1227	0.714544265
1228	0.714564914
1229	0.715595191
1230	0.716944243
1231	0.718448655
1232	0.720695533
1233	0.723157691
1234	0.725930455
1235	0.729205931
1236	0.73341394
1237	0.737567738
1238	0.741777597
1239	0.746263508
1240	0.751153845
1241	0.756354204
1242	0.76215203
1243	0.767529881
1244	0.773421048
1245	0.779325716
1246	0.785402969
1247	0.791519042
1248	0.797515743
1249	0.803510193
1250	0.809900903
1251	0.815448475
1252	0.821104927
1253	0.826607453
1254	0.83142995
1255	0.836514904
1256	0.840833564
1257	0.843564998
1258	0.847961984
1259	0.851808467
1260	0.853569711
1261	0.855295755
1262	0.85712998
1263	0.858306688
1264	0.857832484
1265	0.858179164
1266	0.857495368
1267	0.856391163
1268	0.854661144
1269	0.852043009
1270	0.849545456
1271	0.845894972
1272	0.84213843
1273	0.838293437
1274	0.834283799
1275	0.82886947
1276	0.824353947
1277	0.818951445
1278	0.813554716
1279	0.808445996
1280	0.802199946
1281	0.797173325
1282	0.791134256
1283	0.785766379
1284	0.780111695
1285	0.774064841
1286	0.768416121
1287	0.763829775
1288	0.758312978
1289	0.753503972
1290	0.749067713
1291	0.744492166
1292	0.740399534
1293	0.736528305
1294	0.732629177
1295	0.729294129
1296	0.726397549
1297	0.723867751
1298	0.721419618
1299	0.719625193
1300	0.718226489
1301	0.717171641
1302	0.715920895
1303	0.716048775
1304	0.715286237
1305	0.71566115
1306	0.715634293
1307	0.717042092
1308	0.718115746
1309	0.719722288
1310	0.72138438
1311	0.723248523
1312	0.726059764
1313	0.729012871
1314	0.732307736
1315	0.735525816
1316	0.738917576
1317	0.743147416
1318	0.746906658
1319	0.751231172
1320	0.755680356
1321	0.760098073
1322	0.764935213
1323	0.770254251
1324	0.774730821
1325	0.78030715
1326	0.785785299
1327	0.791050526
1328	0.796509831
1329	0.801897334
1330	0.807320917
1331	0.812664144
1332	0.817709077
1333	0.82239138
1334	0.827324915
1335	0.831931072
1336	0.835967872
1337	0.840152263
1338	0.844114571
1339	0.846992336
1340	0.849773836
1341	0.852684738
1342	0.854691131
1343	0.856663685
1344	0.857945555
1345	0.858522839
1346	0.85942246
1347	0.85985139
1348	0.859295156
1349	0.858855868
1350	0.857422181
1351	0.855378584
1352	0.853801543
1353	0.851145868
1354	0.848677054
1355	0.845058994
1356	0.841435402
1357	0.837830044
1358	0.834498254
1359	0.830264229
1360	0.826012111
1361	0.821667977
1362	0.8161389
1363	0.811711013
1364	0.807189856
1365	0.801749895
1366	0.797208246
1367	0.792248972
1368	0.787093176
1369	0.781665756
1370	0.776784525
1371	0.771840085
1372	0.767052764
1373	0.762245497
1374	0.758016232
1375	0.753609054
1376	0.749898433
1377	0.745645281
1378	0.742455568
1379	0.738431529
1380	0.734383607
1381	0.731222039
1382	0.7295417
1383	0.726323556
1384	0.724505019
1385	0.722713834
1386	0.720517359
1387	0.719609725
1388	0.717487372
1389	0.71668445
1390	0.71561072
1391	0.715501947
1392	0.715057412
1393	0.714280485
1394	0.71520959
1395	0.715585258
1396	0.71692609
1397	0.71711069
1398	0.718777237
1399	0.720864204
1400	0.723176496
1401	0.72424688
1402	0.726651718
1403	0.729063978
1404	0.732245825
1405	0.734555656
1406	0.738661052
1407	0.741107778
1408	0.745252961
1409	0.749246265
1410	0.753570381
1411	0.758312596
1412	0.762259237
1413	0.766720371
1414	0.771077714
1415	0.775325715
1416	0.780134518
1417	0.784604214
1418	0.789762633
1419	0.794225349
1420	0.798584463
1421	0.803131215
1422	0.807886576
1423	0.812218637
1424	0.816620714
1425	0.821107881
1426	0.825393684
1427	0.829854003
1428	0.833717234
1429	0.836842771
1430	0.840636267
1431	0.844088962
1432	0.846950707
1433	0.849598308
1434	0.852228043
1435	0.854530112
1436	0.856704539
1437	0.857503482
1438	0.859087407
1439	0.860241798
1440	0.860390081
1441	0.860612618
1442	0.860590495
1443	0.860588885
1444	0.85953533
1445	0.858795507
1446	0.856846941
1447	0.855280724
1448	0.853458536
1449	0.851189764
1450	0.848820151
1451	0.845691418
1452	0.842418773
1453	0.839485191
1454	0.835978568
1455	0.832376457
1456	0.828479394
1457	0.824740478
1458	0.820433761
1459	0.816497628
1460	0.812251771
1461	0.808273326
1462	0.803979262
1463	0.799557227
1464	0.795599494
1465	0.79070884
1466	0.786197161
1467	0.782196748
1468	0.777809753
1469	0.773600244
1470	0.769157741
1471	0.765069906
1472	0.760933337
1473	0.757583421
1474	0.753810692
1475	0.750375778
1476	0.746831101
1477	0.743659536
1478	0.74036286
1479	0.737621499
1480	0.735144575
1481	0.732409946
1482	0.730176301
1483	0.727760841
1484	0.725905362
1485	0.724077721
1486	0.722434373
1487	0.721115062
1488	0.719700587
1489	0.718323884
1490	0.717658318
1491	0.716876412
1492	0.716618299
1493	0.716166777
1494	0.716332426
1495	0.716805755
1496	0.716764201
1497	0.717294945
1498	0.718222976
1499	0.719066192
1500	0.72014768
1501	0.721459696
1502	0.7228693
1503	0.724717756
1504	0.72644054
1505	0.728549204
1506	0.730543346
1507	0.733361306
1508	0.735771285
1509	0.738591978
1510	0.741493726
1511	0.744548128
1512	0.747430369
1513	0.750806409
1514	0.754159105
1515	0.757671415
1516	0.76139805
1517	0.765346814
1518	0.769171116
1519	0.772651421
1520	0.776329342
1521	0.780638685
1522	0.784309814
1523	0.788383921
1524	0.792560264
1525	0.796686706
1526	0.800672444
1527	0.804960783
1528	0.808802546
1529	0.812570876
1530	0.816808386
1531	0.82065464
1532	0.824192776
1533	0.82812794
1534	0.831399577
1535	0.834901069
1536	0.837863504
1537	0.840948843
1538	0.843390898
1539	0.846073318
1540	0.848577548
1541	0.85084328
1542	0.852730082
1543	0.854797561
1544	0.856290292
1545	0.858016648
1546	0.859365157
1547	0.859750332
1548	0.860237413
1549	0.861200595
1550	0.861117855
1551	0.860964501
1552	0.86114371
1553	0.860461557
1554	0.85947999
1555	0.858705227
1556	0.856839898
1557	0.855409469
1558	0.854074259
1559	0.852082588
1560	0.849444597
1561	0.847694684
1562	0.845255999
1563	0.842935035
1564	0.840084589
1565	0.83654865
1566	0.833800504
1567	0.830668688
1568	0.827233624
1569	0.823773385
1570	0.819817207
1571	0.816328602
1572	0.812871666
1573	0.809129121
1574	0.805238356
1575	0.801504215
1576	0.797806321
1577	0.794040875
1578	0.790395247
1579	0.786348464
1580	0.782944168
1581	0.779091908
1582	0.775940951
1583	0.77221887
1584	0.768788196
1585	0.765342427
1586	0.762086782
1587	0.75866927
1588	0.755541432
1589	0.751781982
1590	0.749233276
1591	0.746121781
1592	0.743504539
1593	0.740976073
1594	0.738212298
1595	0.735506719
1596	0.733694368
1597	0.731609198
1598	0.729402473
1599	0.727234133
1600	0.725584285
1601	0.723970082
1602	0.722895118
1603	0.721519104
1604	0.720436682
1605	0.719389634
1606	0.718689591
1607	0.717790567
1608	0.717091967
1609	0.716681848
1610	0.716658126
1611	0.716276174
1612	0.716380333
1613	0.716821879
1614	0.717136838
1615	0.717429594
1616	0.718146842
1617	0.718831254
1618	0.71965872
1619	0.720697222
1620	0.722206769
1621	0.723367858
1622	0.724606276
1623	0.726014781
1624	0.728414392
1625	0.729783158
1626	0.731781748
1627	0.733807789
1628	0.736047996
1629	0.738438352
1630	0.740730984
1631	0.743386591
1632	0.746165823
1633	0.748755053
1634	0.751854556
1635	0.754977898
1636	0.757699883
1637	0.760870741
1638	0.76366969
1639	0.766886471
1640	0.770273677
1641	0.773683019
1642	0.776811454
1643	0.780170798
1644	0.78408736
1645	0.787166433
1646	0.790841669
1647	0.793839382
1648	0.797542422
1649	0.801036436
1650	0.804529964
1651	0.807494072
1652	0.811363129
1653	0.814593091
1654	0.818065067
1655	0.821741126
1656	0.824625302
1657	0.827794968
1658	0.830592301
1659	0.833175426
1660	0.835954214
1661	0.838066971
1662	0.841370966
1663	0.843943072
1664	0.84592968
1665	0.848372898
1666	0.850301204
1667	0.851686819
1668	0.853565172
1669	0.855128243
1670	0.856621433
1671	0.858038615
1672	0.859270527
1673	0.859916365
1674	0.860700577
1675	0.860924042
1676	0.861397653
1677	0.861529001
1678	0.861871642
1679	0.861438356
1680	0.860929243
1681	0.860463905
1682	0.859921599
1683	0.858758225
1684	0.857514898
1685	0.856584398
1686	0.854943613
1687	0.853541797
1688	0.851848945
1689	0.850306491
1690	0.848013691
1691	0.845867765
1692	0.84342888
1693	0.841197389
1694	0.838659873
1695	0.836002815
1696	0.833504318
1697	0.830656741
1698	0.827770882
1699	0.824795288
1700	0.82172537
1701	0.818980582
1702	0.815364752
1703	0.813125135
1704	0.809678517
1705	0.806329392
1706	0.803222431
1707	0.800007661
1708	0.796813248
1709	0.793305168
1710	0.790369722
1711	0.787254785
1712	0.784153807
1713	0.780789854
1714	0.777650243
1715	0.774245925
1716	0.771393325
1717	0.768087212
1718	0.765290203
1719	0.762426402
1720	0.759523591
1721	0.756977247
1722	0.754262521
1723	0.751975342
1724	0.749035714
1725	0.746456644
1726	0.744202971
1727	0.742083749
1728	0.739849642
1729	0.737600717
1730	0.735415504
1731	0.73355308
1732	0.731757453
1733	0.730024292
1734	0.728402769
1735	0.726788525
1736	0.725346179
1737	0.723888201
1738	0.722630054
1739	0.721550083
1740	0.720569503
1741	0.719411432
1742	0.718803323
1743	0.718348057
1744	0.71762641
1745	0.717050975
1746	0.716626318
1747	0.716281566
1748	0.715911999
1749	0.715880926
1750	0.71610322
1751	0.716381745
1752	0.716732752
1753	0.717020164
1754	0.717207459
1755	0.717827947
1756	0.718321641
1757	0.719415919
1758	0.720013401
1759	0.720929455
1760	0.722153327
1761	0.723207522
1762	0.724372377
1763	0.725801746
1764	0.727101601
1765	0.728771577
1766	0.730234107
1767	0.732308765
1768	0.733816349
1769	0.735715806
1770	0.737796122
1771	0.739751151
1772	0.742025339
1773	0.743945361
1774	0.746188775
1775	0.74868235
1776	0.751155747
1777	0.75362444
1778	0.7561595
1779	0.758478706
1780	0.761191952
1781	0.763848444
1782	0.766242765
1783	0.768907776
1784	0.77207507
1785	0.774500403
1786	0.77781505
1787	0.780279356
1788	0.783275711
1789	0.786022293
1790	0.789287358
1791	0.792354658
1792	0.795249755
1793	0.798146499
1794	0.801302582
1795	0.803924578
1796	0.806749286
1797	0.80961209
1798	0.812672797
1799	0.81533098
1800	0.818279826
1801	0.820851093
1802	0.823323121
1803	0.825482742
1804	0.828689136
1805	0.831069689
1806	0.833198146
1807	0.835909331
1808	0.837992441
1809	0.840136788
1810	0.842492837
1811	0.844593032
1812	0.846307031
1813	0.847922563
1814	0.850159315
1815	0.851550829
1816	0.853160597
1817	0.854472857
1818	0.855384532
1819	0.856909897
1820	0.858111777
1821	0.858241662
1822	0.859676038
1823	0.859635126
1824	0.86076543
1825	0.861247846
1826	0.860490881
1827	0.860964251
1828	0.861124369
1829	0.861391374
1830	0.861143265
1831	0.860427147
1832	0.859373672
1833	0.858723783
1834	0.859325868
1835	0.857781993
1836	0.856820389
1837	0.854884432
1838	0.854039425
1839	0.853035058
1840	0.851708142
1841	0.850494428
1842	0.847787691
1843	0.846450214
1844	0.843842962
1845	0.84259706
1846	0.841631087
1847	0.839037872
1848	0.835972006
1849	0.833831545
1850	0.832453874
1851	0.829600373
1852	0.828118472
1853	0.824549525
1854	0.821676323
1855	0.819976655
1856	0.817123341
1857	0.813786315
1858	0.813037045
1859	0.80993063
1860	0.805989319
1861	0.803643045
1862	0.801868277
1863	0.799288963
1864	0.79558368
1865	0.792515974
1866	0.791558795
1867	0.788394382
1868	0.784188223
1869	0.78260639
1870	0.77837479
1871	0.776206599
1872	0.773315209
1873	0.771260652
1874	0.768634303
1875	0.767062054
1876	0.764330632
1877	0.761596982
1878	0.758902373
1879	0.757359287
1880	0.754867865
1881	0.752105758
1882	0.75073904
1883	0.748482088
1884	0.745507992
1885	0.743809874
1886	0.742357391
1887	0.739494245
1888	0.738407461
1889	0.736330535
1890	0.734168377
1891	0.73279566
1892	0.731138397
1893	0.729649673
1894	0.728139885
1895	0.726625462
1896	0.725204211
1897	0.723949622
1898	0.723187577
1899	0.721766594
1900	0.720270638
1901	0.719760874
1902	0.718646445
1903	0.717813595
1904	0.717891192
1905	0.716465532
1906	0.715713059
1907	0.715652324
1908	0.715031168
1909	0.715053948
1910	0.714433193
1911	0.71404261
1912	0.714553908
1913	0.713956193
1914	0.713769321
1915	0.714401324
1916	0.714300993
1917	0.714248016
1918	0.714779521
1919	0.715471089
1920	0.715284141
1921	0.715034702
1922	0.716740862
1923	0.717694595
1924	0.717415011
1925	0.71854943
1926	0.719963649
1927	0.720258674
1928	0.721427802
1929	0.722493148
1930	0.723853752
1931	0.724844492
1932	0.726484191
1933	0.727372415
1934	0.72848686
1935	0.730283313
1936	0.731398642
1937	0.732845248
1938	0.735076501
1939	0.73619174
1940	0.738062213
1941	0.740003923
1942	0.741829452
1943	0.743359483
1944	0.745315096
1945	0.747275522
1946	0.749288465
1947	0.751076966
1948	0.753254148
1949	0.755382842
1950	0.757611122
1951	0.760109056
1952	0.762092002
1953	0.764030413
1954	0.766559884
1955	0.76917615
1956	0.771194831
1957	0.773620751
1958	0.776010391
1959	0.778197895
1960	0.780847657
1961	0.782874592
1962	0.785117522
1963	0.787762349
1964	0.790103569
1965	0.792499893
1966	0.79501678
1967	0.797368013
1968	0.799865763
1969	0.802115709
1970	0.804746921
1971	0.807012079
1972	0.80946497
1973	0.811610798
1974	0.813879596
1975	0.815739177
1976	0.818160836
1977	0.820320703
1978	0.822397844
1979	0.824455679
1980	0.826267295
1981	0.828780706
1982	0.830300673
1983	0.832116372
1984	0.834118139
1985	0.835735128
1986	0.837347226
1987	0.839060993
1988	0.840849355
1989	0.842009155
1990	0.843592651
1991	0.844759172
1992	0.846129648
1993	0.847554605
1994	0.848901865
1995	0.849478482
1996	0.850641103
1997	0.851675283
1998	0.852484113
1999	0.853113254
2000	0.853716765
2001	0.854575924
2002	0.85482359
2003	0.854697365
2004	0.85509753
2005	0.855456689
2006	0.855553872
2007	0.855469029
2008	0.855562459
2009	0.855163495
2010	0.854808091
2011	0.854639592
2012	0.854106593
2013	0.853391287
2014	0.852719909
2015	0.851963959
2016	0.851955616
2017	0.850230995
2018	0.849687424
2019	0.848728643
2020	0.847338887
2021	0.846606141
2022	0.84524416
2023	0.843841184
2024	0.842807148
2025	0.841255274
2026	0.83991516
2027	0.838286081
2028	0.836780843
2029	0.834969768
2030	0.833388593
2031	0.831742156
2032	0.829564943
2033	0.827660248
2034	0.825907841
2035	0.823747033
2036	0.82202335
2037	0.819673394
2038	0.817747075
2039	0.815440833
2040	0.813445625
2041	0.811292073
2042	0.809401695
2043	0.80709819
2044	0.805120444
2045	0.802754603
2046	0.800511055
2047	0.798184638
2048	0.795715902
2049	0.79336695
2050	0.791125673
2051	0.788896788
2052	0.786592605
2053	0.784321284
2054	0.782055649
2055	0.77999265
2056	0.777115836
2057	0.775033498
2058	0.772961105
2059	0.770646126
2060	0.768417789
2061	0.766417088
2062	0.763865075
2063	0.761900554
2064	0.759719777
2065	0.757668977
2066	0.755474307
2067	0.753541465
2068	0.751543844
2069	0.749604124
2070	0.74721469
2071	0.745302473
2072	0.743363516
2073	0.74170768
2074	0.739784034
2075	0.737934272
2076	0.73605093
2077	0.734447962
2078	0.732852236
2079	0.731123992
2080	0.729239227
2081	0.727989315
2082	0.726415984
2083	0.725172398
2084	0.723538135
2085	0.722241218
2086	0.720793642
2087	0.719414811
2088	0.718208592
2089	0.717120542
2090	0.715681908
2091	0.714772594
2092	0.713547542
2093	0.712639405
2094	0.711593931
2095	0.710578727
2096	0.709789817
2097	0.708817768
2098	0.708283003
2099	0.707553564
2100	0.706836605
2101	0.706177354
2102	0.705432382
2103	0.705094591
2104	0.704574703
2105	0.704172096
2106	0.703875387
2107	0.703378997
2108	0.703165841
2109	0.703149784
2110	0.702813519
2111	0.702599542
2112	0.702507579
2113	0.702538176
2114	0.70258326
2115	0.702440215
2116	0.702681547
2117	0.70289526
2118	0.70288198
2119	0.703150845
2120	0.70345148
2121	0.703825646
2122	0.70402626
2123	0.704512278
2124	0.705043846
2125	0.705549661
2126	0.706031096
2127	0.70675268
2128	0.707199182
2129	0.707832455
2130	0.708715458
2131	0.709329857
2132	0.710258108
2133	0.711218416
2134	0.711932832
2135	0.712970542
2136	0.713815961
2137	0.714912716
2138	0.716256576
2139	0.716799856
2140	0.718278158
2141	0.71922386
2142	0.720436564
2143	0.721693599
2144	0.7226069
2145	0.724389776
2146	0.72569116
2147	0.726745598
2148	0.728364455
2149	0.729693552
2150	0.731181021
2151	0.732581834
2152	0.734014189
2153	0.735681472
2154	0.737202121
2155	0.738813417
2156	0.740079198
2157	0.741818984
2158	0.743629717
2159	0.745185875
2160	0.746632102
2161	0.748625826
2162	0.749857118
2163	0.751470367
2164	0.753374043
2165	0.755004449
2166	0.756846482
2167	0.758639078
2168	0.760171242
2169	0.761786283
2170	0.763759385
2171	0.765513095
2172	0.767036637
2173	0.768930904
2174	0.7705513
2175	0.77206942
2176	0.773979412
2177	0.775711004
2178	0.777116579
2179	0.778811275
2180	0.780525014
2181	0.78213871
2182	0.783299853
2183	0.784952465
2184	0.786776558
2185	0.78804899
2186	0.789963383
2187	0.790883807
2188	0.793101657
2189	0.794016301
2190	0.795019479
2191	0.798619983
2192	0.79729581
2193	0.80199292
2194	0.799882433
2195	0.80108596
2196	0.808358729
2197	0.817705428
2198	0.819793713
2199	0.83215918
2200	0.832896398
2201	0.806785596
2202	0.806823351
2203	0.808510687
2204	0.809335112
2205	0.80988395
2206	0.810963719
2207	0.811092891
2208	0.812730685
2209	0.81331587
2210	0.814291035
2211	0.815273662
2212	0.815920073
2213	0.816890143
2214	0.81733267
2215	0.817364194
2216	0.817756574
2217	0.817399892
2218	0.818225758
2219	0.817963619
2220	0.818578009
2221	0.818191223
2222	0.818290797
2223	0.819339528
2224	0.821140464
2225	0.820992211
2226	0.820972367
2227	0.820454779
2228	0.819884264
2229	0.819919658
2230	0.819192068
2231	0.818486148
2232	0.819185901
2233	0.818385086
2234	0.81748553
2235	0.816032381
2236	0.816210791
2237	0.814047055
2238	0.813348847
2239	0.812436968
2240	0.811049784
2241	0.810071389
2242	0.809332776
2243	0.808429871
2244	0.806883149
2245	0.805629101
2246	0.804362577
2247	0.803308964
2248	0.801525482
2249	0.80037569
2250	0.797777458
2251	0.79718496
2252	0.794392899
2253	0.794357744
2254	0.792296104
2255	0.790956626
2256	0.790092092
2257	0.786511944
2258	0.784607368
2259	0.783302743
2260	0.781351626
2261	0.779614911
2262	0.777699848
2263	0.776130652
2264	0.77422907
2265	0.772090078
2266	0.770443466
2267	0.768798447
2268	0.76667855
2269	0.764790007
2270	0.762935277
2271	0.76067253
2272	0.758384077
2273	0.757020483
2274	0.754571318
2275	0.752511037
2276	0.750396545
2277	0.748561387
2278	0.746609603
2279	0.744512201
2280	0.742329467
2281	0.74022773
2282	0.738753527
2283	0.736624159
2284	0.734727657
2285	0.733211249
2286	0.731350423
2287	0.729529932
2288	0.727469667
2289	0.726205486
2290	0.724150935
2291	0.722885459
2292	0.721572839
2293	0.71966327
2294	0.717416089
2295	0.715311498
2296	0.713991988
2297	0.711729536
2298	0.710196144
2299	0.708625113
2300	0.706929608
2301	0.705319075
2302	0.703725416
2303	0.70188868
2304	0.700139714
2305	0.698976562
2306	0.69706633
2307	0.695564728
2308	0.693925855
2309	0.692443918
2310	0.690938047
2311	0.68953859
2312	0.688260001
2313	0.686575117
2314	0.685487159
2315	0.683878773
2316	0.682355123
2317	0.681003467
2318	0.679589803
2319	0.678322655
2320	0.67686596
2321	0.675909784
2322	0.67479006
2323	0.673572796
2324	0.672492472
2325	0.671352329
2326	0.67037272
2327	0.668999865
2328	0.668473504
2329	0.667283339
2330	0.666266739
2331	0.665174705
2332	0.664392091
2333	0.663525387
2334	0.662572987
2335	0.661737182
2336	0.661044689
2337	0.660253211
2338	0.659537558
2339	0.6589219
2340	0.657929883
2341	0.656945014
2342	0.656402362
2343	0.655737685
2344	0.655176077
2345	0.65448447
2346	0.654017846
2347	0.653337808
2348	0.652903162
2349	0.652467103
2350	0.651970087
2351	0.651443128
2352	0.650925914
2353	0.651072147
2354	0.650571
2355	0.649906684
2356	0.649870605
2357	0.649346729
2358	0.649138152
2359	0.648844146
2360	0.648668994
2361	0.648694338
2362	0.648352699
2363	0.648524553
2364	0.648366065
2365	0.648038387
2366	0.648160211
2367	0.647926609
2368	0.648305419
2369	0.64829296
2370	0.64819233
2371	0.648379544
2372	0.648563995
2373	0.648385737
2374	0.648480778
2375	0.649104927
2376	0.649090074
2377	0.649080389
2378	0.649662479
2379	0.649996366
2380	0.649974589
2381	0.649989624
2382	0.650548955
2383	0.65072343
2384	0.651582651
2385	0.651553922
2386	0.651816242
2387	0.652428016
2388	0.65286708
2389	0.653409835
2390	0.653773888
2391	0.654334192
2392	0.655244837
2393	0.655105972
2394	0.656270652
2395	0.656595848
2396	0.657099566
2397	0.658088749
2398	0.658395268
2399	0.659143916
2400	0.659855926
2401	0.660306622
2402	0.660972008
2403	0.66183455
2404	0.66237848
2405	0.663207733
2406	0.663596391
2407	0.664687214
2408	0.665585702
2409	0.666290713
2410	0.667113922
2411	0.667955831
2412	0.668526161
2413	0.669301508
2414	0.670389522
2415	0.671008262
2416	0.671921253
2417	0.673323911
2418	0.673462881
2419	0.674649941
2420	0.675307083
2421	0.676087831
2422	0.677265516
2423	0.678202906
2424	0.678528602
2425	0.679296301
2426	0.680284407
2427	0.680891246
2428	0.682521706
2429	0.683023708
2430	0.683866178
2431	0.685216489
2432	0.686242124
2433	0.68644954
2434	0.68807577
2435	0.688282456
2436	0.688860569
2437	0.690031119
2438	0.691055142
2439	0.691040395
2440	0.69225167
2441	0.693607394
2442	0.693883098
2443	0.694742743
2444	0.695865936
2445	0.697380106
2446	0.697233617
2447	0.698999154
2448	0.698886039
2449	0.699528044
2450	0.701325538
2451	0.701499077
2452	0.70202611
2453	0.702650429
2454	0.703525423
2455	0.704032107
2456	0.704418846
2457	0.705459108
2458	0.705894695
2459	0.707603871
2460	0.70742784
2461	0.708086795
2462	0.708671217
2463	0.709434818
2464	0.709752101
2465	0.709206584
2466	0.710733947
2467	0.710991067
2468	0.711777394
2469	0.713630912
2470	0.713809081
2471	0.714381984
2472	0.714750567
2473	0.713867937
2474	0.714133493
2475	0.714129371
2476	0.714606102
2477	0.715345103
2478	0.716267917
2479	0.716846431
2480	0.716864188
2481	0.71682811
2482	0.718113597
2483	0.718736922
2484	0.720017086
2485	0.719023398
2486	0.720475322
2487	0.720853344
2488	0.720630933
2489	0.720784966
2490	0.722017695
2491	0.721214849
2492	0.723124437
2493	0.722963011
2494	0.722270068
2495	0.721194609
2496	0.717179784
2497	0.714593954
2498	0.71077877
2499	0.708838447
2500	0.7049
2500	0.7042
2510	0.7035
2510	0.7028
2510	0.7017
2510	0.7006
2520	0.6993
2520	0.6979
2520	0.6965
2520	0.6949
2530	0.6933
2530	0.6915
2530	0.6897
2530	0.6878
2540	0.6858
2540	0.6837
2540	0.6816
2540	0.6794
2550	0.677
2550	0.6746
2550	0.6722
2550	0.6698
2560	0.6672
2560	0.6646
2560	0.6623
2560	0.6601
2570	0.6572
2570	0.6544
2570	0.6518
2570	0.6495
2570	0.647
2580	0.644
2580	0.6412
2580	0.6387
2580	0.6363
2590	0.6336
2590	0.6309
2590	0.6284
2590	0.6265
2600	0.6241
2600	0.6214
2600	0.619
2600	0.6167
2610	0.615
2610	0.6124
2610	0.6099
2610	0.6077
2620	0.6058
2620	0.6041
2620	0.6021
2620	0.6
2630	0.5982
2630	0.5965
2630	0.5948
2630	0.5931
2640	0.5917
2640	0.5904
2640	0.589
2640	0.5876
2640	0.5867
2650	0.5855
2650	0.5841
2650	0.5831
2650	0.5822
2660	0.5813
2660	0.5805
2660	0.5798
2660	0.5792
2670	0.5785
2670	0.5781
2670	0.578
2670	0.5785
2680	0.5787
2680	0.5778
2680	0.5772
2680	0.5772
2690	0.5772
2690	0.5773
2690	0.5775
2690	0.5776
2700	0.5778
2700	0.5783
2700	0.5788
2700	0.5794
2710	0.5802
2710	0.5811
2710	0.5827
2710	0.5829
2710	0.5829
2720	0.5836
2720	0.5846
2720	0.5855
2720	0.5863
2730	0.5874
2730	0.589
2730	0.5911
2730	0.5921
2740	0.5929
2740	0.5948
2740	0.5954
2740	0.5963
2750	0.5979
2750	0.5995
2750	0.6011
2750	0.6028
2760	0.6042
2760	0.6059
2760	0.608
2760	0.6094
2770	0.6107
2770	0.6123
2770	0.614
2770	0.616
2780	0.6181
2780	0.6199
2780	0.6213
2780	0.6229
2790	0.6248
2790	0.6271
2790	0.6291
2790	0.6301
2790	0.6311
2800	0.6326
2800	0.6345
2800	0.6364
2800	0.6378
2810	0.6394
2810	0.641
2810	0.6422
2810	0.6438
2820	0.6456
2820	0.6478
2820	0.6498
2820	0.6503
2830	0.6512
2830	0.6524
2830	0.653
2830	0.6541
2840	0.6558
2840	0.6572
2840	0.6576
2840	0.6584
2850	0.6598
2850	0.6603
2850	0.6607
2850	0.6621
2860	0.6635
2860	0.6639
2860	0.6643
2860	0.6644
2860	0.6646
2870	0.6652
2870	0.6653
2870	0.6658
2870	0.6662
2880	0.6657
2880	0.6658
2880	0.667
2880	0.6672
2890	0.666
2890	0.6654
2890	0.665
2890	0.6642
2900	0.6637
2900	0.6634
2900	0.6631
2900	0.6624
2910	0.6619
2910	0.6623
2910	0.6624
2910	0.6612
2920	0.6601
2920	0.6586
2920	0.6573
2920	0.6564
2930	0.6554
2930	0.6546
2930	0.6541
2930	0.6531
2930	0.6518
2940	0.6509
2940	0.6508
2940	0.6495
2940	0.6476
2950	0.6468
2950	0.6454
2950	0.6432
2950	0.6415
2960	0.6404
2960	0.6393
2960	0.6381
2960	0.6369
2970	0.6364
2970	0.6358
2970	0.6339
2970	0.6319
2980	0.6305
2980	0.6291
2980	0.6279
2980	0.6272
2990	0.626
2990	0.6243
2990	0.6233
2990	0.6224
3000	0.6214
3000	0.6198
3000	0.6181
3000	0.617
3000	0.6163
3010	0.6154
3010	0.614
3010	0.6128
3010	0.6117
3020	0.6108
3020	0.6102
3020	0.61
3020	0.6096
3030	0.6083
3030	0.6068
3030	0.606
3030	0.6057
3040	0.6051
3040	0.6042
3040	0.6031
3040	0.6023
3050	0.6018
3050	0.6013
3050	0.6009
3050	0.6007
3060	0.6006
3060	0.6002
3060	0.5994
3060	0.5989
3070	0.5986
3070	0.5985
3070	0.5984
3070	0.5983
3070	0.5981
3080	0.5982
3080	0.5983
3080	0.5983
3080	0.5982
3090	0.5984
3090	0.5987
3090	0.599
3090	0.5992
3100	0.5993
3100	0.5996
3100	0.6
3100	0.6004
3110	0.6009
3110	0.6014
3110	0.6019
3110	0.6025
3120	0.6031
3120	0.6037
3120	0.6044
3120	0.6052
3130	0.606
3130	0.6068
3130	0.6077
3130	0.6086
3140	0.6095
3140	0.6105
3140	0.6115
3140	0.6125
3150	0.6136
3150	0.6148
3150	0.6159
3150	0.6171
3150	0.6183
3160	0.6196
3160	0.6208
3160	0.6221
3160	0.6235
3170	0.6249
3170	0.6263
3170	0.6277
3170	0.6291
3180	0.6306
3180	0.6322
3180	0.6337
3180	0.6352
3190	0.6368
3190	0.6384
3190	0.6401
3190	0.6417
3200	0.6434
3200	0.6451
3200	0.6467
3200	0.6483
3210	0.65
3210	0.6517
3210	0.6535
3210	0.6553
3220	0.657
3220	0.6588
3220	0.6606
3220	0.6624
3220	0.6642
3230	0.6659
3230	0.6677
3230	0.6695
3230	0.6712
3240	0.6729
3240	0.6747
3240	0.6765
3240	0.6782
3250	0.6799
3250	0.6817
3250	0.6835
3250	0.6853
3260	0.687
3260	0.6887
3260	0.6903
3260	0.692
3270	0.6937
3270	0.6953
3270	0.6969
3270	0.6984
3280	0.6999
3280	0.7014
3280	0.7029
3280	0.7043
3290	0.7057
3290	0.7071
3290	0.7085
3290	0.7099
3290	0.7111
3300	0.7124
3300	0.7137
3300	0.715
3300	0.7161
3310	0.7171
3310	0.7182
3310	0.7192
3310	0.7201
3320	0.7209
3320	0.7218
3320	0.7227
3320	0.7237
3330	0.7245
3330	0.7253
3330	0.7259
3330	0.7264
3340	0.7269
3340	0.7274
3340	0.7279
3340	0.7283
3350	0.7287
3350	0.7291
3350	0.7293
3350	0.7295
3360	0.7296
3360	0.7298
3360	0.7299
3360	0.7299
3360	0.73
3370	0.7299
3370	0.7298
3370	0.7297
3370	0.7294
3380	0.7292
3380	0.7289
3380	0.7285
3380	0.728
3390	0.7275
3390	0.7269
3390	0.7263
3390	0.7257
3400	0.725
3400	0.7244
3400	0.7238
3400	0.7231
3410	0.7223
3410	0.7214
3410	0.7205
3410	0.7196
3420	0.7187
3420	0.7178
3420	0.7169
3420	0.7158
3430	0.7147
3430	0.7136
3430	0.7124
3430	0.7114
3440	0.7104
3440	0.7094
3440	0.7084
3440	0.7072
3440	0.7061
3450	0.7049
3450	0.7036
3450	0.7024
3450	0.7011
3460	0.6998
3460	0.6986
3460	0.6973
3460	0.696
3470	0.6947
3470	0.6934
3470	0.692
3470	0.6907
3480	0.6893
3480	0.6879
3480	0.6865
3480	0.6852
3490	0.6839
3490	0.6826
3490	0.6813
3490	0.68
3500	0.6786
3500	0.6773
3500	0.676
3500	0.6747
3510	0.6735
3510	0.6722
3510	0.6709
3510	0.6697
3510	0.6685
3520	0.6673
3520	0.666
3520	0.6648
3520	0.6636
3530	0.6625
3530	0.6614
3530	0.6604
3530	0.6593
3540	0.6582
3540	0.6572
3540	0.6561
3540	0.6551
3550	0.6541
3550	0.6531
3550	0.6522
3550	0.6512
3560	0.6503
3560	0.6494
3560	0.6486
3560	0.6478
3570	0.647
3570	0.6462
3570	0.6453
3570	0.6445
3580	0.6439
3580	0.6432
3580	0.6425
3580	0.6418
3580	0.6412
3590	0.6407
3590	0.6402
3590	0.6397
3590	0.6392
3600	0.6387
3600	0.6382
3600	0.6377
3600	0.6373
3610	0.637
3610	0.6367
3610	0.6364
3610	0.6361
3620	0.6359
3620	0.6357
3620	0.6355
3620	0.6353
3630	0.6352
3630	0.6351
3630	0.635
3630	0.6349
3640	0.6349
3640	0.6349
3640	0.6349
3640	0.635
3650	0.6352
3650	0.6353
3650	0.6354
3650	0.6356
3650	0.6358
3660	0.636
3660	0.6363
3660	0.6366
3660	0.637
3670	0.6373
3670	0.6376
3670	0.6381
3670	0.6386
3680	0.6391
3680	0.6396
3680	0.6401
3680	0.6407
3690	0.6413
3690	0.6419
3690	0.6425
3690	0.6432
3700	0.6439
3700	0.6446
3700	0.6454
3700	0.6462
3710	0.647
3710	0.6479
3710	0.6487
3710	0.6496
3720	0.6506
3720	0.6515
3720	0.6525
3720	0.6535
3720	0.6545
3730	0.6556
3730	0.6566
3730	0.6577
3730	0.6589
3740	0.6601
3740	0.6613
3740	0.6625
3740	0.6637
3750	0.665
3750	0.6663
3750	0.6676
3750	0.669
3760	0.6703
3760	0.6717
3760	0.6731
3760	0.6745
3770	0.676
3770	0.6774
3770	0.6789
3770	0.6805
3780	0.682
3780	0.6835
3780	0.6851
3780	0.6867
3790	0.6882
3790	0.6899
3790	0.6915
3790	0.6932
3800	0.6949
3800	0.6966
3800	0.6983
3800	0.7
3800	0.7018
3810	0.7035
3810	0.7053
3810	0.7071
3810	0.7088
3820	0.7107
3820	0.7125
3820	0.7143
3820	0.7162
3830	0.718
3830	0.7199
3830	0.7217
3830	0.7236
3840	0.7255
3840	0.7274
3840	0.7293
3840	0.7312
3850	0.7331
3850	0.735
3850	0.7369
3850	0.7389
3860	0.7408
3860	0.7427
3860	0.7447
3860	0.7466
3870	0.7485
3870	0.7504
3870	0.7524
3870	0.7543
3870	0.7562
3880	0.7581
3880	0.76
3880	0.7619
3880	0.7638
3890	0.7657
3890	0.7676
3890	0.7695
3890	0.7713
3900	0.7732
3900	0.775
3900	0.7768
3900	0.7787
3910	0.7805
3910	0.7822
3910	0.784
3910	0.7858
3920	0.7875
3920	0.7892
3920	0.791
3920	0.7927
3930	0.7943
3930	0.796
3930	0.7976
3930	0.7992
3940	0.8008
3940	0.8023
3940	0.8039
3940	0.8054
3940	0.8069
3950	0.8083
3950	0.8097
3950	0.8112
3950	0.8126
3960	0.8139
3960	0.8152
3960	0.8166
3960	0.8178
3970	0.8191
3970	0.8203
3970	0.8215
3970	0.8226
3980	0.8237
3980	0.8247
3980	0.8258
3980	0.8269
3990	0.8279
3990	0.8288
3990	0.8297
3990	0.8306
4000	0.8314
4000	0.8323
4000	0.833
4000	0.8338
4010	0.8345
4010	0.8351
4010	0.8358
4010	0.8363
4010	0.8369
4020	0.8374
4020	0.8378
4020	0.8383
4020	0.8387
4030	0.8391
4030	0.8394
4030	0.8397
4030	0.8399
4040	0.8402
4040	0.8403
4040	0.8405
4040	0.8406
4050	0.8406
4050	0.8406
4050	0.8406
4050	0.8406
4060	0.8405
4060	0.8404
4060	0.8403
4060	0.8401
4070	0.8399
4070	0.8396
4070	0.8393
4070	0.839
4080	0.8387
4080	0.8383
4080	0.8379
4080	0.8374
4090	0.8369
4090	0.8364
4090	0.8359
4090	0.8353
4090	0.8347
4100	0.8341
4100	0.8334
4100	0.8327
4100	0.832
4110	0.8313
4110	0.8305
4110	0.8297
4110	0.8289
4120	0.8281
4120	0.8272
4120	0.8263
4120	0.8254
4130	0.8245
4130	0.8235
4130	0.8225
4130	0.8215
4140	0.8205
4140	0.8195
4140	0.8184
4140	0.8174
4150	0.8163
4150	0.8152
4150	0.814
4150	0.8129
4160	0.8117
4160	0.8106
4160	0.8094
4160	0.8082
4160	0.807
4170	0.8058
4170	0.8045
4170	0.8033
4170	0.8021
4180	0.8008
4180	0.7996
4180	0.7984
4180	0.7972
4190	0.796
4190	0.795
4190	0.794
4190	0.7932
4200	0.7924
4200	0.7918
4200	0.7913
4200	0.791
4210	0.7906
4210	0.7903
4210	0.7899
4210	0.7897
4220	0.7895
4220	0.7894
4220	0.7892
4220	0.7889
4230	0.7886
4230	0.7881
4230	0.7874
4230	0.7865
4230	0.7856
4240	0.7842
4240	0.7821
4240	0.7794
4240	0.7764
4250	0.7738
4250	0.7723
4250	0.772
4250	0.7719
4260	0.7711
4260	0.7686
4260	0.7655
4260	0.7627
4270	0.7614
4270	0.7608
4270	0.7606
4270	0.7601
4280	0.7594
4280	0.7583
4280	0.7568
4280	0.7553
4290	0.7538
4290	0.7524
4290	0.7509
4290	0.7495
4300	0.748
4300	0.7466
4300	0.7452
4300	0.7438
4300	0.7422
4310	0.7405
4310	0.7388
4310	0.7373
4310	0.7359
4320	0.7345
4320	0.733
4320	0.7316
4320	0.7302
4330	0.7288
4330	0.7275
4330	0.7261
4330	0.7249
4340	0.7236
4340	0.7225
4340	0.7213
4340	0.7202
4350	0.7192
4350	0.7182
4350	0.7172
4350	0.7162
4360	0.7153
4360	0.7144
4360	0.7135
4360	0.7127
4370	0.7119
4370	0.7111
4370	0.7103
4370	0.7096
4370	0.7089
4380	0.7082
4380	0.7075
4380	0.7069
4380	0.7062
4390	0.7056
4390	0.705
4390	0.7044
4390	0.7039
4400	0.7033
4400	0.7028
4400	0.7023
4400	0.7018
4410	0.7013
4410	0.7008
4410	0.7004
4410	0.6999
4420	0.6995
4420	0.6991
4420	0.6987
4420	0.6983
4430	0.698
4430	0.6976
4430	0.6973
4430	0.6969
4440	0.6966
4440	0.6963
4440	0.696
4440	0.6958
4450	0.6956
4450	0.6954
4450	0.6951
4450	0.6949
4450	0.6948
4460	0.6946
4460	0.6945
4460	0.6943
4460	0.6942
4470	0.6941
4470	0.6941
4470	0.694
4470	0.694
4480	0.694
4480	0.694
4480	0.694
4480	0.694
4490	0.6941
4490	0.6941
4490	0.6942
4490	0.6943
4500	0.6944
4500	0.6945
4500	0.6946
4500	0.6948
4510	0.695
4510	0.6951
4510	0.6953
4510	0.6955
4520	0.6957
4520	0.696
4520	0.6962
4520	0.6965
4520	0.6967
4530	0.697
4530	0.6973
4530	0.6976
4530	0.698
4540	0.6983
4540	0.6987
4540	0.699
4540	0.6994
4550	0.6998
4550	0.7002
4550	0.7006
4550	0.701
4560	0.7015
4560	0.702
4560	0.7024
4560	0.7029
4570	0.7034
4570	0.7039
4570	0.7044
4570	0.7049
4580	0.7055
4580	0.7061
4580	0.7066
4580	0.7072
4590	0.7078
4590	0.7085
4590	0.7091
4590	0.7097
4590	0.7103
4600	0.711
4600	0.7117
4600	0.7123
4600	0.713
4610	0.7137
4610	0.7144
4610	0.7151
4610	0.7159
4620	0.7166
4620	0.7173
4620	0.7181
4620	0.7188
4630	0.7196
4630	0.7204
4630	0.7211
4630	0.7219
4640	0.7227
4640	0.7235
4640	0.7244
4640	0.7252
4650	0.726
4650	0.7268
4650	0.7277
4650	0.7285
4660	0.7293
4660	0.7302
4660	0.7311
4660	0.7319
4660	0.7328
4670	0.7337
4670	0.7346
4670	0.7355
4670	0.7364
4680	0.7373
4680	0.7382
4680	0.7391
4680	0.74
4690	0.7409
4690	0.7418
4690	0.7427
4690	0.7436
4700	0.7445
4700	0.7454
4700	0.7464
4700	0.7473
4710	0.7482
4710	0.7491
4710	0.7501
4710	0.751
4720	0.752
4720	0.7529
4720	0.7538
4720	0.7548
4730	0.7557
4730	0.7567
4730	0.7576
4730	0.7586
4740	0.7595
4740	0.7605
4740	0.7615
4740	0.7624
4740	0.7634
4750	0.7644
4750	0.7653
4750	0.7663
4750	0.7673
4760	0.7682
4760	0.7692
4760	0.7701
4760	0.7711
4770	0.772
4770	0.773
4770	0.7739
4770	0.7749
4780	0.7758
4780	0.7768
4780	0.7777
4780	0.7786
4790	0.7796
4790	0.7805
4790	0.7814
4790	0.7823
4800	0.7832
4800	0.7841
4800	0.785
4800	0.7859
4810	0.7867
4810	0.7876
4810	0.7885
4810	0.7894
4810	0.7902
4820	0.7911
4820	0.7919
4820	0.7927
4820	0.7936
4830	0.7944
4830	0.7952
4830	0.796
4830	0.7968
4840	0.7975
4840	0.7983
4840	0.7991
4840	0.7999
4850	0.8006
4850	0.8013
4850	0.802
4850	0.8027
4860	0.8034
4860	0.8041
4860	0.8048
4860	0.8054
4870	0.8061
4870	0.8067
4870	0.8074
4870	0.808
4880	0.8086
4880	0.8092
4880	0.8097
4880	0.8103
4880	0.8109
4890	0.8114
4890	0.812
4890	0.8125
4890	0.813
4900	0.8135
4900	0.814
4900	0.8145
4900	0.815
4910	0.8154
4910	0.8158
4910	0.8162
4910	0.8166
4920	0.817
4920	0.8173
4920	0.8177
4920	0.818
4930	0.8184
4930	0.8187
4930	0.819
4930	0.8192
4940	0.8195
4940	0.8197
4940	0.82
4940	0.8202
4950	0.8203
4950	0.8205
4950	0.8207
4950	0.8208
4950	0.8209
4960	0.821
4960	0.8211
4960	0.8212
4960	0.8212
4970	0.8213
4970	0.8213
4970	0.8213
4970	0.8212
4980	0.8212
4980	0.8211
4980	0.821
4980	0.8209
4990	0.8208
4990	0.8206
4990	0.8204
4990	0.8202
5000	0.82
5000	0.8198
5000	0.8196
5000	0.8193
5010	0.819
5010	0.8187
5010	0.8184
5010	0.8181
5020	0.8177
5020	0.8174
5020	0.817
5020	0.8166
5020	0.8161
5030	0.8156
5030	0.8151
5030	0.8146
5030	0.8141
5040	0.8136
5040	0.813
5040	0.8124
5040	0.8118
5050	0.8112
5050	0.8106
5050	0.8099
5050	0.8093
5060	0.8086
5060	0.8079
5060	0.8072
5060	0.8065
5070	0.8058
5070	0.8051
5070	0.8044
5070	0.8037
5080	0.8029
5080	0.8021
5080	0.8013
5080	0.8005
5090	0.7997
5090	0.7988
5090	0.7979
5090	0.797
5100	0.7961
5100	0.7952
5100	0.7943
5100	0.7934
5100	0.7924
5110	0.7915
5110	0.7905
5110	0.7895
5110	0.7885
5120	0.7875
5120	0.7864
5120	0.7854
5120	0.7843
5130	0.7833
5130	0.7822
5130	0.7812
5130	0.7801
5140	0.779
5140	0.7779
5140	0.7768
5140	0.7757
5150	0.7746
5150	0.7734
5150	0.7722
5150	0.771
5160	0.7697
5160	0.7685
5160	0.7673
5160	0.766
5170	0.7648
5170	0.7635
5170	0.7623
5170	0.761
5170	0.7598
5180	0.7585
5180	0.7572
5180	0.7559
5180	0.7546
5190	0.7533
5190	0.752
5190	0.7508
5190	0.7495
5200	0.7482
5200	0.7469
5200	0.7455
5200	0.7442
5210	0.7429
5210	0.7416
5210	0.7402
5210	0.7389
5220	0.7375
5220	0.7361
5220	0.7346
5220	0.7333
5230	0.7319
5230	0.7305
5230	0.7291
5230	0.7277
5240	0.7263
5240	0.7249
5240	0.7235
5240	0.722
5240	0.7206
5250	0.7192
5250	0.7177
5250	0.7163
5250	0.7149
5260	0.7134
5260	0.712
5260	0.7106
5260	0.7091
5270	0.7077
5270	0.7062
5270	0.7048
5270	0.7033
5280	0.7019
5280	0.7004
5280	0.6989
5280	0.6975
5290	0.6961
5290	0.6946
5290	0.6931
5290	0.6916
5300	0.6901
5300	0.6886
5300	0.6871
5300	0.6856
5310	0.6842
5310	0.6827
5310	0.6812
5310	0.6797
5310	0.6783
5320	0.6768
5320	0.6753
5320	0.6738
5320	0.6724
5330	0.6709
5330	0.6695
5330	0.668
5330	0.6666
5340	0.6652
5340	0.6638
5340	0.6624
5340	0.661
5350	0.6596
5350	0.6581
5350	0.6566
5350	0.655
5360	0.6535
5360	0.652
5360	0.6505
5360	0.6491
5370	0.6476
5370	0.6462
5370	0.6448
5370	0.6434
5380	0.642
5380	0.6405
5380	0.6391
5380	0.6377
5390	0.6363
5390	0.6349
5390	0.6335
5390	0.6321
5390	0.6307
5400	0.6294
5400	0.628
5400	0.6266
5400	0.6253
5410	0.624
5410	0.6227
5410	0.6214
5410	0.6202
5420	0.6189
5420	0.6176
5420	0.6162
5420	0.6148
5430	0.6134
5430	0.612
5430	0.6106
5430	0.6093
5440	0.6079
5440	0.6067
5440	0.6054
5440	0.6041
5450	0.6028
5450	0.6015
5450	0.6003
5450	0.5991
5460	0.5979
5460	0.5967
5460	0.5955
5460	0.5942
5460	0.593
5470	0.5917
5470	0.5904
5470	0.5892
5470	0.5879
5480	0.5867
5480	0.5854
5480	0.5842
5480	0.583
5490	0.5817
5490	0.5805
5490	0.5794
5490	0.5782
5500	0.577
5500	0.5759
5500	0.5748
5500	0.5736
5510	0.5725
5510	0.5714
5510	0.5703
5510	0.5692
5520	0.5681
5520	0.567
5520	0.5658
5520	0.5647
5530	0.5636
5530	0.5625
5530	0.5615
5530	0.5604
5530	0.5594
5540	0.5584
5540	0.5574
5540	0.5564
5540	0.5554
5550	0.5544
5550	0.5534
5550	0.5524
5550	0.5513
5560	0.5503
5560	0.5493
5560	0.5483
5560	0.5474
5570	0.5465
5570	0.5456
5570	0.5447
5570	0.5438
5580	0.5429
5580	0.5419
5580	0.5409
5580	0.5399
5590	0.5389
5590	0.5379
5590	0.537
5590	0.5361
5600	0.5352
5600	0.5344
5600	0.5335
5600	0.5326
5600	0.5318
5610	0.5309
5610	0.53
5610	0.5291
5610	0.5283
5620	0.5274
5620	0.5265
5620	0.5257
5620	0.5249
5630	0.5241
5630	0.5234
5630	0.5227
5630	0.5219
5640	0.5212
5640	0.5203
5640	0.5195
5640	0.5187
5650	0.5178
5650	0.5169
5650	0.5161
5650	0.5152
5660	0.5144
5660	0.5136
5660	0.5128
5660	0.5121
5670	0.5113
5670	0.5106
5670	0.5098
5670	0.5091
5670	0.5083
5680	0.5075
5680	0.5067
5680	0.5059
5680	0.5052
5690	0.5044
5690	0.5037
5690	0.5029
5690	0.5022
5700	0.5015
5700	0.5008
5700	0.5002
5700	0.4995
5710	0.4988
5710	0.4981
5710	0.4974
5710	0.4966
5720	0.4958
5720	0.495
5720	0.4943
5720	0.4936
5730	0.4929
5730	0.4922
5730	0.4916
5730	0.4909
5740	0.4903
5740	0.4897
5740	0.4891
5740	0.4884
5750	0.4878
5750	0.4871
5750	0.4865
5750	0.4859
5750	0.4854
5760	0.4848
5760	0.4843
5760	0.4836
5760	0.483
5770	0.4823
5770	0.4815
5770	0.4807
5770	0.4799
5780	0.4792
5780	0.4785
5780	0.4779
5780	0.4773
5790	0.4767
5790	0.4761
5790	0.4755
5790	0.475
5800	0.4744
5800	0.4738
5800	0.4732
5800	0.4727
5810	0.4721
5810	0.4716
5810	0.4711
5810	0.4706
5820	0.4701
5820	0.4695
5820	0.4689
5820	0.4682
5820	0.4675
5830	0.4668
5830	0.466
5830	0.4653
5830	0.4646
5840	0.464
5840	0.4634
5840	0.4628
5840	0.4622
5850	0.4617
5850	0.4611
5850	0.4605
5850	0.46
5860	0.4594
5860	0.4588
5860	0.4582
5860	0.4576
5870	0.457
5870	0.4565
5870	0.456
5870	0.4555
5880	0.455
5880	0.4545
5880	0.4538
5880	0.4531
5890	0.4524
5890	0.4516
5890	0.4508
5890	0.45
5890	0.4492
5900	0.4484
5900	0.4477
5900	0.4469
5900	0.4462
5910	0.4455
5910	0.4448
5910	0.4442
5910	0.4436
5920	0.443
5920	0.4424
5920	0.4418
5920	0.4412
5930	0.4406
5930	0.44
5930	0.4394
5930	0.4386
5940	0.4377
5940	0.4367
5940	0.4358
5940	0.4348
5950	0.4338
5950	0.433
5950	0.4322
5950	0.4314
5960	0.4307
5960	0.4299
5960	0.4292
5960	0.4283
5960	0.4275
5970	0.4265
5970	0.4255
5970	0.4245
5970	0.4235
5980	0.4224
5980	0.4214
5980	0.4202
5980	0.4191
5990	0.4178
5990	0.4165
5990	0.4152
5990	0.4138
6000	0.4125
6000	0.4112
6000	0.4099
6000	0.4085
6010	0.4072
6010	0.4057
6010	0.4042
6010	0.4025
6020	0.4009
6020	0.3991
6020	0.3973
6020	0.3957
6030	0.3941
6030	0.3926
6030	0.3911
6030	0.3898
6040	0.3884
6040	0.3869
6040	0.3853
6040	0.3836
6040	0.3815
6050	0.3792
6050	0.3768
6050	0.3746
6050	0.3724
6060	0.3704
6060	0.3686
6060	0.3671
6060	0.3655
6070	0.3638
6070	0.3621
6070	0.3603
6070	0.3584
6080	0.3564
6080	0.3545
6080	0.3527
6080	0.3509
6090	0.3493
6090	0.3478
6090	0.3463
6090	0.3448
6100	0.3434
6100	0.342
6100	0.3405
6100	0.3389
6110	0.3373
6110	0.3356
6110	0.3337
6110	0.3318
6110	0.3299
6120	0.328
6120	0.3261
6120	0.3244
6120	0.3228
6130	0.3214
6130	0.3199
6130	0.3185
6130	0.3171
6140	0.3157
6140	0.3142
6140	0.3127
6140	0.3112
6150	0.3096
6150	0.308
6150	0.3065
6150	0.3049
6160	0.3033
6160	0.3017
6160	0.3001
6160	0.2985
6170	0.297
6170	0.2956
6170	0.2942
6170	0.2928
6180	0.2914
6180	0.2899
6180	0.2884
6180	0.2868
6180	0.2851
6190	0.2834
6190	0.2818
6190	0.2801
6190	0.2786
6200	0.2771
6200	0.2757
6200	0.2743
6200	0.2729
6210	0.2715
6210	0.27
6210	0.2685
6210	0.267
6220	0.2655
6220	0.2639
6220	0.2623
6220	0.2608
6230	0.2592
6230	0.2577
6230	0.2561
6230	0.2545
6240	0.2529
6240	0.2513
6240	0.2497
6240	0.2481
6250	0.2465
6250	0.2449
6250	0.2433
6250	0.2417
6250	0.24
6260	0.2384
6260	0.2368
6260	0.2352
6260	0.2335
6270	0.2318
6270	0.2302
6270	0.2285
6270	0.2268
6280	0.2251
6280	0.2235
6280	0.2218
6280	0.2201
6290	0.2184
6290	0.2168
6290	0.2151
6290	0.2134
6300	0.2117
6300	0.2101
6300	0.2084
6300	0.2067
6310	0.205
6310	0.2034
6310	0.2017
6310	0.2
6320	0.1983
6320	0.1967
6320	0.1951
6320	0.1935
6320	0.1919
6330	0.1903
6330	0.1888
6330	0.1871
6330	0.1855
6340	0.1837
6340	0.1819
6340	0.18
6340	0.1781
6350	0.1763
6350	0.1746
6350	0.1728
6350	0.1712
6360	0.1697
6360	0.1683
6360	0.1668
6360	0.1653
6370	0.1638
6370	0.1623
6370	0.1607
6370	0.1591
6380	0.1576
6380	0.1561
6380	0.1548
6380	0.1535
6390	0.1523
6390	0.1512
6390	0.1502
6390	0.1492
6400	0.1483
6400	0.1475
6400	0.1467
6400	0.1459
6400	0.1451
6410	0.1443
6410	0.1436
6410	0.1428
6410	0.142
6420	0.1414
6420	0.1409
6420	0.1404
6420	0.14
6430	0.1397
6430	0.1395
6430	0.1394
6430	0.1392
6440	0.139
6440	0.1388
6440	0.1386
6440	0.1384
6450	0.1382
6450	0.138
6450	0.1378
6450	0.1375
6460	0.1373
6460	0.137
6460	0.1367
6460	0.1364
6470	0.1361
6470	0.1358
6470	0.1355
6470	0.1351
6470	0.1346
6480	0.1342
6480	0.1336
6480	0.1331
6480	0.1324
6490	0.1317
6490	0.131
6490	0.1302
6490	0.1294
6500	0.1286
6500	0.1279
6500	0.1272
6500	0.1265
6510	0.1259
6510	0.1252
6510	0.1245
6510	0.1237
6520	0.1229
6520	0.122
6520	0.1211
6520	0.1201
6530	0.1191
6530	0.1181
6530	0.1171
6530	0.1162
6540	0.1152
6540	0.1142
6540	0.1132
6540	0.1121
6540	0.1111
6550	0.11
6550	0.1088
6550	0.1076
6550	0.1064
6560	0.1051
6560	0.1038
6560	0.1025
6560	0.1011
6570	0.0996
6570	0.0981
6570	0.0966
6570	0.0951
6580	0.0935
6580	0.0919
6580	0.0904
6580	0.0889
6590	0.0875
6590	0.0861
6590	0.0846
6590	0.0832
6600	0.0819
6600	0.0805
6600	0.0792
6600	0.078
6610	0.0768
6610	0.0756
6610	0.0745
6610	0.0734
6610	0.0723
6620	0.0713
6620	0.0702
6620	0.0691
6620	0.068
6630	0.0668
6630	0.0656
6630	0.0644
6630	0.0632
6640	0.062
6640	0.0608
6640	0.0598
6640	0.0589
6650	0.058
6650	0.0572
6650	0.0566
6650	0.056
6660	0.0553
6660	0.0547
6660	0.054
6660	0.0533
6670	0.0526
6670	0.0518
6670	0.051
6670	0.0502
6680	0.0494
6680	0.0486
6680	0.0478
6680	0.0471
6690	0.0464
6690	0.0457
6690	0.0451
6690	0.0446
6690	0.0441
6700	0.0436
6700	0.0431
6700	0.0427
6700	0.0423
6710	0.0418
6710	0.0414
6710	0.041
6710	0.0407
6720	0.0403
6720	0.04
6720	0.0398
6720	0.0395
6730	0.0393
6730	0.0391
6730	0.039
6730	0.0388
6740	0.0386
6740	0.0385
6740	0.0383
6740	0.0381
6750	0.0379
6750	0.0377
6750	0.0375
6750	0.0373
6760	0.037
6760	0.0368
6760	0.0365
6760	0.0362
6760	0.0359
6770	0.0355
6770	0.0352
6770	0.0348
6770	0.0344
6780	0.0339
6780	0.0334
6780	0.0329
6780	0.0324
6790	0.0319
6790	0.0313
6790	0.0308
6790	0.0303
6800	0.0298
6800	0.0293
6800	0.0289
6800	0.0284
6810	0.028
6810	0.0275
6810	0.0271
6810	0.0266
6820	0.0261
6820	0.0256
6820	0.025
6820	0.0245
6830	0.0239
6830	0.0234
6830	0.0228
6830	0.0223
6830	0.0218
6840	0.0213
6840	0.0207
6840	0.0202
6840	0.0197
6850	0.0192
6850	0.0187
6850	0.018
6850	0.0174
6860	0.0167
6860	0.016
6860	0.0154
6860	0.0147
6870	0.014
6870	0.0134
6870	0.0129
6870	0.0124
6880	0.0119
6880	0.0115
6880	0.0111
6880	0.0107
6890	0.0103
6890	0.0098
6890	0.0094
6890	0.009
6900	0.0085
6900	0.0081
6900	0.0076
6900	0.0072
6900	0.0068
6910	0.0064
6910	0.006
6910	0.0057
6910	0.0054
6920	0.0051
6920	0.0048
6920	0.0045
6920	0.0043
6930	0.0041
6930	0.0038
6930	0.0036
6930	0.0034
6940	0.0033
6940	0.0031
6940	0.0029
6940	0.0027
6950	0.0026
6950	0.0024
6950	0.0022
6950	0.0021
6960	0.0019
6960	0.0018
6960	0.0017
6960	0.0016
6970	0.0015
6970	0.0015
6970	0.0014
6970	0.0014
6970	0.0014
6980	0.0013
6980	0.0013
6980	0.0013
6980	0.0013
6990	0.0013
6990	0.0013
6990	0.0013
6990	0.0013
7000	0.0013
7000	0.0013
7000	0.0014
7000	0.0014
7010	0.0014
7010	0.0014
7010	0.0015
7010	0.0015
7020	0.0015
7020	0.0015
7020	0.0016
7020	0.0016
7030	0.0016
7030	0.0016
7030	0.0016
7030	0.0017
7040	0.0017
7040	0.0017
7040	0.0017
7040	0.0017
7050	0.0017
7050	0.0017
7050	0.0018
7050	0.0018
7050	0.0018
7060	0.0018
7060	0.0018
7060	0.0017
7060	0.0017
7070	0.0017
7070	0.0017
7070	0.0017
7070	0.0016
7080	0.0016
7080	0.0016
7080	0.0016
7080	0.0015
7090	0.0015
7090	0.0015
7090	0.0014
7090	0.0014
7100	0.0014
7100	0.0014
7100	0.0013
7100	0.0013
7110	0.0013
7110	0.0013
7110	0.0013
7110	0.0013
7120	0.0013
7120	0.0013
7120	0.0013
7120	0.0013
7120	0.0013
7130	0.0013
7130	0.0013
7130	0.0013
7130	0.0013
7140	0.0014
7140	0.0014
7140	0.0014
7140	0.0014
7150	0.0014
7150	0.0015
7150	0.0015
7150	0.0015
7160	0.0015
7160	0.0015
7160	0.0016
7160	0.0016
7170	0.0016
7170	0.0016
7170	0.0016
7170	0.0016
7180	0.0016
7180	0.0016
7180	0.0016
7180	0.0016
7190	0.0016
7190	0.0016
7190	0.0016
7190	0.0016
7190	0.0016
7200	0.0016
7200	0.0016
7200	0.0016
7200	0.0016
7210	0.0017
7210	0.0017
7210	0.0017
7210	0.0017
7220	0.0017
7220	0.0016
7220	0.0016
7220	0.0016
7230	0.0016
7230	0.0016
7230	0.0016
7230	0.0016
7240	0.0016
7240	0.0016
7240	0.0016
7240	0.0017
7250	0.0017
7250	0.0017
7250	0.0017
7250	0.0017
7260	0.0017
7260	0.0018
7260	0.0018
7260	0.0018
7260	0.0018
7270	0.0018
7270	0.0018
7270	0.0018
7270	0.0019
7280	0.0019
7280	0.0019
7280	0.0019
7280	0.0018
7290	0.0018
7290	0.0018
7290	0.0018
7290	0.0018
7300	0.0018
7300	0.0018
7300	0.0018
7300	0.0018
7310	0.0018
7310	0.0018
7310	0.0018
7310	0.0018
7320	0.0018
7320	0.0018
7320	0.0019
7320	0.0019
7330	0.0019
7330	0.0019
7330	0.0019
7330	0.0019
7340	0.0019
7340	0.0019
7340	0.002
7340	0.0019
7340	0.0019
7350	0.0019
7350	0.0019
7350	0.0019
7350	0.0019
7360	0.0019
7360	0.0018
7360	0.0018
7360	0.0018
7370	0.0018
7370	0.0018
7370	0.0018
7370	0.0018
7380	0.0018
7380	0.0018
7380	0.0018
7380	0.0018
7390	0.0018
7390	0.0018
7390	0.0018
7390	0.0018
7400	0.0018
7400	0.0018
7400	0.0018
7400	0.0018
7410	0.0018
7410	0.0018
7410	0.0018
7410	0.0018
7410	0.0018
7420	0.0018
7420	0.0018
7420	0.0018
7420	0.0018
7430	0.0018
7430	0.0018
7430	0.0018
7430	0.0018
7440	0.0018
7440	0.0018
7440	0.0018
7440	0.0018
7450	0.0018
7450	0.0018
7450	0.0018
7450	0.0019
7460	0.0019
7460	0.0019
7460	0.0019
7460	0.0019
7470	0.0019
7470	0.0019
7470	0.0019
7470	0.0019
7480	0.0019
7480	0.0019
7480	0.0019
7480	0.0019
7480	0.0018
7490	0.0018
7490	0.0018
7490	0.0018
7490	0.0018
7500	0.0018
7500	0.0018
7500	0.0018
7500	0.0018
7510	0.0018
7510	0.0018
7510	0.0018
7510	0.0018
7520	0.0018
7520	0.0018
7520	0.0018
7520	0.0018
7530	0.0018
7530	0.0018
7530	0.0018
7530	0.0018
7540	0.0018
7540	0.0018
7540	0.0018
7540	0.0018
7550	0.0018
7550	0.0018
7550	0.0018
7550	0.0018
7550	0.0018
7560	0.0018
7560	0.0018
7560	0.0018
7560	0.0018
7570	0.0018
7570	0.0018
7570	0.0018
7570	0.0018
7580	0.0018
7580	0.0018
7580	0.0018
7580	0.0018
7590	0.0018
7590	0.0018
7590	0.0018
7590	0.0018
7600	0.0018
7600	0.0018
7600	0.0018
7600	0.0018
7610	0.0018
7610	0.0018
7610	0.0018
7610	0.0018
7620	0.0018
7620	0.0018
7620	0.0018
7620	0.0018
7630	0.0018
7630	0.0018
7630	0.0018
7630	0.0018
7630	0.0018
7640	0.0018
7640	0.0018
7640	0.0018
7640	0.0018
7650	0.0018
7650	0.0018
7650	0.0018
7650	0.0018
7660	0.0018
7660	0.0018
7660	0.0018
7660	0.0018
7670	0.0018
7670	0.0018
7670	0.0018
7670	0.0018
7680	0.0018
7680	0.0018
7680	0.0018
7680	0.0018
7690	0.0018
7690	0.0018
7690	0.0018
7690	0.0018
7700	0.0018
7700	0.0018
7700	0.0018
7700	0.0018
7700	0.0018
7710	0.0018
7710	0.0018
7710	0.0018
7710	0.0018
7720	0.0018
7720	0.0018
7720	0.0018
7720	0.0018
7730	0.0018
7730	0.0018
7730	0.0018
7730	0.0018
7740	0.0018
7740	0.0018
7740	0.0018
7740	0.0018
7750	0.0018
7750	0.0018
7750	0.0018
7750	0.0018
7760	0.0018
7760	0.0018
7760	0.0018
7760	0.0018
7770	0.0018
7770	0.0018
7770	0.0018
7770	0.0018
7770	0.0018
7780	0.0018
7780	0.0018
7780	0.0018
7780	0.0018
7790	0.0018
7790	0.0018
7790	0.0018
7790	0.0018
7800	0.0018
7800	0.0017
7800	0.0017
7800	0.0017
7810	0.0017
7810	0.0017
7810	0.0017
7810	0.0017
7820	0.0018
7820	0.0018
7820	0.0018
7820	0.0018
7830	0.0018
7830	0.0018
7830	0.0018
7830	0.0018
7840	0.0018
7840	0.0018
7840	0.0018
7840	0.0018
7840	0.0018
7850	0.0018
7850	0.0018
7850	0.0018
7850	0.0018
7860	0.0018
7860	0.0018
7860	0.0018
7860	0.0018
7870	0.0018
7870	0.0018
7870	0.0018
7870	0.0018
7880	0.0018
7880	0.0018
7880	0.0018
7880	0.0018
7890	0.0018
7890	0.0018
7890	0.0018
7890	0.0018
7900	0.0018
7900	0.0018
7900	0.0018
7900	0.0018
7910	0.0018
7910	0.0018
7910	0.0018
7910	0.0018
7910	0.0018
7920	0.0018
7920	0.0018
7920	0.0018
7920	0.0018
7930	0.0018
7930	0.0018
7930	0.0018
7930	0.0018
7940	0.0018
7940	0.0018
7940	0.0018
7940	0.0018
7950	0.0018
7950	0.0018
7950	0.0018
7950	0.0018
7960	0.0018
7960	0.0018
7960	0.0018
7960	0.0018
7970	0.0018
7970	0.0018
7970	0.0018
7970	0.0018
7980	0.0018
7980	0.0018
7980	0.0018
7980	0.0018
7990	0.0018
7990	0.0018
7990	0.0018
7990	0.0018
7990	0.0018
8000	0.0018
8000	0.0018
8000	0.0018
8000	0.0018
8010	0.0018
8010	0.0018
8010	0.0018
8010	0.0018
8020	0.0018
8020	0.0018
8020	0.0018
8020	0.0018
8030	0.0018
8030	0.0018
8030	0.0018
8030	0.0018
8040	0.0018
8040	0.0018
8040	0.0018
8040	0.0018
8050	0.0018
8050	0.0018
8050	0.0018
8050	0.0018
8060	0.0018
8060	0.0018
8060	0.0018
8060	0.0018
8060	0.0018
8070	0.0018
8070	0.0018
8070	0.0018
8070	0.0018
8080	0.0018
8080	0.0018
8080	0.0018
8080	0.0018
8090	0.0018
8090	0.0018
8090	0.0018
8090	0.0018
8100	0.0018
8100	0.0018
8100	0.0018
8100	0.0018
8110	0.0018
8110	0.0018
8110	0.0018
8110	0.0018
8120	0.0018
8120	0.0018
8120	0.0018
8120	0.0018
8130	0.0018
8130	0.0018
8130	0.0018
8130	0.0018
8130	0.0018
8140	0.0018
8140	0.0018
8140	0.0018
8140	0.0018
8150	0.0018
8150	0.0018
8150	0.0018
8150	0.0018
8160	0.0018
8160	0.0018
8160	0.0018
8160	0.0018
8170	0.0018
8170	0.0018
8170	0.0018
8170	0.0018
8180	0.0019
8180	0.0019
8180	0.0019
8180	0.0019
8190	0.0019
8190	0.0019
8190	0.0019
8190	0.0019
8200	0.0019
8200	0.0019
8200	0.0019
8200	0.0019
8200	0.0019
8210	0.0019
8210	0.0019
8210	0.0019
8210	0.0019
8220	0.0019
8220	0.0019
8220	0.0018
8220	0.0018
8230	0.0018
8230	0.0018
8230	0.0018
8230	0.0018
8240	0.0018
8240	0.0018
8240	0.0018
8240	0.0019
8250	0.0019
8250	0.0019
8250	0.0019
8250	0.0019
8260	0.0019
8260	0.0019
8260	0.0019
8260	0.0019
8270	0.0019
8270	0.0019
8270	0.0019
8270	0.0019
8280	0.0019
8280	0.0019
8280	0.0019
8280	0.0019
8280	0.0019
8290	0.0019
8290	0.0019
8290	0.0019
8290	0.0019
8300	0.0019
8300	0.0019
8300	0.0019
8300	0.0019
8310	0.0019
8310	0.0019
8310	0.0019
8310	0.0019
8320	0.0019
8320	0.0019
8320	0.0019
8320	0.0019
8330	0.0019
8330	0.0019
8330	0.0019
8330	0.0019
8340	0.0019
8340	0.0019
8340	0.0019
8340	0.0019
8350	0.0019
8350	0.0019
8350	0.0019
8350	0.0019
8350	0.0019
8360	0.0019
8360	0.0019
8360	0.0019
8360	0.0019
8370	0.0019
8370	0.0019
8370	0.002
8370	0.002
8380	0.002
8380	0.002
8380	0.002
8380	0.002
8390	0.002
8390	0.002
8390	0.002
8390	0.002
8400	0.002
8400	0.0019
8400	0.0019
8400	0.0019
8410	0.0019
8410	0.0019
8410	0.0019
8410	0.0019
8420	0.0019
8420	0.0019
8420	0.0019
8420	0.0019
8420	0.0019
8430	0.0019
8430	0.0019
8430	0.0019
8430	0.0019
8440	0.0019
8440	0.0019
8440	0.002
8440	0.002
8450	0.002
8450	0.002
8450	0.002
8450	0.002
8460	0.002
8460	0.002
8460	0.002
8460	0.002
8470	0.002
8470	0.002
8470	0.002
8470	0.002
8480	0.002
8480	0.002
8480	0.002
8480	0.002
8490	0.002
8490	0.002
8490	0.002
8490	0.002
8490	0.002
8500	0.002
8500	0.002
8500	0.002
8500	0.002
8510	0.002
8510	0.002
8510	0.002
8510	0.002
8520	0.002
8520	0.002
8520	0.002
8520	0.002
8530	0.002
8530	0.002
8530	0.002
8530	0.002
8540	0.002
8540	0.002
8540	0.002
8540	0.002
8550	0.002
8550	0.002
8550	0.002
8550	0.002
8560	0.002
8560	0.002
8560	0.002
8560	0.002
8560	0.002
8570	0.002
8570	0.002
8570	0.002
8570	0.002
8580	0.002
8580	0.002
8580	0.002
8580	0.002
8590	0.002
8590	0.002
8590	0.002
8590	0.002
8600	0.002
8600	0.002
8600	0.002
8600	0.002
8610	0.002
8610	0.002
8610	0.002
8610	0.002
8620	0.002
8620	0.002
8620	0.002
8620	0.002
8630	0.002
8630	0.002
8630	0.002
8630	0.002
8640	0.002
8640	0.002
8640	0.002
8640	0.002
8640	0.002
8650	0.002
8650	0.002
8650	0.002
8650	0.002
8660	0.002
8660	0.002
8660	0.002
8660	0.002
8670	0.002
8670	0.002
8670	0.002
8670	0.002
8680	0.002
8680	0.002
8680	0.002
8680	0.002
8690	0.002
8690	0.002
8690	0.002
8690	0.002
8700	0.002
8700	0.002
8700	0.002
8700	0.002
8710	0.002
8710	0.002
8710	0.002
8710	0.002
8710	0.002
8720	0.002
8720	0.002
8720	0.002
8720	0.002
8730	0.002
8730	0.002
8730	0.002
8730	0.002
8740	0.002
8740	0.002
8740	0.002
8740	0.002
8750	0.002
8750	0.0021
8750	0.0021
8750	0.0021
8760	0.0021
8760	0.0021
8760	0.0021
8760	0.0021
8770	0.0021
8770	0.0021
8770	0.0021
8770	0.0021
8780	0.0021
8780	0.0021
8780	0.0021
8780	0.0021
8780	0.0021
8790	0.0021
8790	0.0021
8790	0.0021
8790	0.0021
8800	0.0021
8800	0.0021
8800	0.0021
8800	0.0021
8810	0.0021
8810	0.0021
8810	0.0021
8810	0.0021
8820	0.0021
8820	0.0021
8820	0.0021
8820	0.0021
8830	0.0021
8830	0.0021
8830	0.0021
8830	0.0021
8840	0.0021
8840	0.0021
8840	0.0021
8840	0.0021
8850	0.0021
8850	0.0021
8850	0.0021
8850	0.0021
8850	0.0021
8860	0.0021
8860	0.0021
8860	0.0022
8860	0.0022
8870	0.0022
8870	0.0022
8870	0.0022
8870	0.0022
8880	0.0022
8880	0.0022
8880	0.0022
8880	0.0022
8890	0.0022
8890	0.0022
8890	0.0022
8890	0.0022
8900	0.0022
8900	0.0022
8900	0.0022
8900	0.0022
8910	0.0022
8910	0.0022
8910	0.0022
8910	0.0022
8920	0.0022
8920	0.0022
8920	0.0022
8920	0.0022
8930	0.0022
8930	0.0022
8930	0.0022
8930	0.0022
8930	0.0022
8940	0.0022
8940	0.0022
8940	0.0022
8940	0.0022
8950	0.0022
8950	0.0022
8950	0.0022
8950	0.0022
8960	0.0022
8960	0.0022
8960	0.0022
8960	0.0023
8970	0.0023
8970	0.0023
8970	0.0023
8970	0.0023
8980	0.0023
8980	0.0023
8980	0.0023
8980	0.0023
8990	0.0023
8990	0.0023
8990	0.0023
8990	0.0023
9000	0.0023
9000	0.0023
9000	0.0023
9000	0.0023
9000	0.0023
9010	0.0023
9010	0.0023
9010	0.0023
9010	0.0023
9020	0.0023
9020	0.0023
9020	0.0023
9020	0.0023
9030	0.0023
9030	0.0023
9030	0.0023
9030	0.0023
9040	0.0023
9040	0.0023
9040	0.0023
9040	0.0023
9050	0.0023
9050	0.0023
9050	0.0023
9050	0.0023
9060	0.0023
9060	0.0023
9060	0.0023
9060	0.0023
9070	0.0023
9070	0.0024
9070	0.0024
9070	0.0024
9070	0.0024
9080	0.0024
9080	0.0024
9080	0.0024
9080	0.0024
9090	0.0024
9090	0.0024
9090	0.0024
9090	0.0024
9100	0.0024
9100	0.0024
9100	0.0024
9100	0.0024
9110	0.0024
9110	0.0024
9110	0.0024
9110	0.0024
9120	0.0024
9120	0.0024
9120	0.0024
9120	0.0024
9130	0.0024
9130	0.0024
9130	0.0024
9130	0.0024
9140	0.0024
9140	0.0024
9140	0.0024
9140	0.0024
9140	0.0024
9150	0.0024
9150	0.0024
9150	0.0024
9150	0.0024
9160	0.0024
9160	0.0024
9160	0.0024
9160	0.0024
9170	0.0024
9170	0.0024
9170	0.0024
9170	0.0024
9180	0.0024
9180	0.0024
9180	0.0024
9180	0.0024
9190	0.0024
9190	0.0024
9190	0.0024
9190	0.0024
9200	0.0024
9200	0.0024
9200	0.0024
9200	0.0024
9210	0.0024
9210	0.0024
9210	0.0024
9210	0.0024
9210	0.0024
9220	0.0024
9220	0.0024
9220	0.0024
9220	0.0024
9230	0.0024
9230	0.0024
9230	0.0024
9230	0.0024
9240	0.0024
9240	0.0024
9240	0.0024
9240	0.0024
9250	0.0024
9250	0.0024
9250	0.0024
9250	0.0024
9260	0.0024
9260	0.0024
9260	0.0024
9260	0.0025
9270	0.0025
9270	0.0025
9270	0.0025
9270	0.0025
9280	0.0025
9280	0.0025
9280	0.0025
9280	0.0025
9290	0.0025
9290	0.0025
9290	0.0025
9290	0.0025
9290	0.0025
9300	0.0025
9300	0.0025
9300	0.0025
9300	0.0025
9310	0.0025
9310	0.0025
9310	0.0025
9310	0.0025
9320	0.0025
9320	0.0025
9320	0.0025
9320	0.0025
9330	0.0025
9330	0.0025
9330	0.0025
9330	0.0025
9340	0.0025
9340	0.0025
9340	0.0025
9340	0.0025
9350	0.0025
9350	0.0025
9350	0.0025
9350	0.0025
9360	0.0025
9360	0.0025
9360	0.0025
9360	0.0025
9360	0.0025
9370	0.0025
9370	0.0025
9370	0.0025
9370	0.0025
9380	0.0025
9380	0.0025
9380	0.0025
9380	0.0025
9390	0.0025
9390	0.0025
9390	0.0025
9390	0.0025
9400	0.0025
9400	0.0025
9400	0.0025
9400	0.0025
9410	0.0025
9410	0.0025
9410	0.0025
9410	0.0025
9420	0.0025
9420	0.0025
9420	0.0025
9420	0.0025
9430	0.0025
9430	0.0025
9430	0.0025
9430	0.0025
9430	0.0025
9440	0.0025
9440	0.0025
9440	0.0025
9440	0.0025
9450	0.0025
9450	0.0025
9450	0.0025
9450	0.0025
9460	0.0025
9460	0.0025
9460	0.0025
9460	0.0025
9470	0.0025
9470	0.0025
9470	0.0025
9470	0.0025
9480	0.0025
9480	0.0025
9480	0.0025
9480	0.0025
9490	0.0025
9490	0.0025
9490	0.0025
9490	0.0025
9500	0.0025
9500	0.0025
9500	0.0025
9500	0.0025
9500	0.0025
9510	0.0025
9510	0.0025
9510	0.0025
9510	0.0025
9520	0.0025
9520	0.0025
9520	0.0025
9520	0.0025
9530	0.0025
9530	0.0025
9530	0.0025
9530	0.0025
9540	0.0025
9540	0.0025
9540	0.0025
9540	0.0025
9550	0.0025
9550	0.0025
9550	0.0025
9550	0.0025
9560	0.0025
9560	0.0025
9560	0.0025
9560	0.0025
9570	0.0025
9570	0.0025
9570	0.0025
9570	0.0025
9580	0.0025
9580	0.0025
9580	0.0025
9580	0.0025
9580	0.0025
9590	0.0025
9590	0.0025
9590	0.0025
9590	0.0025
9600	0.0025
9600	0.0025
9600	0.0025
9600	0.0025
9610	0.0025
9610	0.0025
9610	0.0025
9610	0.0025
9620	0.0025
9620	0.0025
9620	0.0025
9620	0.0025
9630	0.0025
9630	0.0025
9630	0.0025
9630	0.0025
9640	0.0025
9640	0.0025
9640	0.0025
9640	0.0025
9650	0.0025
9650	0.0025
9650	0.0025
9650	0.0025
9650	0.0025
9660	0.0025
9660	0.0024
9660	0.0024
9660	0.0024
9670	0.0024
9670	0.0024
9670	0.0024
9670	0.0024
9680	0.0024
9680	0.0024
9680	0.0024
9680	0.0024
9690	0.0024
9690	0.0024
9690	0.0024
9690	0.0024
9700	0.0024
9700	0.0024
9700	0.0024
9700	0.0024
9710	0.0024
9710	0.0024
9710	0.0024
9710	0.0024
9720	0.0024
9720	0.0024
9720	0.0024
9720	0.0024
9720	0.0024
9730	0.0024
9730	0.0024
9730	0.0024
9730	0.0024
9740	0.0024
9740	0.0024
9740	0.0024
9740	0.0024
9750	0.0024
9750	0.0024
9750	0.0024
9750	0.0024
9760	0.0024
9760	0.0024
9760	0.0024
9760	0.0024
9770	0.0024
9770	0.0024
9770	0.0024
9770	0.0024
9780	0.0024
9780	0.0024
9780	0.0024
9780	0.0024
9790	0.0024
9790	0.0024
9790	0.0024
9790	0.0024
9790	0.0024
9800	0.0024
9800	0.0024
9800	0.0024
9800	0.0023
9810	0.0023
9810	0.0023
9810	0.0023
9810	0.0023
9820	0.0023
9820	0.0023
9820	0.0023
9820	0.0023
9830	0.0023
9830	0.0023
9830	0.0023
9830	0.0023
9840	0.0023
9840	0.0023
9840	0.0023
9840	0.0022
9850	0.0022
9850	0.0022
9850	0.0022
9850	0.0022
9860	0.0022
9860	0.0022
9860	0.0022
9860	0.0022
9860	0.0022
9870	0.0022
9870	0.0022
9870	0.0022
9870	0.0022
9880	0.0022
9880	0.0022
9880	0.0022
9880	0.0022
9890	0.0022
9890	0.0022
9890	0.0022
9890	0.0022
9900	0.0022
9900	0.0022
9900	0.0022
9900	0.0022
9910	0.0022
9910	0.0022
9910	0.0022
9910	0.0022
9920	0.0022
9920	0.0022
9920	0.0022
9920	0.0022
9930	0.0022
9930	0.0022
9930	0.0022
9930	0.0022
9940	0.0022
9940	0.0022
9940	0.0022
9940	0.0022
9940	0.0022
9950	0.0022
9950	0.0022
9950	0.0022
9950	0.0022
9960	0.0022
9960	0.0022
9960	0.0022
9960	0.0022
9970	0.0022
9970	0.0022
9970	0.0022
9970	0.0022
9980	0.0022
9980	0.0022
9980	0.0022
9980	0.0022
9990	0.0022
9990	0.0022
9990	0.0022
9990	0.0022
10000	0.0022
10000	0.0022
10000	0.0022
10000	0.0022
