Column 1: lambda in nm
Column 2: n2, linear interp.
Column 3: energy in eV
Column 4: n2, linear interp.
Column 5: lambda in nm
Column 6: n2, spline interp.
Column 7: energy in eV
Column 8: n2, spline interp.
0.158954085897	2.25565878639	7800.0	2.25565878639	0.15714092142	2.2836459155	7890.0	2.2836459155
0.188425816109	2.28342074068	6580.0	2.28342074068	0.188139889226	2.28885575409	6590.0	2.28885575409
0.218666996473	2.29556659569	5670.0	2.29556659569	0.218666996473	2.29753881841	5670.0	2.29753881841
0.24946516499	2.29961521402	4970.0	2.29961521402	0.24946516499	2.30159091509	4970.0	2.30159091509
0.277991450673	2.32159342784	4460.0	2.32159342784	0.277991450673	2.32358801136	4460.0	2.32358801136
0.30689155198	2.33663115308	4040.0	2.33663115308	0.30689155198	2.33863865618	4040.0	2.33863865618
0.33968270411	2.32217180189	3650.0	2.32217180189	0.33875460929	2.33053446282	3660.0	2.33053446282
0.374574583082	2.29730171783	3310.0	2.29730171783	0.374574583082	2.29927543127	3310.0	2.29927543127
0.407842720395	2.28573423688	3040.0	2.28573423688	0.407842720395	2.28769801218	3040.0	2.28769801218
0.439660237589	2.28342074068	2820.0	2.28342074068	0.439660237589	2.28538252837	2820.0	2.28538252837
0.475035199234	2.26433439711	2610.0	2.26433439711	0.475035199234	2.26627978687	2610.0	2.26627978687
0.509175305955	2.2533452902	2435.0	2.2533452902	0.508340250103	2.25898601284	2439.0	2.25898601284
0.5392961592	2.26045929099	2299.0	2.26045929099	0.539765724859	2.26043319023	2297.0	2.26043319023
0.568995810005	2.26849869025	2179.0	2.26849869025	0.568734802752	2.27148962546	2180.0	2.27148962546
0.599246916385	2.27364621928	2069.0	2.27364621928	0.598957425121	2.27669946405	2070.0	2.27669946405
0.628723057809	2.28110724449	1972.0	2.28110724449	0.629042044647	2.28190930264	1971.0	2.28190930264
0.659139750133	2.28463532619	1881.0	2.28463532619	0.659139750133	2.28659815737	1881.0	2.28659815737
0.689950957151	2.28654396054	1797.0	2.28654396054	0.689950957151	2.28850843152	1797.0	2.28850843152
0.720419447995	2.28937799338	1721.0	2.28937799338	0.720419447995	2.2913448992	1721.0	2.2913448992
0.750964185342	2.29174932697	1651.0	2.29174932697	0.750964185342	2.29371827011	1651.0	2.29371827011
0.781741406053	2.2932530995	1586.0	2.2932530995	0.781741406053	2.29522333459	1586.0	2.29522333459
0.812478289646	2.29475687202	1526.0	2.29475687202	0.812478289646	2.29672839907	1526.0	2.29672839907
0.842856471788	2.29712820562	1471.0	2.29712820562	0.842856471788	2.29910176999	1471.0	2.29910176999
0.873743389711	2.29799576669	1419.0	2.29799576669	0.873743389711	2.29997007642	1419.0	2.29997007642
0.903674832362	2.30123466136	1372.0	2.30123466136	0.903674832362	2.30321175376	1372.0	2.30321175376
0.934319419744	2.30250708426	1327.0	2.30250708426	0.934319419744	2.30448526986	1327.0	2.30448526986
0.964857486381	2.30395301938	1285.0	2.30395301938	0.964857486381	2.30593244725	1285.0	2.30593244725
0.995856923695	2.30424220641	1245.0	2.30424220641	0.995856923695	2.30622188273	1245.0	2.30622188273
1.0255102316	2.30753893848	1209.0	2.30753893848	1.0255102316	2.30952144717	1209.0	2.30952144717
1.05608336457	2.30863784917	1174.0	2.30863784917	1.05608336457	2.31062130198	1174.0	2.31062130198
1.08662740578	2.30973675986	1141.0	2.30973675986	1.08662740578	2.3117211568	1141.0	2.3117211568
1.11596927993	2.31326484155	1111.0	2.31326484155	1.11596927993	2.31525226962	1111.0	2.31525226962
1.14693975023	2.31332267896	1081.0	2.31332267896	1.14693975023	2.31531015671	1081.0	2.31531015671
1.17632055977	2.31650373622	1054.0	2.31650373622	1.17632055977	2.31849394696	1054.0	2.31849394696
1.20607185798	2.31881723241	1028.0	2.31881723241	1.20607185798	2.32080943078	1028.0	2.32080943078
1.23613346959	2.32043667974	1003.0	2.32043667974	1.23613346959	2.32243026945	1003.0	2.32243026945
1.26643704801	2.32153559043	979.0	2.32153559043	1.26643704801	2.32353012427	979.0	2.32353012427
1.29555054336	2.3247166477	957.0	2.3247166477	1.29555054336	2.32671391452	957.0	2.32671391452
1.32603408556	2.32535285915	935.0	2.32535285915	1.32603408556	2.32735067257	935.0	2.32735067257
1.35501843716	2.32853391641	915.0	2.32853391641	1.35501843716	2.33053446282	915.0	2.33053446282
1.38529817877	2.32940147748	895.0	2.32940147748	1.38529817877	2.33140276925	895.0	2.33140276925
1.41373075257	2.3332765836	877.0	2.3332765836	1.41373075257	2.33528120464	877.0	2.33528120464
1.44335491269	2.33506954315	859.0	2.33506954315	1.44335491269	2.3370757046	859.0	2.3370757046
1.47249628266	2.33755655156	842.0	2.33755655156	1.47249628266	2.33956484971	842.0	2.33956484971
1.50101921308	2.34091112104	826.0	2.34091112104	1.50101921308	2.34292230124	826.0	2.34292230124
1.53066897531	2.34241489356	810.0	2.34241489356	1.53066897531	2.34442736572	810.0	2.34442736572
1.55954952201	2.34501757677	795.0	2.34501757677	1.55954952201	2.34703228502	795.0	2.34703228502
1.58954085897	2.34588513785	780.0	2.34588513785	1.58954085897	2.34790059145	780.0	2.34790059145
1.61859251958	2.34808295923	766.0	2.34808295923	1.61859251958	2.35010030108	766.0	2.35010030108
1.64653634794	2.35178455313	753.0	2.35178455313	1.64653634794	2.35380507519	753.0	2.35380507519
1.67546198649	2.35398237452	740.0	2.35398237452	1.67546198649	2.35600478481	740.0	2.35600478481
1.70307949176	2.35791531804	728.0	2.35791531804	1.70307949176	2.3599411073	728.0	2.3599411073
1.73162272346	2.36046016385	716.0	2.36046016385	1.73162272346	2.3624881395	716.0	2.3624881395
1.76113901989	2.36161691195	704.0	2.36161691195	1.76113901989	2.36364588141	704.0	2.36364588141
1.7890936075	2.36479796921	693.0	2.36479796921	1.7890936075	2.36682967166	693.0	2.36682967166
1.81794995601	2.36670660357	682.0	2.36670660357	1.81794995601	2.36873994581	682.0	2.36873994581
1.84500278274	2.37087089671	672.0	2.37087089671	1.84500278274	2.37290781669	672.0	2.37290781669
1.87287291541	2.37387844176	662.0	2.37387844176	1.87287291541	2.37591794565	662.0	2.37591794565
1.90159796012	2.37572923871	652.0	2.37572923871	1.90159796012	2.3777703327	652.0	2.3777703327
1.9282144168	2.38012488148	643.0	2.38012488148	1.9282144168	2.38216975196	643.0	2.38216975196
1.95558654574	2.38347945095	634.0	2.38347945095	1.95558654574	2.38552720349	634.0	2.38552720349
1.983746992	2.38579294714	625.0	2.38579294714	1.983746992	2.38784268731	625.0	2.38784268731
2.00946818476	2.39094047617	617.0	2.39094047617	2.00946818476	2.39299463881	617.0	2.39299463881
2.03586513957	2.39516260672	609.0	2.39516260672	2.03586513957	2.39722039677	609.0	2.39722039677
2.06296484193	2.39845933879	601.0	2.39845933879	2.06296484193	2.40051996122	601.0	2.40051996122
2.09079573356	2.40083067239	593.0	2.40083067239	2.09079573356	2.40289333213	593.0	2.40289333213
2.11938781197	2.40227660751	585.0	2.40227660751	2.11938781197	2.40434050951	585.0	2.40434050951
2.14505513841	2.40696143729	578.0	2.40696143729	2.14505513841	2.40902936425	578.0	2.40902936425
2.17135178634	2.41083654341	571.0	2.41083654341	2.17135178634	2.41290779964	571.0	2.41290779964
2.19830118794	2.41390192587	564.0	2.41390192587	2.19830118794	2.4159758157	564.0	2.4159758157
2.22193883513	2.42049539001	558.0	2.42049539001	2.22193883513	2.42257494458	558.0	2.42257494458
2.25016673321	2.42199916254	551.0	2.42199916254	2.25016673321	2.42408000906	551.0	2.42408000906
2.27493921101	2.42714669156	545.0	2.42714669156	2.27493921101	2.42923196056	545.0	2.42923196056
2.30026320965	2.43160017173	539.0	2.43160017173	2.30026320965	2.43368926691	539.0	2.43368926691
2.3261573546	2.43535960304	533.0	2.43535960304	2.3261573546	2.43745192811	533.0	2.43745192811
2.35264111954	2.43842498549	527.0	2.43842498549	2.35264111954	2.44051994417	527.0	2.44051994417
2.37973487524	2.44079631909	521.0	2.44079631909	2.37973487524	2.44289331508	521.0	2.44289331508
2.40279432171	2.44721627102	516.0	2.44721627102	2.40279432171	2.44931878268	516.0	2.44931878268
2.42630502935	2.4530578489	511.0	2.4530578489	2.42630502935	2.45516537932	511.0	2.45516537932
2.45513241584	2.45346271074	505.0	2.45346271074	2.45513241584	2.45557058899	505.0	2.45557058899
2.47968374	2.45808970312	500.0	2.45808970312	2.47968374	2.46020155662	500.0	2.46020155662
2.50473105051	2.46213832145	495.0	2.46213832145	2.50473105051	2.46425365331	495.0	2.46425365331
2.52513619145	2.47064041996	491.0	2.47064041996	2.52513619145	2.47276305634	491.0	2.47276305634
2.55111495885	2.4735901276	486.0	2.4735901276	2.55111495885	2.4757152982	486.0	2.4757152982
2.57763382536	2.47596146119	481.0	2.47596146119	2.57763382536	2.47808866912	481.0	2.47808866912
2.59924920335	2.48295978717	477.0	2.48295978717	2.59924920335	2.48509300767	477.0	2.48509300767
2.62678362288	2.48423221008	472.0	2.48423221008	2.62678362288	2.48636652377	472.0	2.48636652377
2.64923476496	2.49024730018	468.0	2.49024730018	2.64923476496	2.49238678169	468.0	2.49238678169
2.67207299569	2.49579969103	464.0	2.49579969103	2.67207299569	2.49794394286	464.0	2.49794394286
2.69530841304	2.50088938265	460.0	2.50088938265	2.69530841304	2.50303800726	460.0	2.50303800726
2.7189514693	2.50551637504	456.0	2.50551637504	2.7189514693	2.50766897489	456.0	2.50766897489
2.74301298673	2.50968066818	452.0	2.50968066818	2.74301298673	2.51183684577	452.0	2.51183684577
2.76134046771	2.51899249035	449.0	2.51899249035	2.76134046771	2.52115666813	449.0	2.52115666813
2.78616150562	2.52228922242	445.0	2.52228922242	2.78616150562	2.52445623257	445.0	2.52445623257
2.80507210407	2.53084915833	442.0	2.53084915833	2.80507210407	2.5330235227	442.0	2.5330235227
2.83068920091	2.53327832933	438.0	2.53327832933	2.83068920091	2.53545478071	438.0	2.53545478071
2.8502111954	2.54108637898	435.0	2.54108637898	2.8502111954	2.54326953859	435.0	2.54326953859
2.87666327146	2.54264798891	431.0	2.54264798891	2.87666327146	2.54483249017	431.0	2.54483249017
2.89682679907	2.54970415229	428.0	2.54970415229	2.89682679907	2.55189471582	428.0	2.55189471582
2.91727498824	2.55641329124	425.0	2.55641329124	2.91727498824	2.55860961889	425.0	2.55860961889
2.93801390995	2.56277540577	422.0	2.56277540577	2.93801390995	2.56497719939	422.0	2.56497719939
2.95904980907	2.56879049587	419.0	2.56879049587	2.95904980907	2.57099745732	419.0	2.57099745732
