Column 1: energy in eV
Column 2: alpha *1e3 in 1/cm, linear interpolation
Column 3: energy in eV
Column 4: alpha *1e3 in 1/cm, spline interpolation
0.174871913963	0.0308039721292	0.174871913963	0.0222774110761
0.208727587542	-0.00560888976899	0.208727587542	-0.00825320171084
0.24310624902	-0.00298026192419	0.24310624902	-0.00976596151052
0.277369545861	0.011004331901	0.277369545861	0.00746524322032
0.312302738035	0.0452947512012	0.312302738035	0.0456796030385
0.345359852368	0.0798755292796	0.345359852368	0.0786581195625
0.380319592025	0.113217331461	0.380319592025	0.11588906064
0.414662832776	0.135663035142	0.414662832776	0.140903848509
0.449218068841	0.149393212177	0.449218068841	0.154722887311
0.484313230469	0.13995151371	0.484313230469	0.144054669642
0.51832854097	0.103203757784	0.51832854097	0.10422472494
0.553253846497	0.065217527775	0.553253846497	0.0610293529084
0.587046339962	0.0543721040588	0.587046339962	0.0460954637524
0.62085221332	0.0627756768625	0.62085221332	0.0566714317319
0.655654082496	0.0983999593891	0.655654082496	0.096939567875
0.689567224694	0.141117222752	0.689567224694	0.144150613385
0.72378392878	0.171239898943	0.72378392878	0.177907622886
0.75784955379	0.174222314113	0.75784955379	0.180438204034
0.791725332056	0.152571707089	0.791725332056	0.155739816735
0.826561246667	0.121857225645	0.826561246667	0.121223186928
0.859807122053	0.091143036237	0.859807122053	0.0889939827121
0.89390185292	0.0690707784065	0.89390185292	0.0666891670296
0.927331241586	0.0539617605484	0.927331241586	0.0521697591486
0.961117728682	0.0462705482655	0.961117728682	0.0450934110306
0.994259719326	0.0428622979904	0.994259719326	0.042012193649
1.02806125207	0.0421694111569	1.02806125207	0.041628240848
1.06150845034	0.0425557915372	1.06150845034	0.0423073044384
1.09526666961	0.0453417203255	1.09526666961	0.0452300875201
1.12815456779	0.0458986433169	1.12815456779	0.0457140744639
1.16198863168	0.0482840952894	1.16198863168	0.0481442946927
1.19445266859	0.0483738995802	1.19445266859	0.0480233191807
1.22756620792	0.0515863326198	1.22756620792	0.0508716306021
1.26128369278	0.0563144267881	1.26128369278	0.0562960901586
1.29419819415	0.0609084144716	1.29419819415	0.0610624478279
1.32745382227	0.0658866920247	1.32745382227	0.0658157143438
1.35947573465	0.0662325118694	1.35947573465	0.0664584222813
1.39308075281	0.0681546298734	1.39308075281	0.0680028147492
1.4251055977	0.0688563532351	1.4251055977	0.0688340748381
1.45692346651	0.0693977434925	1.45692346651	0.069377761376
1.49019455529	0.0714749730738	1.49019455529	0.0705672926219
1.52314726044	0.0721211592359	1.52314726044	0.0720527565715
1.5556359724	0.0778439848007	1.5556359724	0.0774438201136
1.58547553708	0.0793937003598	1.58547553708	0.0793256854818
1.61859251958	0.0818890606822	1.61859251958	0.0826748551921
1.65092126498	0.0842762394067	1.65092126498	0.0839159719386
1.68228204885	0.0842445048045	1.68228204885	0.0838307742429
1.71248877072	0.0841567961554	1.71248877072	0.0840557302888
1.74625615493	0.0895361933071	1.74625615493	0.0891722339024
1.77627775072	0.0905208583347	1.77627775072	0.0902499017954
1.80734966472	0.0924171645141	1.80734966472	0.0922209038665
1.83952799703	0.0974431057337	1.83952799703	0.0969531220303
1.87004806938	0.102161444687	1.87004806938	0.101588549093
1.90159796012	0.108790471485	1.90159796012	0.108347211364
1.93121786604	0.11441050558	1.93121786604	0.114068839291
1.96177511076	0.123003104356	1.96177511076	0.122803586962
1.99331490354	0.133029155561	1.99331490354	0.13303508538
2.02258053834	0.139353226919	2.02258053834	0.139387972657
2.05271832781	0.146042401098	2.05271832781	0.146000900385
2.08376784874	0.154420302716	2.08376784874	0.154177605842
2.11216672913	0.159588309947	2.11216672913	0.159293515028
2.14135037997	0.166852043623	2.14135037997	0.166679755185
2.17135178634	0.174634339531	2.17135178634	0.174839221046
2.20220580817	0.183582466948	2.20220580817	0.183551670439
2.22993142086	0.188537306926	2.22993142086	0.187913773899
2.25836406193	0.194099902752	2.25836406193	0.193280346461
2.28753112546	0.204800218265	2.28753112546	0.20437104857
2.31746143925	0.218813387714	2.31746143925	0.21917690715
2.34374644612	0.227458516342	2.34374644612	0.227228216216
2.37517599617	0.238964740294	2.37517599617	0.238033636218
2.40279432171	0.249748251556	2.40279432171	0.248896190031
2.4310624902	0.269188071987	2.4310624902	0.267833345519
2.46000371032	0.292086130324	2.46000371032	0.291125135325
2.48465304609	0.307946821846	2.48465304609	0.307757573962
2.51489223124	0.339051842643	2.51489223124	0.337680015891
2.54065956967	0.366648322954	2.54065956967	0.365330042035
2.56696039337	0.39870152959	2.56696039337	0.39801573865
2.59381144351	0.437630050377	2.59381144351	0.435542584726
2.62123016913	0.483697926748	2.62123016913	0.481355454273
2.64923476496	0.541355038151	2.64923476496	0.540216990811
2.67207299569	0.594385772942	2.67207299569	0.592441163701
2.70118054466	0.67298061487	2.70118054466	0.671152774384
2.72492718681	0.737824089884	2.72492718681	0.73780080443
2.74909505543	0.81530152259	2.74909505543	0.814042699898
2.77369545861	0.900213691876	2.77369545861	0.897441130026
2.80507210407	1.01638277485	2.80507210407	1.01803204773
2.82424116173	1.09096409343	2.82424116173	1.09027413582
2.8502111954	1.19878904773	2.8502111954	1.19840583556
2.87666327146	1.30581093956	2.87666327146	1.30774479045
2.90361093677	1.42576670022	2.90361093677	1.42563719421
2.92415535377	1.51875582469	2.92415535377	1.51661363678
2.95200445238	1.65401902975	2.95200445238	1.65418133113
2.97324189448	1.76358331032	2.97324189448	1.76468047987
2.9947871256	1.88403678272	2.9947871256	1.88345342323
3.01664688564	2.00389427727	3.01664688564	2.00391380373
3.04629452088	2.18135486607	3.04629452088	2.18267274673
3.06133795062	2.27701664147	3.06133795062	2.27489029531
3.09187498753	2.50219912446	3.09187498753	2.49925699585
3.10737310777	2.61530240951	3.10737310777	2.61456360636
3.13884017722	2.91144386674	3.13884017722	2.91033945579
3.14680677665	2.99061018481	3.14680677665	2.98414399373
3.17908171795	3.3866063202	3.17908171795	3.39292851914
