Column 1: energy in eV
Column 2: alpha *1e3 in 1/cm, linear interpolation
Column 3: energy in eV
Column 4: alpha *1e3 in 1/cm, spline interpolation
0.150466246359	0.210753418581	0.150466246359	0.175653064489
0.181263431287	0.0962825990901	0.181263431287	0.103397429843
0.210499468591	0.0791964983097	0.210499468591	0.069655471834
0.239814675048	0.0765846383657	0.239814675048	0.0632303473914
0.269530841304	0.0928782957709	0.269530841304	0.083341773262
0.298757077108	0.162026204809	0.298757077108	0.155874330365
0.330624498667	0.307304316222	0.330624498667	0.304641264104
0.358335800578	0.411844444957	0.358335800578	0.413895376295
0.389887380503	0.504297043793	0.389887380503	0.516860830624
0.417455175084	0.565269772369	0.417455175084	0.580619697925
0.44759634296	0.592499602006	0.44759634296	0.615231855375
0.480558864341	0.512085620248	0.480558864341	0.528846866487
0.508131913934	0.35546864309	0.508131913934	0.360391547651
0.540471608544	0.201038140392	0.540471608544	0.189376019585
0.568213505958	0.109307369017	0.568213505958	0.0956855910803
0.598668213423	0.0608157919515	0.598668213423	0.0528577869481
0.627768035443	0.0373921152192	0.627768035443	0.0341720534816
0.657392295864	0.0281733306013	0.657392295864	0.0266128187992
0.686512663344	0.0243457972297	0.686512663344	0.0230818718187
0.716257579434	0.0236840083001	0.716257579434	0.0228154904551
0.745545321708	0.0233325723027	0.745545321708	0.0227961600805
0.77490116875	0.0236731131901	0.77490116875	0.0228899209913
0.804047905318	0.0233901492634	0.804047905318	0.022657595563
0.833787404169	0.0249886864537	0.833787404169	0.0244011753164
0.862798796103	0.026862982385	0.862798796103	0.02616268453
0.891972568345	0.0280619892415	0.891972568345	0.0273421786689
0.921130661218	0.028888393508	0.921130661218	0.0284680311744
0.950070398467	0.0304501988081	0.950070398467	0.0298686076881
0.979337969984	0.0329207378521	0.979337969984	0.0322755954075
1.00882170057	0.0334361907049	1.00882170057	0.0329139436137
1.03752457741	0.0338465448586	1.03752457741	0.03309125328
1.06607211522	0.0352937249097	1.06607211522	0.0345295680657
1.09526666961	0.0377499496792	1.09526666961	0.0371399464156
1.12406334542	0.0394608368688	1.12406334542	0.0389850777351
1.15334127442	0.041718132823	1.15334127442	0.041111489283
1.18192742612	0.0430922805688	1.18192742612	0.0421681845932
1.21078307617	0.0455200401106	1.21078307617	0.0448517856197
1.23860326673	0.0480121038479	1.23860326673	0.0472261526363
1.26773197342	0.0532667961677	1.26773197342	0.052411858568
1.29555054336	0.0553963794794	1.29555054336	0.055011311281
1.32461738248	0.0607584769935	1.32461738248	0.0602728232101
1.35206310796	0.063833323263	1.35206310796	0.0632613373334
1.38067023385	0.0670259862982	1.38067023385	0.0663829252299
1.40891121591	0.0698722177017	1.40891121591	0.0691499188266
1.43666497103	0.0737218613342	1.43666497103	0.073110811707
1.4655341253	0.0790724293237	1.4655341253	0.0788194302956
1.49378538554	0.0820525817023	1.49378538554	0.0812233539165
1.5212783681	0.0853678830787	1.5212783681	0.0834412307575
1.5498023375	0.091020551281	1.5498023375	0.0903317185221
1.57740695929	0.103565734884	1.57740695929	0.102724117685
1.60393514877	0.112605425881	1.60393514877	0.112232483288
1.63137088158	0.11840900809	1.63137088158	0.119078996104
1.65976153949	0.126072713239	1.65976153949	0.125294214601
1.68685968707	0.131769403604	1.68685968707	0.130648115955
1.71485735823	0.139100276103	1.71485735823	0.138303487519
1.74135094101	0.146122385171	1.74135094101	0.145561209735
1.76867599144	0.155632994754	1.76867599144	0.154946109173
1.79427188133	0.16220489491	1.79427188133	0.161535831057
1.82329686765	0.172958188617	1.82329686765	0.172512938792
1.84775241431	0.179541666344	1.84775241431	0.178926456823
1.87570630862	0.189611589216	1.87570630862	0.189239466335
1.90159796012	0.197063849304	1.90159796012	0.196613396345
1.9282144168	0.204787990062	1.9282144168	0.203863255863
1.95558654574	0.213877597109	1.95558654574	0.213252434489
1.98057806709	0.222447219253	1.98057806709	0.22181103755
2.00946818476	0.235983919416	2.00946818476	0.235226660823
2.03586513957	0.245372501801	2.03586513957	0.24496737192
2.05953799003	0.253400099466	2.05953799003	0.252291052125
2.08727587542	0.267830256689	2.08727587542	0.266764100935
2.11216672913	0.279445010095	2.11216672913	0.279310671683
2.13765839655	0.293757241687	2.13765839655	0.293313631192
2.16377289703	0.3067262397	2.16377289703	0.305951983741
2.18666996473	0.315869490482	2.18666996473	0.314783908865
2.21400333929	0.33438600692	2.21400333929	0.333330849869
2.2379817148	0.351540812537	2.2379817148	0.350999147181
2.26248516423	0.370082398633	2.26248516423	0.369321941901
2.28753112546	0.387509290768	2.28753112546	0.386975557706
2.31313781716	0.408105642689	2.31313781716	0.407500545284
2.33932428302	0.433415351679	2.33932428302	0.432436703741
2.3616035619	0.452285576032	2.3616035619	0.451441148463
2.38890533719	0.478833241607	2.38890533719	0.478653727696
2.41214371595	0.502536526001	2.41214371595	0.50169048923
2.4358386444	0.52953080211	2.4358386444	0.52761717233
2.46000371032	0.557100838877	2.46000371032	0.556686305826
2.48465304609	0.591924632153	2.48465304609	0.591553495232
2.50473105051	0.620212772506	2.50473105051	0.619036252779
2.53028953061	0.655511168781	2.53028953061	0.656289220289
2.55637498969	0.694161484017	2.55637498969	0.694431007001
2.57763382536	0.725186529385	2.57763382536	0.723300949608
2.59924920335	0.754716969179	2.59924920335	0.754425716654
2.62678362288	0.803980250371	2.62678362288	0.803878013734
2.64358607676	0.833674513376	2.64358607676	0.831058240294
2.67207299569	0.889090486613	2.67207299569	0.889716179207
2.68946175705	0.92342735057	2.68946175705	0.923314450251
2.71300190372	0.978030361624	2.71300190372	0.976190335561
2.73695777042	1.02800934783	2.73695777042	1.02855948973
2.76134046771	1.08651776828	2.76134046771	1.08616084737
2.77991450673	1.13404769571	2.77991450673	1.13187870294
2.80507210407	1.20483431639	2.80507210407	1.20345926164
2.82424116173	1.26024025894	2.82424116173	1.26061185138
2.84367401376	1.32434502342	2.84367401376	1.32449919504
2.86337614319	1.38852556878	2.86337614319	1.38826285196
2.89007428904	1.47354104509	2.89007428904	1.47454685586
2.91042692488	1.54211237283	2.91042692488	1.54202020699
2.93106825059	1.61945999385	2.93106825059	1.61787465785
2.95200445238	1.70024787248	2.95200445238	1.69819708697
2.97324189448	1.78857592281	2.97324189448	1.78854494196
2.98757077108	1.85504732603	2.98757077108	1.85470484509
3.00932492718	1.96942024969	3.00932492718	1.9691470222
3.03139821516	2.08124328824	3.03139821516	2.08150081208
3.05379770936	2.2038831826	3.05379770936	2.20375845607
3.0689155198	2.29941496451	3.0689155198	2.29615058761
3.09187498753	2.4646227288	3.09187498753	2.46334065198
3.10737310777	2.57759039011	3.10737310777	2.58305437202
3.13091381313	2.78434074349	3.13091381313	2.78234132617
