Column 1: energy in eV
Column 2: k *1e-3, linear interpolation
Column 3: energy in eV
Column 4: k *1e-3, spline interpolation
0.150466246359	13.8194887164	0.150466246359	11.5178940349
0.181263431287	5.24075723999	0.181263431287	5.62802452536
0.210499468591	3.71202942647	0.210499468591	3.26483072713
0.239814675048	3.15081094217	0.239814675048	2.60139467508
0.269530841304	3.39986917191	0.269530841304	3.05077869156
0.298757077108	5.35085881671	0.298757077108	5.1476953121
0.330624498667	9.17043768005	0.330624498667	9.09096807223
0.358335800578	11.3396447016	0.358335800578	11.3961146454
0.389887380503	12.7615574017	0.389887380503	13.0794920174
0.417455175084	13.3598735503	0.417455175084	13.7226615047
0.44759634296	13.0604448008	0.44759634296	13.5615309439
0.480558864341	10.5136235496	0.480558864341	10.8577484893
0.508131913934	6.90210018275	0.508131913934	6.99768774338
0.540471608544	3.6699657221	0.540471608544	3.45707286742
0.568213505958	1.89799176321	0.568213505958	1.66146587702
0.598668213423	1.00227431608	0.598668213423	0.871122459531
0.627768035443	0.587675072018	0.627768035443	0.537066808686
0.657392295864	0.422834111333	0.657392295864	0.399413464679
0.686512663344	0.349890283727	0.686512663344	0.331725537817
0.716257579434	0.32624390626	0.716257579434	0.314280194256
0.745545321708	0.308777044145	0.745545321708	0.30167830774
0.77490116875	0.301415438606	0.77490116875	0.29144352582
0.804047905318	0.287016922157	0.804047905318	0.278027868431
0.833787404169	0.295695375356	0.833787404169	0.28874325618
0.862798796103	0.307185796694	0.862798796103	0.299177692775
0.891972568345	0.310401198904	0.891972568345	0.302439180859
0.921130661218	0.309427271047	0.921130661218	0.304924716425
0.950070398467	0.316221052713	0.950070398467	0.310181310334
0.979337969984	0.331660233489	0.979337969984	0.325160740837
1.00882170057	0.327008327522	1.00882170057	0.321900713759
1.03752457741	0.321863984019	1.03752457741	0.314681532824
1.06607211522	0.326638480828	1.06607211522	0.319566316264
1.09526666961	0.340057955859	1.09526666961	0.334562942895
1.12406334542	0.346363356629	1.12406334542	0.342187430734
1.15334127442	0.356881029224	1.15334127442	0.351691449628
1.18192742612	0.359720429262	1.18192742612	0.352006374758
1.21078307617	0.370930656939	1.21078307617	0.365485229459
1.23860326673	0.382450250965	1.23860326673	0.376189595546
1.26773197342	0.414558254334	1.26773197342	0.407904551382
1.29555054336	0.421874674786	1.29555054336	0.418942163267
1.32461738248	0.452556559178	1.32461738248	0.448939190606
1.35206310796	0.4658079825	1.35206310796	0.461634055806
1.38067023385	0.47897151487	1.38067023385	0.474376163857
1.40891121591	0.489302388609	1.40891121591	0.484244261409
1.43666497103	0.506287521543	1.43666497103	0.502091116357
1.4655341253	0.532335685941	1.4655341253	0.530632432199
1.49378538554	0.541951569812	1.49378538554	0.536474578218
1.5212783681	0.553658863361	1.5212783681	0.541163436559
1.5498023375	0.579454826373	1.5498023375	0.575069580831
1.57740695929	0.647781846621	1.57740695929	0.642517708397
1.60393514877	0.692674097217	1.60393514877	0.690380001066
1.63137088158	0.716124399875	1.63137088158	0.720176412236
1.65976153949	0.749431316964	1.65976153949	0.744803580758
1.68685968707	0.770711883497	1.68685968707	0.764153534653
1.71485735823	0.800306649457	1.71485735823	0.795722365231
1.74135094101	0.827917156307	1.74135094101	0.824737583441
1.76867599144	0.868180102837	1.76867599144	0.864348393529
1.79427188133	0.891932808785	1.79427188133	0.888253758274
1.82329686765	0.935923122666	1.82329686765	0.933513756507
1.84775241431	0.958689360784	1.84775241431	0.955404358286
1.87570630862	0.997370396896	1.87570630862	0.995413004169
1.90159796012	1.02245615452	1.90159796012	1.02011900135
1.9282144168	1.04786562207	1.9282144168	1.04313391307
1.95558654574	1.07905775445	1.95558654574	1.07590367669
1.98057806709	1.10813188251	1.98057806709	1.10496271173
2.00946818476	1.15866452413	2.00946818476	1.15494643745
2.03586513957	1.18914090777	2.03586513957	1.18717753978
2.05953799003	1.21392934014	2.05953799003	1.20861637811
2.08727587542	1.26600732507	2.08727587542	1.26096771151
2.11216672913	1.30534285483	2.11216672913	1.30471533356
2.13765839655	1.35583459542	2.13765839655	1.35378711413
2.16377289703	1.39860697048	2.16377289703	1.39507652657
2.18666996473	1.42521660867	2.18666996473	1.42031841813
2.21400333929	1.49013720526	2.21400333929	1.48543506837
2.2379817148	1.54979998698	2.2379817148	1.54741200547
2.26248516423	1.61387214077	2.26248516423	1.6105559065
2.28753112546	1.67136591814	2.28753112546	1.66906387463
2.31313781716	1.74071441305	2.31313781716	1.73813345934
2.33932428302	1.82797518424	2.33932428302	1.82384763283
2.3616035619	1.88956648426	2.3616035619	1.88603862019
2.38890533719	1.97761517642	2.38890533719	1.97687377126
2.41214371595	2.05551612547	2.41214371595	2.05205559646
2.4358386444	2.14486096698	2.4358386444	2.13710982238
2.46000371032	2.23436687816	2.46000371032	2.23270430856
2.48465304609	2.35048289207	2.48465304609	2.34900913859
2.50473105051	2.4430707307	2.50473105051	2.43843631968
2.53028953061	2.55603214771	2.53028953061	2.55906600092
2.55637498969	2.67912136352	2.55637498969	2.68016158946
2.57763382536	2.77577935061	2.57763382536	2.76856196143
2.59924920335	2.86478893028	2.59924920335	2.86368338073
2.62678362288	3.01979537148	2.62678362288	3.01941136488
2.64358607676	3.11142619275	2.64358607676	3.10166178174
2.67207299569	3.28287298257	2.67207299569	3.28518328657
2.68946175705	3.38761303225	2.68946175705	3.38719885501
2.71300190372	3.55679367559	2.71300190372	3.55010207038
2.73695777042	3.70582922355	2.73695777042	3.7078124078
2.76134046771	3.88215892186	2.76134046771	3.88088363327
2.77991450673	4.02491131139	2.77991450673	4.01721321934
2.80507210407	4.23779294904	2.80507210407	4.23295643563
2.82424116173	4.40258759394	2.82424116173	4.40388573391
2.84367401376	4.59491803902	2.84367401376	4.59545294947
2.86337614319	4.78444882561	2.86337614319	4.78354358108
2.89007428904	5.0304827682	2.89007428904	5.03391647895
2.91042692488	5.22776138779	2.91042692488	5.22744894557
2.93106825059	5.45130808586	2.93106825059	5.44597164345
2.95200445238	5.68265992113	2.95200445238	5.67580567544
2.97324189448	5.93517557855	2.97324189448	5.93507277228
2.98757077108	6.12622899586	2.98757077108	6.12509796452
3.00932492718	6.45692513592	3.00932492718	6.45602933452
3.03139821516	6.77386121271	3.03139821516	6.77469938034
3.05379770936	7.12040572092	3.05379770936	7.12000274878
3.0689155198	7.392457808	3.0689155198	7.38196306525
3.09187498753	7.8647506474	3.09187498753	7.86065946769
3.10737310777	8.18421322444	3.10737310777	8.20156213807
3.13091381313	8.77420353306	3.13091381313	8.76790283348
