Column 1: energy in eV
Column 2: k *1e-3, linear interpolation
Column 3: energy in eV
Column 4: k *1e-3, spline interpolation
0.174871913963	1.73797327087	0.174871913963	1.25690105263
0.208727587542	-0.265126712002	0.208727587542	-0.390120741038
0.24310624902	-0.12095247132	0.24310624902	-0.396346767353
0.277369545861	0.391436518206	0.277369545861	0.265547135437
0.312302738035	1.43096338463	0.312302738035	1.44312172248
0.345359852368	2.28190906439	0.345359852368	2.24712972341
0.380319592025	2.93711296515	0.380319592025	3.00642364673
0.414662832776	3.22792067435	0.414662832776	3.35261882663
0.449218068841	3.28118020917	0.449218068841	3.39823790084
0.484313230469	2.85106882562	0.484313230469	2.93465763188
0.51832854097	1.96447642835	0.51832854097	1.98391046793
0.553253846497	1.16304447982	0.553253846497	1.08835545333
0.587046339962	0.913819011839	0.587046339962	0.774715488129
0.62085221332	0.997607268969	0.62085221332	0.900600918449
0.655654082496	1.48073241603	0.655654082496	1.45875629867
0.689567224694	2.01910936971	0.689567224694	2.06251121203
0.72378392878	2.3342773812	0.72378392878	2.42516926611
0.75784955379	2.26817841552	0.75784955379	2.34910230535
0.791725332056	1.90132298842	0.791725332056	1.94080343873
0.826561246667	1.45456348597	0.826561246667	1.44699520627
0.859807122053	1.04587284815	0.859807122053	1.02121230552
0.89390185292	0.762361485188	0.89390185292	0.736074698961
0.927331241586	0.574126580119	0.927331241586	0.555060566986
0.961117728682	0.474990027704	0.961117728682	0.462906132682
0.994259719326	0.425335900351	0.994259719326	0.416900050843
1.02806125207	0.404701655043	1.02806125207	0.399508020282
1.06150845034	0.395541131491	1.06150845034	0.393231531207
1.09526666961	0.408445914764	1.09526666961	0.4074403075
1.12815456779	0.401409528282	1.12815456779	0.399795369543
1.16198863168	0.409976207569	1.16198863168	0.408789172416
1.19445266859	0.399575257687	1.19445266859	0.396679413964
1.22756620792	0.414616101538	1.22756620792	0.40887180941
1.26128369278	0.440517658054	1.26128369278	0.440374220402
1.29419819415	0.46433662395	1.29419819415	0.465510900596
1.32745382227	0.48970520001	1.32745382227	0.489177655853
1.35947573465	0.480680163578	1.35947573465	0.482319700577
1.39308075281	0.482698007634	1.39308075281	0.481622792961
1.4251055977	0.476709060658	1.4251055977	0.476554821968
1.45692346651	0.469964491137	1.45692346651	0.469829171388
1.49019455529	0.473224763318	1.49019455529	0.467215151161
1.52314726044	0.467172467052	1.52314726044	0.46672938153
1.5556359724	0.493711810595	1.5556359724	0.491173836303
1.58547553708	0.494063684628	1.58547553708	0.49364043088
1.61859251958	0.499165768762	1.61859251958	0.503955684745
1.65092126498	0.503657402258	1.65092126498	0.501504347277
1.68228204885	0.49408219721	1.68228204885	0.491655725531
1.71248877072	0.484861717725	1.71248877072	0.484279435938
1.74625615493	0.505879535141	1.74625615493	0.50382316433
1.77627775072	0.502798787785	1.77627775072	0.501293757652
1.80734966472	0.504506645572	1.80734966472	0.503435255842
1.83952799703	0.522638200639	1.83952799703	0.520010162471
1.87004806938	0.539002389045	1.87004806938	0.535979799702
1.90159796012	0.564454046321	1.90159796012	0.562154212838
1.93121786604	0.5845088199	1.93121786604	0.582763289994
1.96177511076	0.618619045537	1.96177511076	0.617615613465
1.99331490354	0.658456902937	1.99331490354	0.658486253872
2.02258053834	0.679778837684	2.02258053834	0.679948330836
2.05271832781	0.701949775082	2.05271832781	0.701750302762
2.08376784874	0.731158446108	2.08376784874	0.730009310495
2.11216672913	0.745468527181	2.11216672913	0.744091481868
2.14135037997	0.768776731342	2.14135037997	0.767982906231
2.17135178634	0.79351636946	2.17135178634	0.794447325175
2.20220580817	0.822488306795	2.20220580817	0.822350331917
2.22993142086	0.834184713053	2.22993142086	0.831425886551
2.25836406193	0.847984273909	2.25836406193	0.844403793771
2.28753112546	0.883323607954	2.28753112546	0.881472556589
2.31746143925	0.931574963207	2.31746143925	0.933122608936
2.34374644612	0.957520344079	2.34374644612	0.956550861558
2.37517599617	0.992646152666	2.37517599617	0.988778398465
2.40279432171	1.02551565411	2.40279432171	1.02201692117
2.4310624902	1.09248661309	2.4310624902	1.08698852204
2.46000371032	1.17147117653	2.46000371032	1.1676169095
2.48465304609	1.22283090971	2.48465304609	1.22207942229
2.51489223124	1.33015779617	2.51489223124	1.32477588751
2.54065956967	1.42383498858	2.54065956967	1.41871560202
2.56696039337	1.53244595995	2.56696039337	1.52981005946
2.59381144351	1.66465855974	2.59381144351	1.65671825134
2.62123016913	1.82064596352	2.62123016913	1.81182886339
2.64923476496	2.01612832877	2.64923476496	2.01188998366
2.67207299569	2.19470686572	2.67207299569	2.1875266009
2.70118054466	2.45813299404	2.70118054466	2.45145661302
2.72492718681	2.6714949861	2.72492718681	2.67141067471
2.74909505543	2.92607148056	2.74909505543	2.92155363645
2.77369545861	3.20216180644	2.77369545861	3.1922994907
2.80507210407	3.57494777348	2.80507210407	3.58074880096
2.82424116173	3.8112296041	2.82424116173	3.808819271
2.8502111954	4.14975215808	2.8502111954	4.14842562318
2.87666327146	4.47865602744	2.87666327146	4.48528872801
2.90361093677	4.84469541507	2.90361093677	4.84425535907
2.92415535377	5.12441093321	2.92415535377	5.11718300956
2.95200445238	5.52815139562	2.95200445238	5.52869384801
2.97324189448	5.85224057901	2.97324189448	5.85588140513
2.9947871256	6.20697297559	2.9947871256	6.20505109348
3.01664688564	6.55400491704	3.01664688564	6.55406878095
3.04629452088	7.06497888481	3.04629452088	7.06924724077
3.06133795062	7.33856869335	3.06133795062	7.33171571869
3.09187498753	7.98465905313	3.09187498753	7.97527055418
3.10737310777	8.30395420778	3.10737310777	8.30160840352
3.13884017722	9.1515709878	3.13884017722	9.14809948166
3.14680677665	9.37661675733	3.14680677665	9.35634296974
3.17908171795	10.5104051552	3.17908171795	10.5300262349
