Column 1-2 and 5-6: raw data (x,y), Column 3-4 and 7-8 fitted line (x,y)
x = n/lambda [*1e-3 in 1/nm], y = l/2 [arb. units] where l=0,1,2...
x(lin)		y(lin)	x(lin)		y(lin)		x(spl)		y(spl)	x(spl)		y(spl) 
0.355167730489	0.0	0.0	-3.46301935237		0.359286469064	0.0	0.0	-3.54536539915
0.413530065757	0.5	0.355167730489	-0.017382048038		0.420548806956	0.5	0.359286469064	-0.00919272418981
0.468378224058	1.0	0.413530065757	0.548816461295		0.46822073638	1.0	0.420548806956	0.59376403569
0.506050784566	1.5	0.468378224058	1.08092240476		0.503538245115	1.5	0.46822073638	1.06296114916
0.553504027539	2.0	0.506050784566	1.44640037106		0.550968844279	2.0	0.503538245115	1.41056346677
0.609144659968	2.5	0.553504027539	1.90676501053		0.609210100548	2.5	0.550968844279	1.87738535728
0.675254415434	3.0	0.609144659968	2.44655909168		0.676603780958	3.0	0.609210100548	2.45060799912
0.732448128285	3.5	0.675254415434	3.08791870872		0.729038610492	3.5	0.676603780958	3.11391071617
0.778892807787	4.0	0.732448128285	3.6427799015		0.78074496746	4.0	0.729038610492	3.62998529002
0.833015456816	4.5	0.778892807787	4.09336002616		0.850855942011	4.5	0.78074496746	4.13889008432
0.888842594211	5.0	0.792540255597	4.22575987909		0.88470663488	5.0	0.789809578092	4.22810588058
0.835214161108	5.5	0.833015456816	4.61842748723		0.835105651004	5.5	0.835105651004	4.67391931668
0.792540255597	6.0	0.835214161108	4.63975807805		0.789809578092	6.0	0.847040571224	4.79138530105
0.862959389006	6.5	0.862959389006	4.90892665406		0.847040571224	6.5	0.850855942011	4.8289369794
0.927441439334	7.0	0.888842594211	5.16003093453		0.932262922195	7.0	0.88470663488	5.16210258807
0.927570555181	7.5	0.92122481977	5.47418505047		0.931372037595	7.5	0.922255967557	5.53167098434
0.92122481977	8.0	0.927441439334	5.53449519253		0.922255967557	8.0	0.931372037595	5.62139325486
0.954487228481	8.5	0.927570555181	5.53574780176		0.94564300172	8.5	0.932262922195	5.63016152768
0.997488389219	9.0	0.954487228481	5.79687820768		0.993270798345	9.0	0.94564300172	5.76185107259
1.02960779353	9.5	0.997488389219	6.21405125254		1.03487755781	9.5	0.993270798345	6.2306138218
1.06850838748	10.0	1.02960779353	6.52565562477		1.06928029502	10.0	1.03487755781	6.64011626233
1.11336489423	10.5	1.06850838748	6.90304727995		1.10910277669	10.5	1.06928029502	6.978715207
1.14280546749	11.0	1.11336489423	7.33821984699		1.14658106125	11.0	1.10910277669	7.37065641175
1.1852120899	11.5	1.14280546749	7.62383570895		1.18406745115	11.5	1.14658106125	7.73952553756
1.22321496641	12.0	1.1852120899	8.03524087776		1.22083803709	12.0	1.18406745115	8.10847443779
1.2557304358	12.5	1.22321496641	8.40392338392		1.259196235	12.5	1.22083803709	8.47037824561
1.30232533232	13.0	1.2557304358	8.71937015644		1.29960647475	13.0	1.259196235	8.84790766295
1.34028016712	13.5	1.30232533232	9.17140760201		1.34032543975	13.5	1.29960647475	9.24563370581
1.37258804061	14.0	1.34028016712	9.53962403454		1.37603018362	14.0	1.34032543975	9.64639828717
1.41770209141	14.5	1.37258804061	9.85305682856		1.41385977373	14.5	1.37603018362	9.99781185414
1.44757170066	15.0	1.41770209141	10.2907279429		1.44895134064	15.0	1.41385977373	10.3701386027
1.48528739577	15.5	1.44757170066	10.5805060704		1.48687488284	15.5	1.44895134064	10.7155171536
1.5307316178	16.0	1.48528739577	10.9464025043		1.52653731692	16.0	1.48687488284	11.0887685984
1.56021276336	16.5	1.5307316178	11.3872767541		1.56298452759	16.5	1.52653731692	11.4791345812
1.60291195483	17.0	1.56021276336	11.6732862256		1.60345254752	17.0	1.56298452759	11.8378556619
1.64832806867	17.5	1.60291195483	12.0875297347		1.64507507669	17.5	1.60345254752	12.2361503893
1.67827833865	18.0	1.64832806867	12.5281312945		1.68192733759	18.0	1.64507507669	12.6458080386
1.71874343291	18.5	1.67827833865	12.8186919471		1.71794751501	18.5	1.68192733759	13.0085157084
1.75928684308	19.0	1.71874343291	13.2112615032		1.75674270026	19.0	1.71794751501	13.3630338385
1.78751614547	19.5	1.75928684308	13.6045908362		1.79063032407	19.5	1.75674270026	13.7448641766
1.83154005151	20.0	1.78751614547	13.8784556303		1.82947163809	20.0	1.79063032407	14.0783932674
1.87112926096	20.5	1.83154005151	14.3055507741		1.87008591136	20.5	1.82947163809	14.4606776146
1.90716602806	21.0	1.87112926096	14.689622989		1.91062282279	21.0	1.87008591136	14.860411798
1.94872827288	21.5	1.90716602806	15.0392314089		1.94610527293	21.5	1.91062282279	15.2593845702
1.9855813712	22.0	1.94872827288	15.442444902		1.98588500269	22.0	1.94610527293	15.6086102756
2.01722330569	22.5	1.9855813712	15.7999729075		2.01971613771	22.5	1.98588500269	16.0001307071
2.06118516091	23.0	2.01722330569	16.1069451365		2.05748231547	23.0	2.01971613771	16.3331038233
2.09034560009	23.5	2.06118516091	16.5334382982		2.09185126191	23.5	2.05748231547	16.7048064543
2.1252164448	24.0	2.09034560009	16.816336457		2.12654411977	24.0	2.09185126191	17.0430728232
2.17097332441	24.5	2.1252164448	17.1546337545		2.1671857743	24.5	2.12654411977	17.3845271961
2.20253648734	25.0	2.17097332441	17.5985412319		2.20565749559	25.0	2.1671857743	17.7845308716
2.23604646484	25.5	2.20253648734	17.9047492636		2.23882879536	25.5	2.20565749559	18.1631776098
2.27349453005	26.0	2.23604646484	18.2298441938		2.2697247399	26.0	2.23882879536	18.4896564893
2.28579920778	26.5	2.27349453005	18.5931442331		2.28742652786	26.5	2.2697247399	18.7937408461
2.32092789697	27.0	2.28579920778	18.7125172869		2.31983844718	27.0	2.28742652786	18.9679655506
2.36335589911	27.5	2.32092789697	19.0533160463		2.35989172193	27.5	2.31983844718	19.2869704486
2.39903567751	28.0	2.36335589911	19.4649286292		2.40176641892	28.0	2.35989172193	19.6811831672
2.43540175685	28.5	2.39903567751	19.8110737457		2.43532287967	28.5	2.40176641892	20.0933227049
2.47076367404	29.0	2.43540175685	20.1638769676		2.47008513545	29.0	2.43532287967	20.4235924194
2.50832096881	29.5	2.47076367404	20.5069383736		2.50899814305	29.5	2.47008513545	20.7657298212
2.54679848264	30.0	2.50832096881	20.8712980966		2.54632848907	30.0	2.50899814305	21.1487197916
2.58058039529	30.5	2.54679848264	21.2445852667		2.58061409984	30.5	2.54632848907	21.5161328754
2.61479678376	31.0	2.58058039529	21.5723183586		2.61552422271	31.0	2.58061409984	21.8535790371
2.65046426219	31.5	2.61479678376	21.9042664902		2.64970578375	31.5	2.61552422271	22.1971717777
2.68504045136	32.0	2.65046426219	22.2502922794		2.68555715598	32.0	2.64970578375	22.5335938602
2.72061566284	32.5	2.68504045136	22.5857309947		2.72100598764	32.5	2.68555715598	22.8864505742
2.75109423395	33.0	2.72061566284	22.9308616619		2.75032265668	33.0	2.72100598764	23.2353453995
2.78717410289	33.5	2.75109423395	23.2265475945		2.78766986946	33.5	2.75032265668	23.5238861961
2.82038762993	34.0	2.78717410289	23.5765741641		2.82040452773	34.0	2.78766986946	23.891465286
2.85822398196	34.5	2.82038762993	23.8987930988		2.8576621562	34.5	2.82040452773	24.2136466484
2.88482768849	35.0	2.85822398196	24.2658600782		2.88541874279	35.0	2.8576621562	24.5803440308
2.92474187147	35.5	2.88482768849	24.5239542568		2.92426437083	35.5	2.88541874279	24.8535301691
2.95866464634	36.0	2.92474187147	24.911179182		2.95839404249	36.0	2.92426437083	25.2358569759
2.99159359113	36.5	2.95866464634	25.2402788398		2.99266071879	36.5	2.95839404249	25.5717683522
3.02364754888	37.0	2.99159359113	25.5597369177		3.02451347602	37.0	2.99266071879	25.909028157
3.05656723809	37.5	3.02364754888	25.8707063643		3.05604665961	37.5	3.02451347602	26.2225296647
3.08326172061	38.0	3.05656723809	26.1900746499		3.0825145072	38.0	3.05604665961	26.5328858616
3.11252367904	38.5	3.08326172061	26.449049486		3.11197662307	38.5	3.0825145072	26.7933879608
3.15323983855	39.0	3.11252367904	26.7329325274		3.15347726419	39.0	3.11197662307	27.0833602756
3.18776573661	39.5	3.15323983855	27.1279377773		3.18846519011	39.5	3.15347726419	27.491818277
3.21785138874	40.0	3.18776573661	27.4628885966		3.21889416999	40.0	3.18846519011	27.8361767716
3.23988962223	40.5	3.21785138874	27.7547626504		3.23952436121	40.5	3.21889416999	28.1356651644
3.27122486991	41.0	3.23988962223	27.9685651806		3.2688462857	41.0	3.23952436121	28.338711827
3.30580047892	41.5	3.27122486991	28.2725621068		3.3054305046	41.5	3.2688462857	28.6273043488
3.34248278243	42.0	3.30580047892	28.6079951938		3.34306200439	42.0	3.3054305046	28.9873738932
3.37763833694	42.5	3.34248278243	28.9638662444		3.37798221368	42.5	3.34306200439	29.3577509954
3.40785517084	43.0	3.37763833694	29.3049256359		3.40864308741	43.0	3.37798221368	29.7014430087
3.43463555283	43.5	3.40785517084	29.5980723415		3.43546500682	43.5	3.40864308741	30.0032137494
3.46706187321	44.0	3.43463555283	29.8578805259		3.46642807888	44.0	3.43546500682	30.2672006976
3.49641509966	44.5	3.46706187321	30.1724624249		3.49559384187	44.5	3.46642807888	30.5719457375
3.51973279863	45.0	3.49641509966	30.4572308973		3.52128834538	45.0	3.49559384187	30.8590012851
3.55294940295	45.5	3.51973279863	30.6834460811		3.55205306248	45.5	3.52128834538	31.1118919699
3.57769232287	46.0	3.55294940295	31.0056948699		3.57700116678	46.0	3.55205306248	31.4146847587
3.60504978846	46.5	3.57769232287	31.2457367447		3.60583592627	46.5	3.57700116678	31.6602292262
3.63849010808	47.0	3.60504978846	31.5111434692		3.63851547534	47.0	3.60583592627	31.9440269681
3.66704086406	47.5	3.63849010808	31.8355626178		3.6662687496	47.5	3.63851547534	32.2656659342
3.69423963614	48.0	3.66704086406	32.1125459737		3.69448384149	48.0	3.6662687496	32.5388194719
3.71946449181	48.5	3.69423963614	32.376413143		3.72060426053	48.5	3.69448384149	32.8165183154
3.75133995844	49.0	3.71946449181	32.6211304871		3.75197523057	49.0	3.72060426053	33.0736009502
3.77815179623	49.5	3.75133995844	32.9303683133		3.77793325672	49.5	3.75197523057	33.3823606074
3.78806726093	50.0	3.77815179623	33.1904816641		3.79013116286	50.0	3.77793325672	33.6378449372
3.80854128923	50.5	3.78806726093	33.2866759186		3.80653649012	50.5	3.79013116286	33.7578992841
3.83395290952	51.0	3.80854128923	33.485303411		3.83022367419	51.0	3.80653649012	33.9193639508
3.85184347562	51.5	3.83395290952	33.7318326402		3.85468708741	51.5	3.83022367419	34.1524981773
3.88907906498	52.0	3.85184347562	33.9053968372		3.89196553071	52.0	3.85468708741	34.3932722137
3.90904548943	52.5	3.88907906498	34.2666355556		3.90815330651	52.5	3.89196553071	34.7601744599
3.91027283482	53.0	3.90904548943	34.4603385612		3.9113541451	53.0	3.89250484758	34.7654825295
3.92818647663	53.5	3.91027283482	34.4722455751		3.92540376104	53.5	3.90815330651	34.9194979396
3.96503769851	54.0	3.91411704628	34.5095399497		3.96200291473	54.0	3.9113541451	34.9510012634
3.99664506801	54.5	3.91813622213	34.5485317303		3.99775853997	54.5	3.91732123771	35.0097306386
4.01656422621	55.0	3.92818647663	34.6460336396		4.02323661392	55.0	3.92540376104	35.0892805259
4.03698533812	55.5	3.93905860534	34.7515089095		4.03962422389	55.5	3.93839501329	35.2171431514
4.03741335096	56.0	3.96503769851	35.0035434411		4.03409091725	56.0	3.96200291473	35.4494970616
4.02829663331	56.5	3.98027139765	35.1513322111		4.02562456347	56.5	3.98028371222	35.6294204991
4.03762608143	57.0	3.99664506801	35.3101803399		4.03907135629	57.0	3.99775853997	35.8014114137
4.07243582211	57.5	4.00174893479	35.3596951811		4.06937089373	57.5	4.00556583621	35.8782524583
4.06989593823	58.0	4.01656422621	35.5034247951		4.07299175681	58.0	4.02298064795	36.0496526827
4.06042386765	58.5	4.02517070247	35.5869199809		4.06226944483	58.5	4.02323661392	36.0521719533
4.06196230158	59.0	4.02829663331	35.6172460015		4.05738145757	59.0	4.02562456347	36.0756746529
4.07004079727	59.5	4.03428861038	35.6753767886		4.06922636638	59.5	4.03334208561	36.1516321222
4.07487162891	60.0	4.03698533812	35.7015389224		4.07313515406	60.0	4.03409091725	36.15900228
4.07893153362	60.5	4.03741335096	35.7056912619		4.07975093603	60.5	4.03907135629	36.2080208041
4.09439298912	61.0	4.03762608143	35.7077550532		4.10081330312	61.0	4.03962422389	36.2134622428
4.10254822525	61.5	4.05635571274	35.8894593883		4.10018336975	61.5	4.05448802558	36.3597548921
4.08079215838	62.0	4.05979037483	35.9227805456		4.08447493695	62.0	4.0564057033	36.3786290778
4.05979037483	62.5	4.06042386765	35.9289263362		4.0564057033	62.5	4.05738145757	36.3882326557
4.07054895735	63.0	4.06196230158	35.9438513559		4.06844201044	63.0	4.06226944483	36.4363412499
4.08110653177	63.5	4.06944734863	36.016467067		4.08182409953	63.5	4.06844201044	36.4970929334
4.06944734863	64.0	4.06989593823	36.0208190307		4.07554403143	64.0	4.06922636638	36.5048127288
4.05635571274	64.5	4.07004079727	36.0222243715		4.05448802558	64.5	4.06937089373	36.5062351973
4.03428861038	65.0	4.07054895735	36.0271542545		4.03334208561	65.0	4.07299175681	36.5418724901
4.02517070247	65.5	4.07243582211	36.0454595538		4.02298064795	65.5	4.07313515406	36.5432838358
4.00174893479	66.0	4.07487162891	36.0690903796		4.00556583621	66.0	4.07554403143	36.5669925114
3.98027139765	66.5	4.07893153362	36.1084772887		3.98028371222	66.5	4.07975093603	36.6083977476
3.93905860534	67.0	4.08079215838	36.1265280223		3.93839501329	67.0	4.08182409953	36.6288022569
3.91813622213	67.5	4.08110653177	36.1295778958		3.91732123771	67.5	4.08447493695	36.6548923539
3.91411704628	68.0	4.09439298912	36.2584756226		3.89250484758	68.0	4.10018336975	36.8094980395
			4.10254822525	36.3375931308					4.10081330312	36.8156979756
