Column 1: Number of ignored points
Column 2: Y-axis intersept point in nm
Column 3: -m_1 index (given by l/2) in nm
Column 4: Film thickness calculated from the slope a (NOT final) in nm
Column 5: Film thickness 2nd iteration (d2 in Table 1 in Swanepoel(1983)) in nm
Column 1-5 LINEAR interp, Column 6-10 SPLINE interp
0	-3.28118407135	-3.5	5086.47986357	5205.9652029		0	-3.28790046325	-3.5	5089.70789418	5204.51813054
1	-3.1840570581	-3.0	5053.30845499	5029.77674951		1	-3.19026741641	-3.0	5056.28456395	5028.61945354
2	-3.11796367128	-3.0	5032.14998394	5025.75761843		2	-3.11835331725	-3.0	5033.03093741	5024.042579
3	-3.05884144939	-3.0	5013.22195563	5022.3717194		3	-3.06530500238	-3.0	5016.17772547	5021.07887903
4	-3.04833595818	-3.0	5009.98665094	5022.06091516		4	-3.04717156381	-3.0	5010.55825297	5020.33237523
5	-3.036063014	-3.0	5006.16324444	5021.68009664		5	-3.04629519118	-3.0	5010.2873981	5020.48176652
6	-3.04765625969	-3.0	5009.75317618	5022.46243602		6	-3.05386054399	-3.0	5012.63668226	5021.03134572
7	-3.04795402055	-3.0	5009.84702837	5022.71244305		7	-3.06174838062	-3.0	5015.1113199	5021.59074061
8	-3.04228058067	-3.0	5008.03242799	5022.67480402		8	-3.05284076886	-3.0	5012.25487062	5021.32764253
9	-3.02672850976	-3.0	5002.96832016	5022.13452693		9	-3.03751482674	-3.0	5007.26387359	5020.74331376
10	-3.01128495179	-3.0	4997.88570293	5021.6309614		10	-3.02078440241	-3.0	5001.75072133	5020.11081114
11	-3.01331537615	-3.0	4998.5529243	5022.07162521		11	-3.01854883754	-3.0	5001.01379073	5020.2816028
12	-3.00727767948	-3.0	4996.53594245	5022.10660197		12	-3.02986005874	-3.0	5004.75124424	5021.12895421
13	-3.03480644035	-3.0	5005.64773329	5023.76991567		13	-3.03807841946	-3.0	5007.50242748	5021.81757652
14	-2.99197830337	-3.0	4990.56077578	5021.51663837		14	-3.01448030152	-3.0	4999.33204025	5020.77605727
15	-2.979727721	-3.0	4986.30914975	5021.28097492		15	-2.98259687692	-3.0	4988.08772778	5019.25843934
16	-2.92550090977	-3.0	4966.51727612	5018.23439698		16	-2.93526709028	-3.0	4970.94395564	5016.7072984
17	-2.89577242866	-3.0	4955.80855038	5017.0917449		17	-2.89425304963	-3.0	4956.00997579	5014.71622392
18	-2.86275613678	-3.0	4943.73818095	5015.79501148		18	-2.87366548912	-3.0	4948.56014942	5014.18712042
19	-2.86338819289	-3.0	4943.96612362	5016.63459006		19	-2.86586552647	-3.0	4945.73048436	5014.48063972
20	-2.82711221589	-3.0	4930.33972466	5015.18120078		20	-2.84056253183	-3.0	4936.31458966	5013.72711239
21	-2.80254335907	-3.0	4921.0908485	5014.63086435		21	-2.80732492173	-3.0	4923.70642527	5012.49614123
22	-2.75650137722	-3.0	4903.18692168	5012.57345549		22	-2.76018991264	-3.0	4905.35187073	5010.28455651
23	-2.72262293815	-2.5	4890.00027714	4804.77247509		23	-2.72602832218	-2.5	4892.0483697	4802.99204051
24	-2.71332580403	-2.5	4886.40532725	4803.36268853		24	-2.71492063414	-2.5	4887.74676613	4801.41668108
25	-2.70532855781	-2.5	4883.27490001	4802.03317399		25	-2.71243873726	-2.5	4886.77862673	4800.36764661
26	-2.69403579049	-2.5	4878.78480437	4800.49545511		26	-2.6982624808	-2.5	4881.12900938	4798.57664039
27	-2.67871588968	-2.5	4872.59266744	4798.70223639		27	-2.68557979387	-2.5	4876.01133048	4796.89313314
28	-2.67754161743	-2.5	4872.11611081	4797.82483525		28	-2.67830279849	-2.5	4873.04550272	4795.56514536
29	-2.67399637098	-2.5	4870.65489455	4796.78294678		29	-2.68065894217	-2.5	4874.01322634	4794.83018049
30	-2.68491154527	-2.5	4875.17786913	4796.60367561		30	-2.6890087668	-2.5	4877.47917104	4794.42438057
31	-2.70193658816	-2.5	4882.31078742	4796.7243857		31	-2.70356405487	-2.5	4883.58707286	4794.33392976
32	-2.71747056424	-2.5	4888.92030736	4796.68573027		32	-2.72780944226	-2.5	4893.85847043	4794.72486797
33	-2.75126907772	-3.0	4903.38220626	5028.99963449		33	-2.76219671982	-3.0	4908.57194517	5026.26635555
34	-2.76572878113	-3.0	4909.72473461	5031.52873258		34	-2.77565527463	-3.0	4914.47993365	5028.61582124
35	-2.75651999946	-3.0	4905.56683472	5032.50632172		35	-2.76993957409	-3.0	4911.904285	5029.71783008
36	-2.74845202564	-2.5	4901.87046558	4793.49013751		36	-2.76029082423	-3.0	4907.47831466	5030.60668192
37	-2.74302931626	-2.5	4899.35115048	4791.81090211		37	-2.75347557454	-3.0	4904.30867758	5031.78049283
38	-2.72507996568	-2.5	4890.81123775	4789.19798939		38	-2.73650630653	-2.5	4896.23871368	4786.65301067
39	-2.70425578069	-2.5	4880.72343876	4786.38637124		39	-2.71670557379	-2.5	4886.65152449	4783.7964002
40	-2.69114728147	-2.5	4874.30122277	4784.21350977		40	-2.70343137576	-2.5	4880.14620733	4781.47611685
41	-2.6860972079	-2.5	4871.7977333	4782.65921903		41	-2.69843796106	-2.5	4877.67042167	4779.78673274
42	-2.67590391237	-2.5	4866.64218013	4780.70040724		42	-2.6910471268	-2.5	4873.93789186	4777.8959702
43	-2.66995407365	-2.5	4863.58804082	4779.07198308		43	-2.68519764171	-2.5	4870.93493155	4776.10974844
44	-2.66444510193	-2.5	4860.71063311	4777.46502815		44	-2.68443587248	-2.5	4870.53804177	4774.68922522
45	-2.66210984724	-2.5	4859.47098921	4776.08837896		45	-2.68191806205	-2.5	4869.2011679	4773.09200149
46	-2.64502062516	-2.5	4850.15280421	4773.48759592		46	-2.66373414212	-2.5	4859.27836791	4770.18560889
47	-2.62743263802	-2.5	4840.37962064	4770.88601179		47	-2.6488565544	-2.5	4851.02396617	4767.60093336
48	-2.62589321136	-2.5	4839.51564931	4769.67467748		48	-2.64686984811	-2.5	4849.90860864	4766.11131605
49	-2.63283788441	-2.5	4843.47283753	4769.10217301		49	-2.65798421741	-2.5	4856.22955538	4765.60727071
50	-2.63331394945	-2.5	4843.75044182	4767.92907707		50	-2.66173678027	-2.5	4858.41429726	4764.40757935
51	-2.63360548438	-2.5	4843.92393488	4766.69046738		51	-2.66580303234	-2.5	4860.82970348	4763.15012984
52	-2.6397166741	-2.5	4847.62633964	4765.8798259		52	-2.67123459754	-2.5	4864.12132365	4761.91303641
53	-2.63839895765	-2.5	4846.80811623	4764.34811951		53	-2.67751974115	-2.5	4868.00985758	4760.63889991
54	-2.64771672677	-2.5	4852.69112244	4763.6684783		54	-2.68504173118	-2.5	4872.7622577	4759.34575942
55	-2.64469225285	-2.5	4850.72812508	4761.78741686		55	-2.6957686177	-2.5	4879.68069036	4758.17944417
56	-2.6592634071	-2.5	4860.32684339	4761.38642911		56	-2.70305288474	-2.5	4884.49251331	4756.54102365
57	-2.64152176948	-2.5	4848.19444147	4757.83155195		57	-2.70059466692	-2.5	4882.82408184	4753.86899578
58	-2.64636418605	-2.5	4851.55002696	4756.49973839		58	-2.69862636454	-2.5	4881.45685777	4751.15090273
59	-2.63414071917	-2.5	4842.80963038	4753.41145128		59	-2.69845099961	-2.5	4881.33218647	4748.49828593
60	-2.64225394512	-2.5	4848.70574349	4752.30936632		60	-2.7158522696	-2.5	4893.92643816	4747.31526837
61	-2.66079764179	-2.5	4862.47646171	4751.97094054		61	-2.72486594467	-2.5	4900.6374757	4745.04325258
62	-2.61700126824	-2.5	4828.21713384	4744.77512304		62	-2.73647102901	-2.5	4909.49595183	4742.74486886
63	-2.7094162635	-2.5	4899.12199131	4750.59197943		63	-2.73171750648	-2.5	4905.74853073	4738.5339622
64	-2.61194798167	-2.5	4816.12329728	4734.21576606		64	-2.70086166438	-2.5	4880.5023921	4731.34411731
65	-2.65718883219	-2.5	4853.29105686	4736.52707797		65	-2.68506909221	-2.5	4867.29719507	4726.07778701
66	-2.61020007368	-2.5	4812.270373	4728.20067447		66	-2.63966041601	-2.5	4827.76449224	4717.29359421
67	-2.56864332857	-2.5	4774.98949749	4721.1840217		67	-2.62247026786	-2.5	4812.5180791	4712.4832648
68	-2.5866408975	-2.5	4791.31289519	4721.65251216		68	-2.61170232806	-2.5	4802.69022754	4708.52916872
69	-2.53828314179	-2.5	4745.03433197	4713.81012614		69	-2.58461545988	-2.5	4777.0339086	4702.66538963
70	-2.51507801738	-2.5	4722.28179805	4710.19125481		70	-2.54967380203	-2.5	4742.74382557	4696.1924391
71	-2.4649960527	-2.5	4671.00203026	4703.47041177		71	-2.50400546595	-2.5	4696.2071455	4688.92679974
72	-2.44225824889	-2.5	4647.07369542	4701.77931443		72	-2.48378345626	-2.5	4675.01458544	4686.09383644
73	-2.47502785519	-2.5	4682.43480129	4707.36173689		73	-2.5289011784	-2.5	4723.41161025	4691.1632897
74	-2.47721961779	-2.5	4684.91137734	4708.5535076		74	-2.54085065168	-2.5	4736.83123179	4691.13961875
75	-2.48518183665	-2.5	4694.27550383	4710.4208868		75	-2.55314271203	-2.5	4751.20734045	4690.53255958
76	-2.49447999834	-2.5	4705.68726	4712.18459436		76	-2.57017401882	-2.5	4771.97027076	4689.669398
77	-2.51154896768	-2.5	4727.57016344	4714.41720731		77	-2.60440987138	-2.5	4815.48887234	4689.40604451
78	-2.52745244084	-2.5	4748.93645031	4715.57112393		78	-2.64363244602	-2.5	4867.66227408	4687.16115158
79	-2.54797020713	-2.5	4777.86482479	4716.05366942		79	-2.70132369295	-2.5	4948.02870199	4683.13990535
80	-2.51684646276	-2.5	4731.51044021	4709.6393266		80	-2.72601773739	-2.5	4984.24584261	4670.63792865
81	-2.46918476039	-2.5	4656.59466085	4704.25853717		81	-2.7208428864	-2.5	4976.24936386	4651.42339272
82	-2.31756082387	-2.5	4403.26299401	4695.60886504		82	-2.60152396586	-2.5	4781.07235697	4621.74506298
