Column 1: energy in eV
Column 2: k *1e-3, linear interpolation
Column 3: energy in eV
Column 4: k *1e-3, spline interpolation
Column 5: lambda in nm
Column 6: k *1e-3, linear interpolation
Column 7: lambda in nm
Column 8: k *1e-3, spline interpolation
0.158954085897	8.68961764721	0.15714092142	7.19832205535	7800.0	8.68961764721	7890.0	7.19832205535
0.188425816109	2.22845576327	0.188139889226	3.58948913072	6580.0	2.22845576327	6590.0	3.58948913072
0.218666996473	2.10731612759	0.218666996473	1.03545863491	5670.0	2.10731612759	5670.0	1.03545863491
0.24946516499	3.77316896995	0.24946516499	2.01557844243	4970.0	3.77316896995	4970.0	2.01557844243
0.277991450673	7.69867156145	0.277991450673	7.03992082354	4460.0	7.69867156145	4460.0	7.03992082354
0.30689155198	17.4627353466	0.30689155198	17.0658495486	4040.0	17.4627353466	4040.0	17.0658495486
0.33968270411	30.3196637011	0.33875460929	30.0851802312	3650.0	30.3196637011	3660.0	30.0851802312
0.374574583082	38.8693113	0.374574583082	40.2144615668	3310.0	38.8693113	3310.0	40.2144615668
0.407842720395	43.1252337793	0.407842720395	44.90133729	3040.0	43.1252337793	3040.0	44.90133729
0.439660237589	44.1117511646	0.439660237589	45.8252883521	2820.0	44.1117511646	2820.0	45.8252883521
0.475035199234	37.2972342478	0.475035199234	39.1924821079	2610.0	37.2972342478	2610.0	39.1924821079
0.509175305955	25.1301071351	0.508340250103	25.9982732052	2435.0	25.1301071351	2439.0	25.9982732052
0.5392961592	14.6594478265	0.539765724859	14.3235849637	2299.0	14.6594478265	2297.0	14.3235849637
0.568995810005	8.17322080994	0.568734802752	7.57136463499	2179.0	8.17322080994	2180.0	7.57136463499
0.599246916385	4.61451967687	0.598957425121	4.20347442318	2069.0	4.61451967687	2070.0	4.20347442318
0.628723057809	3.08409270603	0.629042044647	2.87782519143	1972.0	3.08409270603	1971.0	2.87782519143
0.659139750133	2.48151434721	0.659139750133	2.39665745871	1881.0	2.48151434721	1881.0	2.39665745871
0.689950957151	2.24598874358	0.689950957151	2.20520393966	1797.0	2.24598874358	1797.0	2.20520393966
0.720419447995	2.14371879144	0.720419447995	2.11572711271	1721.0	2.14371879144	1721.0	2.11572711271
0.750964185342	2.10981738305	0.750964185342	2.08560911087	1651.0	2.10981738305	1651.0	2.08560911087
0.781741406053	2.1430498003	0.781741406053	2.12276079934	1586.0	2.1430498003	1586.0	2.12276079934
0.812478289646	2.17446629262	0.812478289646	2.15590763185	1526.0	2.17446629262	1526.0	2.15590763185
0.842856471788	2.2092208348	0.842856471788	2.19801283964	1471.0	2.2092208348	1471.0	2.19801283964
0.873743389711	2.26690585729	0.873743389711	2.2562733309	1419.0	2.26690585729	1419.0	2.2562733309
0.903674832362	2.30990806893	0.903674832362	2.29055883588	1372.0	2.30990806893	1372.0	2.29055883588
0.934319419744	2.3486680864	0.934319419744	2.33367785486	1327.0	2.3486680864	1327.0	2.33367785486
0.964857486381	2.402117309	0.964857486381	2.39270697409	1285.0	2.402117309	1285.0	2.39270697409
0.995856923695	2.5028819127	0.995856923695	2.49221017761	1245.0	2.5028819127	1245.0	2.49221017761
1.0255102316	2.54493398868	1.0255102316	2.53606107782	1209.0	2.54493398868	1209.0	2.53606107782
1.05608336457	2.57226889198	1.05608336457	2.56194327822	1174.0	2.57226889198	1174.0	2.56194327822
1.08662740578	2.62652902816	1.08662740578	2.61005314599	1141.0	2.62652902816	1141.0	2.61005314599
1.11596927993	2.69788130124	1.11596927993	2.68306119724	1111.0	2.69788130124	1111.0	2.68306119724
1.14693975023	2.79558070733	1.14693975023	2.78758443822	1081.0	2.79558070733	1081.0	2.78758443822
1.17632055977	2.86775803597	1.17632055977	2.85760585349	1054.0	2.86775803597	1054.0	2.85760585349
1.20607185798	2.94428633195	1.20607185798	2.93234153847	1028.0	2.94428633195	1028.0	2.93234153847
1.23613346959	3.04632609562	1.23613346959	3.03250153489	1003.0	3.04632609562	1003.0	3.03250153489
1.26643704801	3.17364247512	1.26643704801	3.16458340318	979.0	3.17364247512	979.0	3.16458340318
1.29555054336	3.28125147529	1.29555054336	3.27534486607	957.0	3.28125147529	957.0	3.27534486607
1.32603408556	3.41115328455	1.32603408556	3.40267219087	935.0	3.41115328455	935.0	3.40267219087
1.35501843716	3.50940448941	1.35501843716	3.50084263333	915.0	3.50940448941	915.0	3.50084263333
1.38529817877	3.6370365725	1.38529817877	3.62840276947	895.0	3.6370365725	895.0	3.62840276947
1.41373075257	3.75013212533	1.41373075257	3.74811317788	877.0	3.75013212533	877.0	3.74811317788
1.44335491269	3.86899038566	1.44335491269	3.86709242943	859.0	3.86899038566	859.0	3.86709242943
1.47249628266	3.97255192289	1.47249628266	3.95558394639	842.0	3.97255192289	842.0	3.95558394639
1.50101921308	4.06530846131	1.50101921308	4.05298724126	826.0	4.06530846131	826.0	4.05298724126
1.53066897531	4.23934386645	1.53066897531	4.23072070046	810.0	4.23934386645	810.0	4.23072070046
1.55954952201	4.44100563509	1.55954952201	4.43501712352	795.0	4.44100563509	795.0	4.43501712352
1.58954085897	4.60767174996	1.58954085897	4.61268594434	780.0	4.60767174996	780.0	4.61268594434
1.61859251958	4.73746306508	1.61859251958	4.73713643493	766.0	4.73746306508	766.0	4.73713643493
1.64653634794	4.86595954278	1.64653634794	4.85585796042	753.0	4.86595954278	753.0	4.85585796042
1.67546198649	5.01699264695	1.67546198649	5.00878472085	740.0	5.01699264695	740.0	5.00878472085
1.70307949176	5.16841776478	1.70307949176	5.16276860606	728.0	5.16841776478	728.0	5.16276860606
1.73162272346	5.33909210902	1.73162272346	5.33529596728	716.0	5.33909210902	716.0	5.33529596728
1.76113901989	5.52999735278	1.76113901989	5.52736240938	704.0	5.52999735278	704.0	5.52736240938
1.7890936075	5.70088706444	1.7890936075	5.70015845994	693.0	5.70088706444	693.0	5.70015845994
1.81794995601	5.87913546369	1.81794995601	5.87752175096	682.0	5.87913546369	682.0	5.87752175096
1.84500278274	6.0331255272	1.84500278274	6.03140834522	672.0	6.0331255272	672.0	6.03140834522
1.87287291541	6.1961996213	1.87287291541	6.19463838381	662.0	6.1961996213	662.0	6.19463838381
1.90159796012	6.37402176022	1.90159796012	6.37344169944	652.0	6.37402176022	652.0	6.37344169944
1.9282144168	6.52623334153	1.9282144168	6.52632663251	643.0	6.52623334153	643.0	6.52632663251
1.95558654574	6.67930945967	1.95558654574	6.67892327699	634.0	6.67930945967	634.0	6.67892327699
1.983746992	6.84245814794	1.983746992	6.84092991344	625.0	6.84245814794	625.0	6.84092991344
2.00946818476	6.98853389909	2.00946818476	6.98600101811	617.0	6.98853389909	617.0	6.98600101811
2.03586513957	7.15594903859	2.03586513957	7.15085801713	609.0	7.15594903859	609.0	7.15085801713
2.06296484193	7.34091111563	2.06296484193	7.33758210002	601.0	7.34091111563	601.0	7.33758210002
2.09079573356	7.56160174661	2.09079573356	7.55532700131	593.0	7.56160174661	593.0	7.55532700131
2.11938781197	7.81706642089	2.11938781197	7.81406076698	585.0	7.81706642089	585.0	7.81406076698
2.14505513841	8.05302456319	2.14505513841	8.05368889696	578.0	8.05302456319	578.0	8.05368889696
2.17135178634	8.31245159999	2.17135178634	8.31186674277	571.0	8.31245159999	571.0	8.31186674277
2.19830118794	8.58992781066	2.19830118794	8.58679758351	564.0	8.58992781066	564.0	8.58679758351
2.22193883513	8.83648209309	2.22193883513	8.83572700951	558.0	8.83648209309	558.0	8.83572700951
2.25016673321	9.19107018319	2.25016673321	9.18916600172	551.0	9.19107018319	551.0	9.18916600172
2.27493921101	9.51194018161	2.27493921101	9.51369366372	545.0	9.51194018161	545.0	9.51369366372
2.30026320965	9.85052523092	2.30026320965	9.85433296287	539.0	9.85052523092	539.0	9.85433296287
2.3261573546	10.2087450157	2.3261573546	10.2145279564	533.0	10.2087450157	533.0	10.2145279564
2.35264111954	10.5980755465	2.35264111954	10.6029155054	527.0	10.5980755465	527.0	10.6029155054
2.37973487524	11.004523904	2.37973487524	11.010857514	521.0	11.004523904	521.0	11.010857514
2.40279432171	11.3451795312	2.40279432171	11.3510027044	516.0	11.3451795312	516.0	11.3510027044
2.42630502935	11.7004697772	2.42630502935	11.7093906977	511.0	11.7004697772	511.0	11.7093906977
2.45513241584	12.1786331374	2.45513241584	12.1868369313	505.0	12.1786331374	505.0	12.1868369313
2.47968374	12.5757628456	2.47968374	12.5865827543	500.0	12.5757628456	500.0	12.5865827543
2.50473105051	12.9881187255	2.50473105051	12.9964865441	495.0	12.9881187255	495.0	12.9964865441
2.52513619145	13.3166446272	2.52513619145	13.3257514266	491.0	13.3166446272	491.0	13.3257514266
2.55111495885	13.7756604312	2.55111495885	13.7860230571	486.0	13.7756604312	486.0	13.7860230571
2.57763382536	14.2595963785	2.57763382536	14.2739895319	481.0	14.2595963785	481.0	14.2739895319
2.59924920335	14.6427008598	2.59924920335	14.659021972	477.0	14.6427008598	477.0	14.659021972
2.62678362288	15.1370514502	2.62678362288	15.1560181365	472.0	15.1370514502	472.0	15.1560181365
2.64923476496	15.53220559	2.64923476496	15.5452312099	468.0	15.53220559	468.0	15.5452312099
2.67207299569	15.934480371	2.67207299569	15.9451125283	464.0	15.934480371	464.0	15.9451125283
2.69530841304	16.3639450825	2.69530841304	16.3738667808	460.0	16.3639450825	460.0	16.3738667808
2.7189514693	16.8380370604	2.7189514693	16.8512672062	456.0	16.8380370604	456.0	16.8512672062
2.74301298673	17.3554650329	2.74301298673	17.3724955067	452.0	17.3554650329	452.0	17.3724955067
2.76134046771	17.7313510504	2.76134046771	17.7556000306	449.0	17.7313510504	449.0	17.7556000306
2.78616150562	18.2500339263	2.78616150562	18.2749271232	445.0	18.2500339263	445.0	18.2749271232
2.80507210407	18.6097351541	2.80507210407	18.633246201	442.0	18.6097351541	442.0	18.633246201
2.83068920091	19.1052797329	2.83068920091	19.1238252396	438.0	19.1052797329	438.0	19.1238252396
2.8502111954	19.4780899449	2.8502111954	19.4936285283	435.0	19.4780899449	435.0	19.4936285283
2.87666327146	20.0332757153	2.87666327146	20.0470781973	431.0	20.0332757153	431.0	20.0470781973
2.89682679907	20.4809643643	2.89682679907	20.494165052	428.0	20.4809643643	428.0	20.494165052
2.91727498824	20.9765957129	2.91727498824	20.9888994137	425.0	20.9765957129	425.0	20.9888994137
2.93801390995	21.5355986619	2.93801390995	21.5484716749	422.0	21.5355986619	422.0	21.5484716749
2.95904980907	22.1865197625	2.95904980907	22.1937299358	419.0	22.1865197625	419.0	22.1937299358
