3996.34	0.1154
3994.41	0.1152
3992.48	0.1150
3990.55	0.1150
3988.63	0.1152
3986.70	0.1154
3984.77	0.1154
3982.84	0.1151
3980.91	0.1150
3978.98	0.1149
3977.05	0.1144
3975.12	0.1139
3973.20	0.1137
3971.27	0.1139
3969.34	0.1141
3967.41	0.1144
3965.48	0.1143
3963.55	0.1136
3961.62	0.1130
3959.70	0.1131
3957.77	0.1133
3955.84	0.1134
3953.91	0.1128
3951.98	0.1113
3950.05	0.1093
3948.12	0.1088
3946.19	0.1092
3944.27	0.1086
3942.34	0.1084
3940.41	0.1104
3938.48	0.1124
3936.55	0.1121
3934.62	0.1092
3932.69	0.1060
3930.76	0.1059
3928.84	0.1079
3926.91	0.1080
3924.98	0.1067
3923.05	0.1065
3921.12	0.1059
3919.19	0.1038
3917.26	0.1034
3915.33	0.1068
3913.41	0.1111
3911.48	0.1129
3909.55	0.1118
3907.62	0.1062
3905.69	0.0968
3903.76	0.0892
3901.83	0.0874
3899.90	0.0911
3897.98	0.0987
3896.05	0.1052
3894.12	0.1043
3892.19	0.0998
3890.26	0.0996
3888.33	0.0999
3886.40	0.0965
3884.47	0.0952
3882.55	0.0959
3880.62	0.0967
3878.69	0.1006
3876.76	0.1031
3874.83	0.0998
3872.90	0.0941
3870.97	0.0893
3869.04	0.0894
3867.12	0.0926
3865.19	0.0933
3863.26	0.0947
3861.33	0.0998
3859.40	0.1028
3857.47	0.0960
3855.54	0.0801
3853.61	0.0701
3851.69	0.0785
3849.76	0.0960
3847.83	0.1068
3845.90	0.1067
3843.97	0.1010
3842.04	0.0942
3840.11	0.0874
3838.18	0.0841
3836.26	0.0874
3834.33	0.0937
3832.40	0.0987
3830.47	0.1028
3828.54	0.1052
3826.61	0.1050
3824.68	0.1012
3822.75	0.0927
3820.83	0.0876
3818.90	0.0897
3816.97	0.0923
3815.04	0.0978
3813.11	0.1080
3811.18	0.1129
3809.25	0.1075
3807.32	0.1004
3805.40	0.0980
3803.47	0.0946
3801.54	0.0912
3799.61	0.0955
3797.68	0.1025
3795.75	0.1083
3793.82	0.1148
3791.89	0.1194
3789.97	0.1205
3788.04	0.1193
3786.11	0.1173
3784.18	0.1163
3782.25	0.1149
3780.32	0.1125
3778.39	0.1136
3776.47	0.1187
3774.54	0.1212
3772.61	0.1172
3770.68	0.1109
3768.75	0.1089
3766.82	0.1109
3764.89	0.1141
3762.96	0.1157
3761.04	0.1126
3759.11	0.1089
3757.18	0.1089
3755.25	0.1058
3753.32	0.0945
3751.39	0.0837
3749.46	0.0833
3747.53	0.0861
3745.61	0.0835
3743.68	0.0862
3741.75	0.0984
3739.82	0.1040
3737.89	0.0963
3735.96	0.0869
3734.03	0.0865
3732.10	0.0953
3730.18	0.1057
3728.25	0.1098
3726.32	0.1084
3724.39	0.1078
3722.46	0.1105
3720.53	0.1155
3718.60	0.1216
3716.67	0.1241
3714.75	0.1180
3712.82	0.1065
3710.89	0.1022
3708.96	0.1098
3707.03	0.1207
3705.10	0.1249
3703.17	0.1222
3701.24	0.1216
3699.32	0.1265
3697.39	0.1310
3695.46	0.1308
3693.53	0.1243
3691.60	0.1128
3689.67	0.1055
3687.74	0.1116
3685.81	0.1261
3683.89	0.1361
3681.96	0.1365
3680.03	0.1292
3678.10	0.1151
3676.17	0.1027
3674.24	0.1033
3672.31	0.1088
3670.38	0.1111
3668.46	0.1203
3666.53	0.1360
3664.60	0.1461
3662.67	0.1490
3660.74	0.1476
3658.81	0.1413
3656.88	0.1341
3654.95	0.1319
3653.03	0.1262
3651.10	0.1111
3649.17	0.1020
3647.24	0.1112
3645.31	0.1299
3643.38	0.1434
3641.45	0.1481
3639.52	0.1488
3637.60	0.1478
3635.67	0.1446
3633.74	0.1387
3631.81	0.1269
3629.88	0.1133
3627.95	0.1140
3626.02	0.1295
3624.09	0.1407
3622.17	0.1380
3620.24	0.1293
3618.31	0.1271
3616.38	0.1314
3614.45	0.1336
3612.52	0.1330
3610.59	0.1320
3608.67	0.1325
3606.74	0.1384
3604.81	0.1460
3602.88	0.1482
3600.95	0.1462
3599.02	0.1448
3597.09	0.1435
3595.16	0.1427
3593.24	0.1446
3591.31	0.1443
3589.38	0.1374
3587.45	0.1331
3585.52	0.1401
3583.59	0.1508
3581.66	0.1563
3579.73	0.1574
3577.81	0.1577
3575.88	0.1583
3573.95	0.1588
3572.02	0.1568
3570.09	0.1481
3568.16	0.1370
3566.23	0.1354
3564.30	0.1442
3562.38	0.1528
3560.45	0.1570
3558.52	0.1593
3556.59	0.1602
3554.66	0.1585
3552.73	0.1565
3550.80	0.1561
3548.87	0.1548
3546.95	0.1519
3545.02	0.1521
3543.09	0.1562
3541.16	0.1602
3539.23	0.1611
3537.30	0.1602
3535.37	0.1600
3533.44	0.1603
3531.52	0.1588
3529.59	0.1559
3527.66	0.1538
3525.73	0.1533
3523.80	0.1540
3521.87	0.1560
3519.94	0.1583
3518.01	0.1595
3516.09	0.1600
3514.16	0.1595
3512.23	0.1578
3510.30	0.1560
3508.37	0.1556
3506.44	0.1555
3504.51	0.1538
3502.58	0.1531
3500.66	0.1547
3498.73	0.1562
3496.80	0.1563
3494.87	0.1563
3492.94	0.1566
3491.01	0.1562
3489.08	0.1552
3487.15	0.1546
3485.23	0.1542
3483.30	0.1531
3481.37	0.1527
3479.44	0.1535
3477.51	0.1543
3475.58	0.1541
3473.65	0.1539
3471.72	0.1541
3469.80	0.1541
3467.87	0.1537
3465.94	0.1532
3464.01	0.1526
3462.08	0.1522
3460.15	0.1524
3458.22	0.1527
3456.29	0.1527
3454.37	0.1527
3452.44	0.1525
3450.51	0.1514
3448.58	0.1495
3446.65	0.1484
3444.72	0.1490
3442.79	0.1498
3440.87	0.1505
3438.94	0.1512
3437.01	0.1516
3435.08	0.1517
3433.15	0.1515
3431.22	0.1514
3429.29	0.1514
3427.36	0.1515
3425.44	0.1513
3423.51	0.1505
3421.58	0.1497
3419.65	0.1499
3417.72	0.1508
3415.79	0.1515
3413.86	0.1517
3411.93	0.1518
3410.01	0.1518
3408.08	0.1517
3406.15	0.1515
3404.22	0.1514
3402.29	0.1514
3400.36	0.1514
3398.43	0.1510
3396.50	0.1507
3394.58	0.1506
3392.65	0.1507
3390.72	0.1511
3388.79	0.1514
3386.86	0.1512
3384.93	0.1510
3383.00	0.1512
3381.07	0.1515
3379.15	0.1517
3377.22	0.1518
3375.29	0.1519
3373.36	0.1519
3371.43	0.1520
3369.50	0.1519
3367.57	0.1516
3365.64	0.1513
3363.72	0.1513
3361.79	0.1515
3359.86	0.1518
3357.93	0.1519
3356.00	0.1520
3354.07	0.1523
3352.14	0.1527
3350.21	0.1529
3348.29	0.1530
3346.36	0.1531
3344.43	0.1532
3342.50	0.1534
3340.57	0.1534
3338.64	0.1533
3336.71	0.1532
3334.78	0.1534
3332.86	0.1538
3330.93	0.1541
3329.00	0.1542
3327.07	0.1544
3325.14	0.1546
3323.21	0.1549
3321.28	0.1552
3319.35	0.1554
3317.43	0.1556
3315.50	0.1557
3313.57	0.1557
3311.64	0.1558
3309.71	0.1561
3307.78	0.1566
3305.85	0.1573
3303.92	0.1577
3302.00	0.1578
3300.07	0.1580
3298.14	0.1582
3296.21	0.1585
3294.28	0.1588
3292.35	0.1590
3290.42	0.1593
3288.49	0.1598
3286.57	0.1602
3284.64	0.1606
3282.71	0.1609
3280.78	0.1612
3278.85	0.1615
3276.92	0.1616
3274.99	0.1618
3273.06	0.1624
3271.14	0.1633
3269.21	0.1640
3267.28	0.1644
3265.35	0.1648
3263.42	0.1652
3261.49	0.1656
3259.56	0.1660
3257.64	0.1664
3255.71	0.1667
3253.78	0.1672
3251.85	0.1680
3249.92	0.1687
3247.99	0.1691
3246.06	0.1692
3244.13	0.1696
3242.21	0.1704
3240.28	0.1712
3238.35	0.1717
3236.42	0.1723
3234.49	0.1729
3232.56	0.1734
3230.63	0.1739
3228.70	0.1744
3226.78	0.1752
3224.85	0.1759
3222.92	0.1764
3220.99	0.1768
3219.06	0.1773
3217.13	0.1780
3215.20	0.1785
3213.27	0.1791
3211.35	0.1799
3209.42	0.1806
3207.49	0.1816
3205.56	0.1825
3203.63	0.1833
3201.70	0.1838
3199.77	0.1842
3197.84	0.1846
3195.92	0.1855
3193.99	0.1866
3192.06	0.1876
3190.13	0.1883
3188.20	0.1889
3186.27	0.1895
3184.34	0.1901
3182.41	0.1910
3180.49	0.1915
3178.56	0.1920
3176.63	0.1928
3174.70	0.1940
3172.77	0.1949
3170.84	0.1956
3168.91	0.1964
3166.98	0.1971
3165.06	0.1979
3163.13	0.1987
3161.20	0.1994
3159.27	0.2002
3157.34	0.2009
3155.41	0.2017
3153.48	0.2024
3151.55	0.2031
3149.63	0.2038
3147.70	0.2045
3145.77	0.2052
3143.84	0.2059
3141.91	0.2066
3139.98	0.2074
3138.05	0.2081
3136.12	0.2085
3134.20	0.2088
3132.27	0.2094
3130.34	0.2103
3128.41	0.2110
3126.48	0.2114
3124.55	0.2117
3122.62	0.2121
3120.69	0.2128
3118.77	0.2134
3116.84	0.2139
3114.91	0.2147
3112.98	0.2156
3111.05	0.2164
3109.12	0.2171
3107.19	0.2177
3105.26	0.2182
3103.34	0.2183
3101.41	0.2185
3099.48	0.2191
3097.55	0.2197
3095.62	0.2202
3093.69	0.2211
3091.76	0.2221
3089.84	0.2227
3087.91	0.2230
3085.98	0.2234
3084.05	0.2236
3082.12	0.2237
3080.19	0.2239
3078.26	0.2244
3076.33	0.2252
3074.41	0.2259
3072.48	0.2263
3070.55	0.2265
3068.62	0.2263
3066.69	0.2261
3064.76	0.2263
3062.83	0.2270
3060.90	0.2277
3058.98	0.2278
3057.05	0.2278
3055.12	0.2282
3053.19	0.2288
3051.26	0.2291
3049.33	0.2291
3047.40	0.2293
3045.47	0.2298
3043.55	0.2301
3041.62	0.2303
3039.69	0.2303
3037.76	0.2303
3035.83	0.2299
3033.90	0.2295
3031.97	0.2292
3030.04	0.2296
3028.12	0.2302
3026.19	0.2305
3024.26	0.2306
3022.33	0.2307
3020.40	0.2306
3018.47	0.2303
3016.54	0.2299
3014.61	0.2296
3012.69	0.2295
3010.76	0.2297
3008.83	0.2300
3006.90	0.2301
3004.97	0.2300
3003.04	0.2299
3001.11	0.2300
2999.18	0.2299
2997.26	0.2296
2995.33	0.2292
2993.40	0.2289
2991.47	0.2287
2989.54	0.2284
2987.61	0.2281
2985.68	0.2278
2983.75	0.2274
2981.83	0.2269
2979.90	0.2262
2977.97	0.2255
2976.04	0.2248
2974.11	0.2239
2972.18	0.2229
2970.25	0.2217
2968.32	0.2205
2966.40	0.2193
2964.47	0.2183
2962.54	0.2177
2960.61	0.2173
2958.68	0.2172
2956.75	0.2173
2954.82	0.2177
2952.89	0.2181
2950.97	0.2184
2949.04	0.2185
2947.11	0.2184
2945.18	0.2181
2943.25	0.2176
2941.32	0.2169
2939.39	0.2159
2937.46	0.2149
2935.54	0.2139
2933.61	0.2129
2931.68	0.2120
2929.75	0.2112
2927.82	0.2105
2925.89	0.2100
2923.96	0.2098
2922.04	0.2099
2920.11	0.2102
2918.18	0.2107
2916.25	0.2115
2914.32	0.2123
2912.39	0.2131
2910.46	0.2138
2908.53	0.2143
2906.61	0.2146
2904.68	0.2149
2902.75	0.2152
2900.82	0.2154
2898.89	0.2156
2896.96	0.2158
2895.03	0.2159
2893.10	0.2161
2891.18	0.2163
2889.25	0.2164
2887.32	0.2164
2885.39	0.2165
2883.46	0.2164
2881.53	0.2163
2879.60	0.2161
2877.67	0.2158
2875.75	0.2156
2873.82	0.2154
2871.89	0.2153
2869.96	0.2152
2868.03	0.2152
2866.10	0.2150
2864.17	0.2147
2862.24	0.2144
2860.32	0.2140
2858.39	0.2136
2856.46	0.2132
2854.53	0.2131
2852.60	0.2132
2850.67	0.2136
2848.74	0.2144
2846.81	0.2154
2844.89	0.2165
2842.96	0.2174
2841.03	0.2182
2839.10	0.2188
2837.17	0.2193
2835.24	0.2197
2833.31	0.2200
2831.38	0.2203
2829.46	0.2206
2827.53	0.2209
2825.60	0.2212
2823.67	0.2215
2821.74	0.2218
2819.81	0.2221
2817.88	0.2224
2815.95	0.2226
2814.03	0.2230
2812.10	0.2233
2810.17	0.2236
2808.24	0.2239
2806.31	0.2243
2804.38	0.2246
2802.45	0.2250
2800.52	0.2253
2798.60	0.2257
2796.67	0.2261
2794.74	0.2265
2792.81	0.2270
2790.88	0.2274
2788.95	0.2278
2787.02	0.2283
2785.09	0.2287
2783.17	0.2292
2781.24	0.2297
2779.31	0.2301
2777.38	0.2306
2775.45	0.2311
2773.52	0.2316
2771.59	0.2322
2769.66	0.2327
2767.74	0.2332
2765.81	0.2338
2763.88	0.2343
2761.95	0.2349
2760.02	0.2355
2758.09	0.2361
2756.16	0.2367
2754.24	0.2373
2752.31	0.2379
2750.38	0.2385
2748.45	0.2391
2746.52	0.2398
2744.59	0.2404
2742.66	0.2411
2740.73	0.2418
2738.81	0.2424
2736.88	0.2431
2734.95	0.2438
2733.02	0.2445
2731.09	0.2453
2729.16	0.2460
2727.23	0.2467
2725.30	0.2475
2723.38	0.2482
2721.45	0.2490
2719.52	0.2498
2717.59	0.2506
2715.66	0.2514
2713.73	0.2522
2711.80	0.2530
2709.87	0.2538
2707.95	0.2547
2706.02	0.2555
2704.09	0.2563
2702.16	0.2572
2700.23	0.2581
2698.30	0.2589
2696.37	0.2598
2694.44	0.2606
2692.52	0.2615
2690.59	0.2624
2688.66	0.2633
2686.73	0.2642
2684.80	0.2651
2682.87	0.2660
2680.94	0.2669
2679.01	0.2678
2677.09	0.2687
2675.16	0.2696
2673.23	0.2705
2671.30	0.2714
2669.37	0.2723
2667.44	0.2732
2665.51	0.2741
2663.58	0.2750
2661.66	0.2759
2659.73	0.2768
2657.80	0.2778
2655.87	0.2787
2653.94	0.2796
2652.01	0.2805
2650.08	0.2814
2648.15	0.2823
2646.23	0.2832
2644.30	0.2841
2642.37	0.2850
2640.44	0.2858
2638.51	0.2867
2636.58	0.2876
2634.65	0.2884
2632.72	0.2893
2630.80	0.2901
2628.87	0.2910
2626.94	0.2918
2625.01	0.2926
2623.08	0.2934
2621.15	0.2942
2619.22	0.2950
2617.29	0.2958
2615.37	0.2966
2613.44	0.2974
2611.51	0.2981
2609.58	0.2988
2607.65	0.2996
2605.72	0.3003
2603.79	0.3010
2601.86	0.3016
2599.94	0.3023
2598.01	0.3030
2596.08	0.3036
2594.15	0.3042
2592.22	0.3048
2590.29	0.3054
2588.36	0.3060
2586.43	0.3066
2584.51	0.3071
2582.58	0.3076
2580.65	0.3081
2578.72	0.3086
2576.79	0.3091
2574.86	0.3096
2572.93	0.3100
2571.01	0.3104
2569.08	0.3108
2567.15	0.3112
2565.22	0.3116
2563.29	0.3119
2561.36	0.3122
2559.43	0.3126
2557.50	0.3128
2555.58	0.3131
2553.65	0.3134
2551.72	0.3136
2549.79	0.3138
2547.86	0.3140
2545.93	0.3142
2544.00	0.3143
2542.07	0.3144
2540.15	0.3145
2538.22	0.3146
2536.29	0.3147
2534.36	0.3148
2532.43	0.3148
2530.50	0.3148
2528.57	0.3148
2526.64	0.3148
2524.72	0.3148
2522.79	0.3147
2520.86	0.3147
2518.93	0.3146
2517.00	0.3145
2515.07	0.3144
2513.14	0.3142
2511.21	0.3141
2509.29	0.3139
2507.36	0.3137
2505.43	0.3136
2503.50	0.3133
2501.57	0.3131
2499.64	0.3129
2497.71	0.3126
2495.78	0.3124
2493.86	0.3121
2491.93	0.3118
2490.00	0.3115
2488.07	0.3112
2486.14	0.3109
2484.21	0.3106
2482.28	0.3103
2480.35	0.3099
2478.43	0.3096
2476.50	0.3092
2474.57	0.3088
2472.64	0.3085
2470.71	0.3081
2468.78	0.3077
2466.85	0.3073
2464.92	0.3069
2463.00	0.3065
2461.07	0.3061
2459.14	0.3057
2457.21	0.3053
2455.28	0.3048
2453.35	0.3044
2451.42	0.3040
2449.49	0.3036
2447.57	0.3031
2445.64	0.3027
2443.71	0.3023
2441.78	0.3018
2439.85	0.3014
2437.92	0.3010
2435.99	0.3005
2434.06	0.3001
2432.14	0.2996
2430.21	0.2992
2428.28	0.2988
2426.35	0.2983
2424.42	0.2979
2422.49	0.2975
2420.56	0.2971
2418.63	0.2967
2416.71	0.2963
2414.78	0.2959
2412.85	0.2955
2410.92	0.2951
2408.99	0.2947
2407.06	0.2943
2405.13	0.2940
2403.21	0.2936
2401.28	0.2932
2399.35	0.2929
2397.42	0.2925
2395.49	0.2921
2393.56	0.2917
2391.63	0.2909
2389.70	0.2891
2387.78	0.2852
2385.85	0.2771
2383.92	0.2629
2381.99	0.2423
2380.06	0.2166
2378.13	0.1888
2376.20	0.1618
2374.27	0.1371
2372.35	0.1155
2370.42	0.0974
2368.49	0.0828
2366.56	0.0717
2364.63	0.0639
2362.70	0.0592
2360.77	0.0573
2358.84	0.0586
2356.92	0.0639
2354.99	0.0744
2353.06	0.0919
2351.13	0.1147
2349.20	0.1294
2347.27	0.1229
2345.34	0.1045
2343.41	0.0916
2341.49	0.0876
2339.56	0.0879
2337.63	0.0898
2335.70	0.0921
2333.77	0.0939
2331.84	0.0954
2329.91	0.0988
2327.98	0.1047
2326.06	0.1110
2324.13	0.1169
2322.20	0.1239
2320.27	0.1342
2318.34	0.1473
2316.41	0.1600
2314.48	0.1701
2312.55	0.1789
2310.63	0.1887
2308.70	0.2000
2306.77	0.2116
2304.84	0.2224
2302.91	0.2317
2300.98	0.2394
2299.05	0.2461
2297.12	0.2523
2295.20	0.2579
2293.27	0.2633
2291.34	0.2685
2289.41	0.2734
2287.48	0.2781
2285.55	0.2823
2283.62	0.2850
2281.69	0.2859
2279.77	0.2854
2277.84	0.2848
2275.91	0.2844
2273.98	0.2843
2272.05	0.2846
2270.12	0.2851
2268.19	0.2858
2266.26	0.2867
2264.34	0.2878
2262.41	0.2891
2260.48	0.2904
2258.55	0.2918
2256.62	0.2932
2254.69	0.2946
2252.76	0.2959
2250.83	0.2972
2248.91	0.2984
2246.98	0.2996
2245.05	0.3007
2243.12	0.3017
2241.19	0.3027
2239.26	0.3037
2237.33	0.3046
2235.41	0.3056
2233.48	0.3065
2231.55	0.3074
2229.62	0.3084
2227.69	0.3093
2225.76	0.3102
2223.83	0.3111
2221.90	0.3120
2219.98	0.3128
2218.05	0.3136
2216.12	0.3144
2214.19	0.3153
2212.26	0.3162
2210.33	0.3170
2208.40	0.3179
2206.47	0.3188
2204.55	0.3198
2202.62	0.3207
2200.69	0.3216
2198.76	0.3226
2196.83	0.3235
2194.90	0.3245
2192.97	0.3255
2191.04	0.3264
2189.12	0.3274
2187.19	0.3284
2185.26	0.3294
2183.33	0.3304
2181.40	0.3314
2179.47	0.3324
2177.54	0.3334
2175.61	0.3344
2173.69	0.3354
2171.76	0.3363
2169.83	0.3373
2167.90	0.3384
2165.97	0.3394
2164.04	0.3404
2162.11	0.3414
2160.18	0.3425
2158.26	0.3436
2156.33	0.3446
2154.40	0.3457
2152.47	0.3467
2150.54	0.3477
2148.61	0.3487
2146.68	0.3497
2144.75	0.3507
2142.83	0.3517
2140.90	0.3526
2138.97	0.3534
2137.04	0.3542
2135.11	0.3552
2133.18	0.3563
2131.25	0.3573
2129.32	0.3582
2127.40	0.3591
2125.47	0.3600
2123.54	0.3608
2121.61	0.3617
2119.68	0.3626
2117.75	0.3633
2115.82	0.3639
2113.89	0.3648
2111.97	0.3658
2110.04	0.3667
2108.11	0.3675
2106.18	0.3683
2104.25	0.3691
2102.32	0.3698
2100.39	0.3706
2098.46	0.3713
2096.54	0.3720
2094.61	0.3726
2092.68	0.3729
2090.75	0.3730
2088.82	0.3737
2086.89	0.3747
2084.96	0.3757
2083.03	0.3763
2081.11	0.3768
2079.18	0.3771
2077.25	0.3775
2075.32	0.3780
2073.39	0.3786
2071.46	0.3791
2069.53	0.3793
2067.60	0.3786
2065.68	0.3777
2063.75	0.3782
2061.82	0.3796
2059.89	0.3805
2057.96	0.3810
2056.03	0.3813
2054.10	0.3815
2052.18	0.3816
2050.25	0.3817
2048.32	0.3817
2046.39	0.3815
2044.46	0.3807
2042.53	0.3798
2040.60	0.3798
2038.67	0.3807
2036.75	0.3814
2034.82	0.3815
2032.89	0.3814
2030.96	0.3812
2029.03	0.3809
2027.10	0.3805
2025.17	0.3801
2023.24	0.3796
2021.32	0.3785
2019.39	0.3758
2017.46	0.3736
2015.53	0.3744
2013.60	0.3767
2011.67	0.3775
2009.74	0.3769
2007.81	0.3763
2005.89	0.3759
2003.96	0.3756
2002.03	0.3749
2000.10	0.3740
1998.17	0.3732
1996.24	0.3714
1994.31	0.3665
1992.38	0.3613
1990.46	0.3612
1988.53	0.3644
1986.60	0.3668
1984.67	0.3677
1982.74	0.3675
1980.81	0.3666
1978.88	0.3657
1976.95	0.3647
1975.03	0.3638
1973.10	0.3629
1971.17	0.3608
1969.24	0.3562
1967.31	0.3524
1965.38	0.3532
1963.45	0.3558
1961.52	0.3563
1959.60	0.3555
1957.67	0.3543
1955.74	0.3529
1953.81	0.3521
1951.88	0.3516
1949.95	0.3504
1948.02	0.3477
1946.09	0.3422
1944.17	0.3343
1942.24	0.3312
1940.31	0.3364
1938.38	0.3422
1936.45	0.3432
1934.52	0.3420
1932.59	0.3408
1930.66	0.3400
1928.74	0.3390
1926.81	0.3359
1924.88	0.3292
1922.95	0.3231
1921.02	0.3193
1919.09	0.3148
1917.16	0.3150
1915.23	0.3227
1913.31	0.3269
1911.38	0.3238
1909.45	0.3202
1907.52	0.3207
1905.59	0.3230
1903.66	0.3238
1901.73	0.3233
1899.80	0.3221
1897.88	0.3189
1895.95	0.3149
1894.02	0.3126
1892.09	0.3088
1890.16	0.3032
1888.23	0.3037
1886.30	0.3091
1884.38	0.3119
1882.45	0.3121
1880.52	0.3116
1878.59	0.3107
1876.66	0.3098
1874.73	0.3081
1872.80	0.3007
1870.87	0.2843
1868.95	0.2716
1867.02	0.2766
1865.09	0.2910
1863.16	0.2990
1861.23	0.2998
1859.30	0.2990
1857.37	0.2987
1855.44	0.2987
1853.52	0.2980
1851.59	0.2957
1849.66	0.2900
1847.73	0.2779
1845.80	0.2605
1843.87	0.2543
1841.94	0.2680
1840.01	0.2827
1838.09	0.2858
1836.16	0.2851
1834.23	0.2824
1832.30	0.2708
1830.37	0.2570
1828.44	0.2548
1826.51	0.2586
1824.58	0.2632
1822.66	0.2723
1820.73	0.2796
1818.80	0.2803
1816.87	0.2793
1814.94	0.2776
1813.01	0.2720
1811.08	0.2661
1809.15	0.2667
1807.23	0.2711
1805.30	0.2707
1803.37	0.2624
1801.44	0.2528
1799.51	0.2514
1797.58	0.2553
1795.65	0.2505
1793.72	0.2352
1791.80	0.2299
1789.87	0.2447
1787.94	0.2592
1786.01	0.2599
1784.08	0.2563
1782.15	0.2541
1780.22	0.2537
1778.29	0.2551
1776.37	0.2487
1774.44	0.2284
1772.51	0.2111
1770.58	0.2143
1768.65	0.2300
1766.72	0.2448
1764.79	0.2493
1762.86	0.2416
1760.94	0.2375
1759.01	0.2403
1757.08	0.2419
1755.15	0.2421
1753.22	0.2326
1751.29	0.2150
1749.36	0.2092
1747.43	0.2183
1745.51	0.2278
1743.58	0.2291
1741.65	0.2236
1739.72	0.2204
1737.79	0.2172
1735.86	0.1990
1733.93	0.1838
1732.00	0.1978
1730.08	0.2238
1728.15	0.2412
1726.22	0.2485
1724.29	0.2477
1722.36	0.2399
1720.43	0.2171
1718.50	0.1864
1716.58	0.1772
1714.65	0.1963
1712.72	0.2215
1710.79	0.2341
1708.86	0.2293
1706.93	0.2149
1705.00	0.2033
1703.07	0.1873
1701.15	0.1631
1699.22	0.1540
1697.29	0.1627
1695.36	0.1805
1693.43	0.2074
1691.50	0.2239
1689.57	0.2201
1687.64	0.2011
1685.72	0.1708
1683.79	0.1587
1681.86	0.1807
1679.93	0.2063
1678.00	0.2085
1676.07	0.1957
1674.14	0.1898
1672.21	0.1877
1670.29	0.1817
1668.36	0.1878
1666.43	0.2030
1664.50	0.2038
1662.57	0.1980
1660.64	0.2028
1658.71	0.2060
1656.78	0.1848
1654.86	0.1428
1652.93	0.1215
1651.00	0.1374
1649.07	0.1501
1647.14	0.1459
1645.21	0.1541
1643.28	0.1737
1641.35	0.1814
1639.43	0.1698
1637.50	0.1461
1635.57	0.1336
1633.64	0.1467
1631.71	0.1642
1629.78	0.1651
1627.85	0.1575
1625.92	0.1499
1624.00	0.1437
1622.07	0.1440
1620.14	0.1442
1618.21	0.1338
1616.28	0.1274
1614.35	0.1363
1612.42	0.1451
1610.49	0.1444
1608.57	0.1410
1606.64	0.1392
1604.71	0.1375
1602.78	0.1351
1600.85	0.1329
1598.92	0.1306
1596.99	0.1270
1595.06	0.1231
1593.14	0.1203
1591.21	0.1180
1589.28	0.1156
1587.35	0.1130
1585.42	0.1101
1583.49	0.1068
1581.56	0.1027
1579.63	0.0946
1577.71	0.0821
1575.78	0.0754
1573.85	0.0782
1571.92	0.0780
1569.99	0.0724
1568.06	0.0708
1566.13	0.0723
1564.20	0.0701
1562.28	0.0603
1560.35	0.0452
1558.42	0.0389
1556.49	0.0459
1554.56	0.0551
1552.63	0.0603
1550.70	0.0623
1548.78	0.0625
1546.85	0.0596
1544.92	0.0524
1542.99	0.0435
1541.06	0.0372
1539.13	0.0392
1537.20	0.0473
1535.27	0.0507
1533.35	0.0498
1531.42	0.0507
1529.49	0.0507
1527.56	0.0467
1525.63	0.0419
1523.70	0.0369
1521.77	0.0326
1519.84	0.0314
1517.92	0.0318
1515.99	0.0321
1514.06	0.0323
1512.13	0.0308
1510.20	0.0262
1508.27	0.0205
1506.34	0.0183
1504.41	0.0213
1502.49	0.0244
1500.56	0.0236
1498.63	0.0208
1496.70	0.0192
1494.77	0.0193
1492.84	0.0190
1490.91	0.0171
1488.98	0.0159
1487.06	0.0166
1485.13	0.0178
1483.20	0.0182
1481.27	0.0179
1479.34	0.0170
1477.41	0.0154
1475.48	0.0133
1473.55	0.0116
1471.63	0.0114
1469.70	0.0121
1467.77	0.0119
1465.84	0.0106
1463.91	0.0096
1461.98	0.0089
1460.05	0.0074
1458.12	0.0054
1456.20	0.0045
1454.27	0.0046
1452.34	0.0045
1450.41	0.0038
1448.48	0.0031
1446.55	0.0025
1444.62	0.0021
1442.69	0.0017
1440.77	0.0013
1438.84	0.0010
1436.91	0.0007
1434.98	0.0006
1433.05	0.0006
1431.12	0.0006
1429.19	0.0006
1427.26	0.0007
1425.34	0.0007
1423.41	0.0007
1421.48	0.0007
1419.55	0.0007
1417.62	0.0008
1415.69	0.0008
1413.76	0.0008
1411.83	0.0008
1409.91	0.0007
1407.98	0.0007
1406.05	0.0007
1404.12	0.0007
1402.19	0.0007
1400.26	0.0007
1398.33	0.0007
1396.40	0.0007
1394.48	0.0007
1392.55	0.0008
1390.62	0.0008
1388.69	0.0008
1386.76	0.0008
1384.83	0.0008
1382.90	0.0009
1380.97	0.0009
1379.05	0.0009
1377.12	0.0009
1375.19	0.0009
1373.26	0.0009
1371.33	0.0009
1369.40	0.0009
1367.47	0.0009
1365.55	0.0009
1363.62	0.0009
1361.69	0.0009
1359.76	0.0009
1357.83	0.0009
1355.90	0.0009
1353.97	0.0009
1352.04	0.0009
1350.12	0.0009
1348.19	0.0009
1346.26	0.0009
1344.33	0.0009
1342.40	0.0009
1340.47	0.0009
1338.54	0.0009
1336.61	0.0010
1334.69	0.0009
1332.76	0.0009
1330.83	0.0009
1328.90	0.0009
1326.97	0.0009
1325.04	0.0009
1323.11	0.0009
1321.18	0.0009
1319.26	0.0009
1317.33	0.0009
1315.40	0.0009
1313.47	0.0009
1311.54	0.0009
1309.61	0.0009
1307.68	0.0009
1305.75	0.0009
1303.83	0.0009
1301.90	0.0009
1299.97	0.0009
1298.04	0.0009
1296.11	0.0009
1294.18	0.0009
1292.25	0.0009
1290.32	0.0009
1288.40	0.0009
1286.47	0.0009
1284.54	0.0009
1282.61	0.0009
1280.68	0.0009
1278.75	0.0009
1276.82	0.0009
1274.89	0.0009
1272.97	0.0009
1271.04	0.0009
1269.11	0.0009
1267.18	0.0009
1265.25	0.0009
1263.32	0.0009
1261.39	0.0009
1259.46	0.0009
1257.54	0.0009
1255.61	0.0009
1253.68	0.0009
1251.75	0.0009
1249.82	0.0009
1247.89	0.0009
1245.96	0.0009
1244.03	0.0009
1242.11	0.0009
1240.18	0.0009
1238.25	0.0009
1236.32	0.0009
1234.39	0.0009
1232.46	0.0009
1230.53	0.0009
1228.60	0.0009
1226.68	0.0009
1224.75	0.0009
1222.82	0.0009
1220.89	0.0009
1218.96	0.0009
1217.03	0.0009
1215.10	0.0009
1213.17	0.0009
1211.25	0.0009
1209.32	0.0009
1207.39	0.0009
1205.46	0.0009
1203.53	0.0009
1201.60	0.0009
1199.67	0.0009
1197.75	0.0009
1195.82	0.0009
1193.89	0.0009
1191.96	0.0009
1190.03	0.0009
1188.10	0.0009
1186.17	0.0009
1184.24	0.0009
1182.32	0.0009
1180.39	0.0009
1178.46	0.0009
1176.53	0.0009
1174.60	0.0009
1172.67	0.0009
1170.74	0.0009
1168.81	0.0009
1166.89	0.0009
1164.96	0.0009
1163.03	0.0009
1161.10	0.0009
1159.17	0.0009
1157.24	0.0009
1155.31	0.0009
1153.38	0.0009
1151.46	0.0009
1149.53	0.0009
1147.60	0.0009
1145.67	0.0009
1143.74	0.0009
1141.81	0.0009
1139.88	0.0009
1137.95	0.0009
1136.03	0.0009
1134.10	0.0009
1132.17	0.0009
1130.24	0.0009
1128.31	0.0009
1126.38	0.0009
1124.45	0.0009
1122.52	0.0009
1120.60	0.0009
1118.67	0.0009
1116.74	0.0009
1114.81	0.0009
1112.88	0.0009
1110.95	0.0009
1109.02	0.0009
1107.09	0.0009
1105.17	0.0009
1103.24	0.0009
1101.31	0.0009
1099.38	0.0009
1097.45	0.0009
1095.52	0.0009
1093.59	0.0009
1091.66	0.0009
1089.74	0.0009
1087.81	0.0009
1085.88	0.0009
1083.95	0.0009
1082.02	0.0009
1080.09	0.0009
1078.16	0.0009
1076.23	0.0009
1074.31	0.0009
1072.38	0.0009
1070.45	0.0009
1068.52	0.0009
1066.59	0.0009
1064.66	0.0009
1062.73	0.0009
1060.80	0.0009
1058.88	0.0009
1056.95	0.0009
1055.02	0.0009
1053.09	0.0009
1051.16	0.0009
1049.23	0.0009
1047.30	0.0009
1045.37	0.0009
1043.45	0.0009
1041.52	0.0009
1039.59	0.0009
1037.66	0.0009
1035.73	0.0009
1033.80	0.0009
1031.87	0.0009
1029.95	0.0009
1028.02	0.0009
1026.09	0.0009
1024.16	0.0009
1022.23	0.0009
1020.30	0.0009
1018.37	0.0009
1016.44	0.0009
1014.52	0.0009
1012.59	0.0009
1010.66	0.0009
1008.73	0.0009
1006.80	0.0009
1004.87	0.0009
1002.94	0.0009
1001.01	0.0009
999.09	0.0009
997.16	0.0009
995.23	0.0009
993.30	0.0009
991.37	0.0009
989.44	0.0009
987.51	0.0009
985.58	0.0009
983.66	0.0009
981.73	0.0009
979.80	0.0009
977.87	0.0009
975.94	0.0009
974.01	0.0009
972.08	0.0009
970.15	0.0008
968.23	0.0009
966.30	0.0009
964.37	0.0009
962.44	0.0009
960.51	0.0009
958.58	0.0009
956.65	0.0009
954.72	0.0009
952.80	0.0009
950.87	0.0009
948.94	0.0009
947.01	0.0009
945.08	0.0009
943.15	0.0009
941.22	0.0009
939.29	0.0009
937.37	0.0009
935.44	0.0009
933.51	0.0009
931.58	0.0009
929.65	0.0009
927.72	0.0009
925.79	0.0009
923.86	0.0009
921.94	0.0009
920.01	0.0009
918.08	0.0009
916.15	0.0009
914.22	0.0009
912.29	0.0009
910.36	0.0009
908.43	0.0009
906.51	0.0009
904.58	0.0009
902.65	0.0009
900.72	0.0009
898.79	0.0009
896.86	0.0009
894.93	0.0009
893.00	0.0009
891.08	0.0009
889.15	0.0009
887.22	0.0009
885.29	0.0009
883.36	0.0009
881.43	0.0009
879.50	0.0009
877.57	0.0009
875.65	0.0009
873.72	0.0009
871.79	0.0009
869.86	0.0009
867.93	0.0009
866.00	0.0009
864.07	0.0009
862.14	0.0009
860.22	0.0009
858.29	0.0009
856.36	0.0009
854.43	0.0009
852.50	0.0009
850.57	0.0009
848.64	0.0009
846.72	0.0009
844.79	0.0009
842.86	0.0009
840.93	0.0009
839.00	0.0009
837.07	0.0009
835.14	0.0009
833.21	0.0009
831.29	0.0009
829.36	0.0009
827.43	0.0009
825.50	0.0009
823.57	0.0009
821.64	0.0009
819.71	0.0009
817.78	0.0009
815.86	0.0009
813.93	0.0009
812.00	0.0009
810.07	0.0009
808.14	0.0009
806.21	0.0009
804.28	0.0009
802.35	0.0009
800.43	0.0009
798.50	0.0009
796.57	0.0009
794.64	0.0009
792.71	0.0009
790.78	0.0009
788.85	0.0009
786.92	0.0009
785.00	0.0009
783.07	0.0009
781.14	0.0009
779.21	0.0009
777.28	0.0009
775.35	0.0009
773.42	0.0009
771.49	0.0009
769.57	0.0009
767.64	0.0009
765.71	0.0009
763.78	0.0009
761.85	0.0009
759.92	0.0009
757.99	0.0009
756.06	0.0009
754.14	0.0009
752.21	0.0009
750.28	0.0009
748.35	0.0009
746.42	0.0009
744.49	0.0009
742.56	0.0009
740.63	0.0009
738.71	0.0009
736.78	0.0009
734.85	0.0009
732.92	0.0009
730.99	0.0009
729.06	0.0009
727.13	0.0009
725.20	0.0009
723.28	0.0009
721.35	0.0009
719.42	0.0009
717.49	0.0009
715.56	0.0009
713.63	0.0009
711.70	0.0009
709.77	0.0009
707.85	0.0009
705.92	0.0009
703.99	0.0009
702.06	0.0009
700.13	0.0009
698.20	0.0009
696.27	0.0009
694.34	0.0009
692.42	0.0009
690.49	0.0009
688.56	0.0009
686.63	0.0009
684.70	0.0009
682.77	0.0009
680.84	0.0009
678.92	0.0009
676.99	0.0009
675.06	0.0009
673.13	0.0009
671.20	0.0009
669.27	0.0009
667.34	0.0009
665.41	0.0009
663.49	0.0009
661.56	0.0009
659.63	0.0009
657.70	0.0009
655.77	0.0009
653.84	0.0009
651.91	0.0009
649.98	0.0009
648.06	0.0009
646.13	0.0009
644.20	0.0009
642.27	0.0009
640.34	0.0009
638.41	0.0009
636.48	0.0010
634.55	0.0010
632.63	0.0009
630.70	0.0009
628.77	0.0009
626.84	0.0009
624.91	0.0009
622.98	0.0009
621.05	0.0009
619.12	0.0009
617.20	0.0010
615.27	0.0010
613.34	0.0010
611.41	0.0009
609.48	0.0009
607.55	0.0009
605.62	0.0009
603.69	0.0009
601.77	0.0009
599.84	0.0009
597.91	0.0010
595.98	0.0010
594.05	0.0010
592.12	0.0010
590.19	0.0010
588.26	0.0010
586.34	0.0009
584.41	0.0009
582.48	0.0009
580.55	0.0009
578.62	0.0009
576.69	0.0009
574.76	0.0009
572.83	0.0009
570.91	0.0010
568.98	0.0010
567.05	0.0009
565.12	0.0009
563.19	0.0009
561.26	0.0009
559.33	0.0009
557.40	0.0009
555.48	0.0010
553.55	0.0010
551.62	0.0010
549.69	0.0009
547.76	0.0009
545.83	0.0009
543.90	0.0009
541.97	0.0009
540.05	0.0009
538.12	0.0010
536.19	0.0010
534.26	0.0010
532.33	0.0010
530.40	0.0009
528.47	0.0009
526.54	0.0010
524.62	0.0010
522.69	0.0010
520.76	0.0010
518.83	0.0010
516.90	0.0010
514.97	0.0010
513.04	0.0010
511.12	0.0009
509.19	0.0010
507.26	0.0010
505.33	0.0010
503.40	0.0010
501.47	0.0010
499.54	0.0010
497.61	0.0010
495.69	0.0010
493.76	0.0010
491.83	0.0010
489.90	0.0010
487.97	0.0010
486.04	0.0010
484.11	0.0010
482.18	0.0010
480.26	0.0010
478.33	0.0010
476.40	0.0010
474.47	0.0010
472.54	0.0010
470.61	0.0010
468.68	0.0010
466.75	0.0010
464.83	0.0010
462.90	0.0010
460.97	0.0010
459.04	0.0010
457.11	0.0010
455.18	0.0010
453.25	0.0010
451.32	0.0010
449.40	0.0010
447.47	0.0010
445.54	0.0010
443.61	0.0010
441.68	0.0010
439.75	0.0010
437.82	0.0010
435.89	0.0010
433.97	0.0010
432.04	0.0010
430.11	0.0010
428.18	0.0010
426.25	0.0010
424.32	0.0010
422.39	0.0010
420.46	0.0010
418.54	0.0010
416.61	0.0010
414.68	0.0010
412.75	0.0010
410.82	0.0010
408.89	0.0010
406.96	0.0010
405.03	0.0010
403.11	0.0010
401.18	0.0010
399.25	0.0010
