Column 1-2 and 5-6: raw data (x,y), Column 3-4 and 7-8 fitted line (x,y)
x = n/lambda [*1e-3 in 1/nm], y = l/2 [arb. units] where l=0,1,2...
x(lin)		y(lin)	x(lin)		y(lin)		x(spl)		y(spl)	x(spl)		y(spl) 
0.544863694805	0.0	0.0	-4.85127885357		0.548338079622	0.0	0.0	-4.85592850376
0.607028541576	0.5	0.544863694805	-0.0925864810704		0.605262418128	0.5	0.548338079622	-0.0649272973137
0.668778165128	1.0	0.607028541576	0.450344503303		0.669968924586	1.0	0.605262418128	0.432438442168
0.725661662099	1.5	0.668778165128	0.989649040198		0.725527958901	1.5	0.669968924586	0.997799415674
0.788978751256	2.0	0.725661662099	1.48645414162		0.786766866827	2.0	0.725527958901	1.48323606566
0.849288558198	2.5	0.788978751256	2.03944849983		0.850339311709	2.5	0.786766866827	2.01829954686
0.919007747374	3.0	0.849288558198	2.56617806728		0.918757810295	3.0	0.850339311709	2.57375186988
0.962089167548	3.5	0.919007747374	3.1750866382		0.963122696019	3.5	0.918757810295	3.17154567894
1.02929505202	4.0	0.962089167548	3.55134812806		1.03093690636	4.0	0.963122696019	3.55917555351
1.07280046138	4.5	1.02929505202	4.13830617441		1.06900136111	4.5	1.03093690636	4.15168950726
1.11968566042	5.0	1.07280046138	4.51827067131		1.12612916106	5.0	1.06900136111	4.48427054702
1.18919979994	5.5	1.11968566042	4.92775333856		1.18227455378	5.5	1.12612916106	4.98341399273
1.23293224746	6.0	1.18919979994	5.53487106115		1.23398596695	6.0	1.18227455378	5.47397383936
1.27542464162	6.5	1.23293224746	5.91681844804		1.27967928622	6.5	1.23398596695	5.92579262066
1.3605493559	7.0	1.27542464162	6.28793554381		1.34973586303	7.0	1.27967928622	6.32502943442
1.40672706573	7.5	1.3605493559	7.03139181081		1.41418619622	7.5	1.34973586303	6.93713564497
1.47682010919	8.0	1.40672706573	7.43469545837		1.4752163594	8.0	1.41418619622	7.5002583525
1.5295949818	8.5	1.47682010919	8.04686917164		1.53474767398	8.5	1.4752163594	8.03349796561
1.59308146396	9.0	1.5295949818	8.50779065742		1.58450958852	9.0	1.53474767398	8.55364166996
1.62680328143	9.5	1.59308146396	9.06226444836		1.63396829833	9.5	1.58450958852	8.98842707241
1.6941830866	10.0	1.62680328143	9.35678169576		1.68919853855	10.0	1.63396829833	9.42056328026
1.76434400105	10.5	1.6941830866	9.94525871851		1.76137489966	10.5	1.68919853855	9.90312715347
1.80781135013	11.0	1.76434400105	10.5580251987		1.81482839124	11.0	1.76137489966	10.5337545821
1.87970821116	11.5	1.80781135013	10.9376572874		1.87303735584	11.5	1.81482839124	11.0007944471
1.92851675076	12.0	1.87970821116	11.5655850561		1.93311985488	12.0	1.87303735584	11.5093843663
1.99197488825	12.5	1.92851675076	11.9918656605		1.99000714446	12.5	1.93311985488	12.0343439415
2.04416194659	13.0	1.99197488825	12.5460918968		2.04534572268	13.0	1.99000714446	12.531385973
2.10111556152	13.5	2.04416194659	13.0018795715		2.10059013412	13.5	2.04534572268	13.0148964292
2.16126986762	14.0	2.10111556152	13.4992970642		2.16103568395	14.0	2.10059013412	13.4975841207
2.21464059341	14.5	2.16126986762	14.0246685293		2.2135804674	14.5	2.16103568395	14.0257157842
2.27367535538	15.0	2.21464059341	14.4907940358		2.27397338231	15.0	2.2135804674	14.4848159822
2.33494761368	15.5	2.27367535538	15.0063877048		2.33523043185	15.5	2.27397338231	15.012487758
2.39771847991	16.0	2.33494761368	15.5415230625		2.39806303955	16.0	2.33523043185	15.5477097481
2.4500351177	16.5	2.39771847991	16.0897468571		2.45069270917	16.5	2.39806303955	16.0966978824
2.50885273003	17.0	2.4500351177	16.5466662438		2.5080822762	17.0	2.45069270917	16.5565397574
2.56340427614	17.5	2.50885273003	17.0603633864		2.56405276989	17.5	2.5080822762	17.0579703439
2.61952834797	18.0	2.56340427614	17.5368018588		2.62295154391	18.0	2.56405276989	17.547002043
2.67688249992	18.5	2.60050887864	17.8608634371		2.66694287352	18.5	2.62295154391	18.0616190428
2.72643047846	19.0	2.61952834797	18.026974346		2.7262181108	19.0	2.6394141128	18.2054576533
2.80455289334	19.5	2.67688249992	18.527890021		2.81037201668	19.5	2.66694287352	18.4459850409
2.82295476308	20.0	2.71683887001	18.8768581673		2.87838253862	20.0	2.69551608322	18.6956381057
2.9509203611	20.5	2.72643047846	18.9606286853		2.81039135623	20.5	2.7262181108	18.9638913178
2.60050887864	21.0	2.80455289334	19.6429287603		2.6394141128	21.0	2.81037201668	19.6991702991
2.71683887001	21.5	2.80455772185	19.6429709312		2.69551608322	21.5	2.81039135623	19.6993392748
4.77275912933	22.0	2.82295476308	19.8036457213		4.23414668055	22.0	2.82503785253	19.8273102913
2.80455772185	22.5	2.82417537043	19.8143061762		3.14412336922	22.5	2.84173556249	19.9732034027
3.01619626411	23.0	2.82877718604	19.8544971911		2.84173556249	23.0	2.84974383873	20.0431742156
3.01476470546	23.5	2.9509203611	20.9212626978		2.90376916008	23.5	2.87838253862	20.2933994887
2.82877718604	24.0	3.01476470546	21.4788619606		2.82503785253	24.0	2.90376916008	20.515210336
2.82417537043	24.5	3.01619626411	21.4913648073		2.84974383873	24.5	3.04476539699	21.7471385318
3.13665120782	25.0	3.13665120782	22.5433857573		3.04476539699	25.0	3.14412336922	22.6152601935
3.6281576984	25.5	3.4719425342	25.4717296581		3.58559841016	25.5	3.54954741892	26.157576847
3.4719425342	26.0	3.60004887219	26.5905758195		3.55255835858	26.0	3.55255835858	26.1838843681
3.60004887219	26.5	3.6281576984	26.836070717		3.54954741892	26.5	3.58559841016	26.4725656267
3.63020106212	27.0	3.63020106212	26.8539169039		3.63151820108	27.0	3.63151820108	26.873781194
3.69935760924	27.5	3.69935760924	27.4579115111		3.70460455798	27.5	3.70460455798	27.5123595403
3.75068592287	28.0	3.75068592287	27.9061991413		3.75248535914	28.0	3.75248535914	27.930709067
3.79962641085	28.5	3.79962641085	28.3336321472		3.79945198261	28.5	3.79945198261	28.3410711375
3.86452964178	29.0	3.86452964178	28.9004794394		3.86246768865	29.0	3.86246768865	28.8916590593
3.91545900897	29.5	3.91545900897	29.3452827792		3.91649203152	29.5	3.91649203152	29.3636866304
3.95933408327	30.0	3.95933408327	29.7284758298		3.96075571058	30.0	3.96075571058	29.7504322307
4.01792403838	30.5	4.01792403838	30.2401846758		4.01626293172	30.5	4.01626293172	30.2354161728
4.0743751993	31.0	4.0743751993	30.7332138709		4.07345194092	31.0	4.07345194092	30.7350944229
4.12740467789	31.5	4.12740467789	31.1963590165		4.12772147454	31.5	4.12772147454	31.2092643022
4.17751525359	32.0	4.17751525359	31.6340112526		4.17835788271	32.0	4.17835788271	31.6516904288
4.23953912319	32.5	4.23953912319	32.1757109804		4.23785584347	32.5	4.23414668055	32.1391345945
4.29020092033	33.0	4.29020092033	32.6181774356		4.29119570161	33.0	4.23785584347	32.1715427104
4.34314231732	33.5	4.34314231732	33.0805533004		4.34464884749	33.5	4.29119570161	32.6375897244
4.39522055911	34.0	4.39522055911	33.5353906007		4.39578357202	34.0	4.34464884749	33.1046265689
4.44358497463	34.5	4.44358497463	33.9577923452		4.44026328527	34.5	4.39578357202	33.5514066413
4.48708459779	35.0	4.48708459779	34.337706307		4.49052859347	35.0	4.44026328527	33.9400397999
4.54121518906	35.5	4.54121518906	34.8104682735		4.5403545513	35.5	4.49052859347	34.37922351
4.5855188284	36.0	4.5855188284	35.1974042955		4.58596319289	36.0	4.5403545513	34.8145684787
4.62340290702	36.5	4.62340290702	35.5282736078		4.62220788169	36.5	4.58596319289	35.213065437
4.66780212821	37.0	4.66780212821	35.9160444158		4.66540168465	37.0	4.62220788169	35.5297466127
4.73474581354	37.5	4.73474581354	36.5007124857		4.73386959237	37.5	4.66540168465	35.9071443712
4.80022048368	38.0	4.77275912933	36.8327105205		4.80362896867	38.0	4.73386959237	36.5053698833
4.85401675712	38.5	4.80022048368	37.0725505735		4.8535322557	38.5	4.80362896867	37.1148793601
4.88512053146	39.0	4.85401675712	37.5423926983		4.88670776637	39.0	4.8535322557	37.5508999781
4.94766721937	39.5	4.88512053146	37.8140446639		4.94499521669	39.5	4.88670776637	37.8407647852
4.99676533145	40.0	4.94766721937	38.3603105457		4.99802299834	40.0	4.94499521669	38.3500404586
5.05335011002	40.5	4.99676533145	38.7891201979		5.04944983617	40.5	4.99802299834	38.8133607629
5.09013364218	41.0	5.05335011002	39.2833163735		5.09623008496	41.0	5.04944983617	39.2626931205
5.15451984766	41.5	5.09013364218	39.6045738102		5.15355812747	41.5	5.09623008496	39.6714267772
5.1950923598	42.0	5.15451984766	40.1669055416		5.19941560315	42.0	5.15355812747	40.1723198047
5.22413668404	42.5	5.1950923598	40.5212549062		5.21969294839	42.5	5.19941560315	40.5729909044
5.23456045669	43.0	5.22413668404	40.7749201909		5.23952899879	43.0	5.21969294839	40.7501604082
5.29654702978	43.5	5.23456045669	40.8659586063		5.27831921212	43.5	5.23952899879	40.9234741811
5.33434775351	44.0	5.29654702978	41.4073325964		5.34424469043	44.0	5.27831921212	41.2623964003
5.40798416039	44.5	5.33434775351	41.7374739096		5.40791366227	44.5	5.34424469043	41.838407912
5.44389899361	45.0	5.40798416039	42.3805944021		5.45585777938	45.0	5.40791366227	42.3947036212
5.46923425194	45.5	5.42276524519	42.5096884052		5.45848549129	45.5	5.4276844485	42.5674471606
5.42276524519	46.0	5.44389899361	42.6942648568		5.4276844485	46.0	5.439036258	42.6666314687
5.45466286507	46.5	5.45466286507	42.7882736035		5.439036258	46.5	5.45585777938	42.8136063592
5.50191499414	47.0	5.46923425194	42.9155361614		5.50980070914	47.0	5.45848549129	42.8365654995
5.5433320923	47.5	5.48337163313	43.039008231		5.52488634117	47.5	5.50980070914	43.2849225986
5.48337163313	48.0	5.50191499414	43.2009609385		5.52197874434	48.0	5.52197874434	43.3913258988
5.65161199219	48.5	5.5433320923	43.5626866893		5.55249488995	48.5	5.52488634117	43.4167304812
5.70554807171	49.0	5.65161199219	44.5083740945		5.76329167859	49.0	5.55249488995	43.657955002
			5.70554807171	44.9794372479					5.76329167859	45.4997524372
