Column 1: energy in eV
Column 2: alpha *1e3 in 1/cm, linear interpolation
Column 3: energy in eV
Column 4: alpha *1e3 in 1/cm, spline interpolation
Column 5: lambda in nm
Column 6: alpha *1e3 in 1/cm, linear interpolation
Column 7: lambda in nm
Column 8: alpha *1e3 in 1/cm, spline interpolation
0.247968374	0.324530697305	0.246000371032	0.269187099866	5000.0	0.324530697305	5040.0	0.269187099866
0.279243664414	0.122164052448	0.279243664414	0.096304898547	4440.0	0.122164052448	4440.0	0.096304898547
0.316286191327	0.0596462798369	0.315481391858	0.0349439589187	3920.0	0.0596462798369	3930.0	0.0349439589187
0.350237816384	0.0462931908238	0.351229991501	0.0417672119789	3540.0	0.0462931908238	3530.0	0.0417672119789
0.385044059006	0.0463838006928	0.385044059006	0.0475388948768	3220.0	0.0463838006928	3220.0	0.0475388948768
0.420285379661	0.0483028419762	0.420285379661	0.0485756044973	2950.0	0.0483028419762	2950.0	0.0485756044973
0.454154531136	0.046891366345	0.454154531136	0.0466966994276	2730.0	0.046891366345	2730.0	0.0466966994276
0.498328725884	0.0709430969407	0.498328725884	0.0697173878855	2488.0	0.0709430969407	2488.0	0.0697173878855
0.525356724576	0.0394838828924	0.525356724576	0.0395387562702	2360.0	0.0394838828924	2360.0	0.0395387562702
0.558990924256	0.0253803113968	0.558990924256	0.0232910685457	2218.0	0.0253803113968	2218.0	0.0232910685457
0.594648378897	0.020147691343	0.594648378897	0.0163401389663	2085.0	0.020147691343	2085.0	0.0163401389663
0.629042044647	0.0162210601801	0.62936135533	0.0151283114824	1971.0	0.0162210601801	1970.0	0.0151283114824
0.663726911135	0.0201682960647	0.663726911135	0.0181137174203	1868.0	0.0201682960647	1868.0	0.0181137174203
0.699685028217	0.0255985017449	0.699685028217	0.0247224395414	1772.0	0.0255985017449	1772.0	0.0247224395414
0.732767062648	0.0233470645287	0.732767062648	0.0228577705509	1692.0	0.0233470645287	1692.0	0.0228577705509
0.76722887995	0.0227998427234	0.76722887995	0.0216256273491	1616.0	0.0227998427234	1616.0	0.0216256273491
0.801967574386	0.0208477061707	0.801967574386	0.0196008575323	1546.0	0.0208477061707	1546.0	0.0196008575323
0.836036325017	0.0168571165986	0.836036325017	0.0156389444329	1483.0	0.0168571165986	1483.0	0.0156389444329
0.870675470506	0.0141841316293	0.870675470506	0.0126551504672	1424.0	0.0141841316293	1424.0	0.0126551504672
0.904994065693	0.0116065893482	0.904994065693	0.0098615832498	1370.0	0.0116065893482	1370.0	0.0098615832498
0.938563111279	0.00950449779056	0.938563111279	0.00792951203052	1321.0	0.00950449779056	1321.0	0.00792951203052
0.972424996078	0.00849893431984	0.972424996078	0.00706360841011	1275.0	0.00849893431984	1275.0	0.00706360841011
1.00718267262	0.00945631708399	1.00718267262	0.00814020097767	1231.0	0.00945631708399	1231.0	0.00814020097767
1.04100912678	0.00894830127797	1.04100912678	0.00754301107404	1191.0	0.00894830127797	1191.0	0.00754301107404
1.07531818734	0.00867516545752	1.07531818734	0.00725101870263	1153.0	0.00867516545752	1153.0	0.00725101870263
1.10898199463	0.00870067318067	1.10898199463	0.00736450241963	1118.0	0.00870067318067	1118.0	0.00736450241963
1.14271140092	0.00934968101574	1.14271140092	0.00785971247542	1085.0	0.00934968101574	1085.0	0.00785971247542
1.17632055977	0.00902634351045	1.17632055977	0.00737686876084	1054.0	0.00902634351045	1054.0	0.00737686876084
1.20960182439	0.00938107576745	1.20960182439	0.00805385796069	1025.0	0.00938107576745	1025.0	0.00805385796069
1.24357258776	0.011771391306	1.24357258776	0.0102712826865	997.0	0.011771391306	997.0	0.0102712826865
1.27687113285	0.0133355832391	1.27687113285	0.0119917761232	971.0	0.0133355832391	971.0	0.0119917761232
1.30923111932	0.01291757745	1.30923111932	0.0119716397566	947.0	0.01291757745	947.0	0.0119716397566
1.34327396533	0.0141399280727	1.34327396533	0.0127520697217	923.0	0.0141399280727	923.0	0.0127520697217
1.37607310766	0.013386487202	1.37607310766	0.0119640783977	901.0	0.013386487202	901.0	0.0119640783977
1.40891121591	0.013125495294	1.40891121591	0.0116225886936	880.0	0.013125495294	880.0	0.0116225886936
1.44167659302	0.0128161487503	1.44167659302	0.0114450952342	860.0	0.0128161487503	860.0	0.0114450952342
1.47424717004	0.0124856504673	1.47424717004	0.0114850738581	841.0	0.0124856504673	841.0	0.0114850738581
1.50832344282	0.014683792794	1.50832344282	0.0131935492996	822.0	0.014683792794	822.0	0.0131935492996
1.54017623602	0.0123302187206	1.54017623602	0.0108771372873	805.0	0.0123302187206	805.0	0.0108771372873
1.57340338832	0.0117541974791	1.57340338832	0.0102513414731	788.0	0.0117541974791	788.0	0.0102513414731
1.60601278497	0.0129820143287	1.60601278497	0.0111833806828	772.0	0.0129820143287	772.0	0.0111833806828
1.63783602378	0.0136415276144	1.63783602378	0.0120819666367	757.0	0.0136415276144	757.0	0.0120819666367
1.67094591644	0.0154765496952	1.67094591644	0.0141953232941	742.0	0.0154765496952	742.0	0.0141953232941
1.70307949176	0.0170994418197	1.70307949176	0.0159276484692	728.0	0.0170994418197	728.0	0.0159276484692
1.73404457343	0.0174626454765	1.73404457343	0.0160234758993	715.0	0.0174626454765	715.0	0.0160234758993
1.76615650997	0.0174195687698	1.76615650997	0.0159546912041	702.0	0.0174195687698	702.0	0.0159546912041
1.79948021771	0.018570273144	1.79948021771	0.0170996429055	689.0	0.018570273144	689.0	0.0170996429055
1.82867532448	0.0184306979644	1.82867532448	0.0166655575249	678.0	0.0184306979644	678.0	0.0166655575249
1.86162442943	0.0214773264837	1.86162442943	0.0200248656815	666.0	0.0214773264837	666.0	0.0200248656815
1.89288835115	0.0227588351024	1.89288835115	0.0216293545263	655.0	0.0227588351024	655.0	0.0216293545263
1.92223545736	0.0230909006813	1.92223545736	0.0217390738716	645.0	0.0230909006813	645.0	0.0217390738716
1.95250688189	0.0232619454857	1.95250688189	0.0215805223985	635.0	0.0232619454857	635.0	0.0215805223985
1.983746992	0.0242717190272	1.983746992	0.0227949357065	625.0	0.0242717190272	625.0	0.0227949357065
2.01600304065	0.0270140941364	2.01600304065	0.0258441116906	615.0	0.0270140941364	615.0	0.0258441116906
2.04594367987	0.0288388579207	2.04594367987	0.0272933208997	606.0	0.0288388579207	606.0	0.0272933208997
2.07678705193	0.0295272065347	2.07678705193	0.0280494048095	597.0	0.0295272065347	597.0	0.0280494048095
2.10499468591	0.0284654669535	2.10499468591	0.0269282927678	589.0	0.0284654669535	589.0	0.0269282927678
2.13765839655	0.0331684336217	2.13765839655	0.0312833977698	580.0	0.0331684336217	580.0	0.0312833977698
2.16755571678	0.0362415113702	2.16755571678	0.0348539356085	572.0	0.0362415113702	572.0	0.0348539356085
2.19441038938	0.0364165192603	2.19441038938	0.0353904653304	565.0	0.0364165192603	565.0	0.0353904653304
2.22592795332	0.0395878902576	2.22592795332	0.0381902639221	557.0	0.0395878902576	557.0	0.0381902639221
2.25425794545	0.0399012625738	2.25425794545	0.0381686993028	550.0	0.0399012625738	550.0	0.0381686993028
2.28331836096	0.0412248008326	2.28331836096	0.0396517729638	543.0	0.0412248008326	543.0	0.0396517729638
2.31313781716	0.0446892529823	2.31313781716	0.0433511964339	536.0	0.0446892529823	536.0	0.0433511964339
2.34374644612	0.0495154920744	2.34374644612	0.0476802575787	529.0	0.0495154920744	529.0	0.0476802575787
2.37063455067	0.050107571505	2.37063455067	0.0484469898911	523.0	0.050107571505	523.0	0.0484469898911
2.39814675048	0.0527098842387	2.39814675048	0.051365755837	517.0	0.0527098842387	517.0	0.051365755837
2.42630502935	0.0585472458727	2.42630502935	0.0568165319738	511.0	0.0585472458727	511.0	0.0568165319738
2.45513241584	0.0633844019197	2.45513241584	0.0619459775535	505.0	0.0633844019197	505.0	0.0619459775535
2.48465304609	0.0681459104283	2.48465304609	0.0664447385414	499.0	0.0681459104283	499.0	0.0664447385414
2.51489223124	0.0757505102963	2.51489223124	0.0737098887142	493.0	0.0757505102963	493.0	0.0737098887142
2.54065956967	0.0824474176597	2.54065956967	0.0806743765597	488.0	0.0824474176597	488.0	0.0806743765597
2.56696039337	0.0907956471587	2.56696039337	0.0891892988336	483.0	0.0907956471587	483.0	0.0891892988336
2.59381144351	0.0991850641447	2.59381144351	0.0978903030383	478.0	0.0991850641447	478.0	0.0978903030383
2.62123016913	0.108882116435	2.62123016913	0.107176827727	473.0	0.108882116435	473.0	0.107176827727
2.64923476496	0.11907278703	2.64923476496	0.118328858863	468.0	0.11907278703	468.0	0.118328858863
2.67784421166	0.132711590084	2.67784421166	0.129897401498	463.0	0.132711590084	463.0	0.129897401498
2.70118054466	0.141817249028	2.70118054466	0.137591521218	459.0	0.141817249028	459.0	0.137591521218
2.73092922907	0.161996357923	2.73092922907	0.1621607436	454.0	0.161996357923	454.0	0.1621607436
2.75520415556	0.189467950759	2.75520415556	0.187386489967	450.0	0.189467950759	450.0	0.187386489967
2.77991450673	0.211980005054	2.77991450673	0.209188350571	446.0	0.211980005054	446.0	0.209188350571
2.80507210407	0.226672783098	2.80507210407	0.226990731727	442.0	0.226672783098	442.0	0.226990731727
2.83068920091	0.255630059877	2.83068920091	0.25373143786	438.0	0.255630059877	438.0	0.25373143786
2.8567785023	0.288435609178	2.8567785023	0.286606410211	434.0	0.288435609178	434.0	0.286606410211
2.88335318605	0.313009329532	2.88335318605	0.311778319454	430.0	0.313009329532	430.0	0.311778319454
2.90361093677	0.328334059537	2.90361093677	0.326006899017	427.0	0.328334059537	427.0	0.326006899017
2.93106825059	0.369005014197	2.93106825059	0.364648391963	423.0	0.369005014197	423.0	0.364648391963
2.95200445238	0.407188190322	2.95200445238	0.402593387201	420.0	0.407188190322	420.0	0.402593387201
2.98038911058	0.472197845227	2.98038911058	0.470800074699	416.0	0.472197845227	416.0	0.470800074699
3.00203842615	0.527727380497	3.00203842615	0.526036642694	413.0	0.527727380497	413.0	0.526036642694
3.02400456098	0.587583412843	3.02400456098	0.5857530547	410.0	0.587583412843	410.0	0.5857530547
3.04629452088	0.651041700971	3.04629452088	0.649267502891	407.0	0.651041700971	407.0	0.649267502891
3.0689155198	0.725043478012	3.0689155198	0.721243336177	404.0	0.725043478012	404.0	0.721243336177
3.09187498753	0.812013380453	3.09187498753	0.808663421659	401.0	0.812013380453	401.0	0.808663421659
3.11518057789	0.919069694158	3.11518057789	0.914901498795	398.0	0.919069694158	398.0	0.914901498795
3.13884017722	1.04611811815	3.13884017722	1.04196791322	395.0	1.04611811815	395.0	1.04196791322
3.15481391858	1.13993904428	3.15481391858	1.13685668852	393.0	1.13993904428	393.0	1.13685668852
3.17908171795	1.32378170975	3.17908171795	1.31820764068	390.0	1.32378170975	390.0	1.31820764068
3.20372576227	1.54424366836	3.20372576227	1.54154086788	387.0	1.54424366836	387.0	1.54154086788
3.22036849351	1.71021099881	3.22036849351	1.70832214928	385.0	1.71021099881	385.0	1.70832214928
3.23718503916	1.89807822465	3.23718503916	1.89695947082	383.0	1.89807822465	383.0	1.89695947082
3.26274176316	2.2438766708	3.26274176316	2.2418261368	380.0	2.2438766708	380.0	2.2418261368
3.28000494709	2.50831574218	3.28000494709	2.50973681132	378.0	2.50831574218	378.0	2.50973681132
3.29745178191	2.80574577813	3.29745178191	2.81267275546	376.0	2.80574577813	376.0	2.81267275546
3.32397284182	3.3216838911	3.32397284182	3.33527518707	373.0	3.3216838911	373.0	3.33527518707
3.30624498667	2.94344053766	3.30624498667	2.9446878147	375.0	2.94344053766	375.0	2.9446878147
3.3150852139	3.16003373799	3.3150852139	3.16148871726	374.0	3.16003373799	374.0	3.16148871726
3.32397284182	3.35614564165	3.32397284182	3.35778174609	373.0	3.35614564165	373.0	3.35778174609
3.33290825269	3.51529625777	3.33290825269	3.51707283937	372.0	3.51529625777	372.0	3.51707283937
3.34189183288	3.70884917121	3.34189183288	3.71080454903	371.0	3.70884917121	371.0	3.71080454903
3.35092397297	3.95701407679	3.35092397297	3.95920533462	370.0	3.95701407679	370.0	3.95920533462
3.36000506775	4.20867173801	3.36000506775	4.21110387795	369.0	4.20867173801	369.0	4.21110387795
3.3691355163	4.43960141298	3.3691355163	4.44224819704	368.0	4.43960141298	368.0	4.44224819704
3.37831572207	4.68739412664	3.37831572207	4.69027540636	367.0	4.68739412664	367.0	4.69027540636
3.3875460929	4.97473543796	3.3875460929	4.97789295987	366.0	4.97473543796	366.0	4.97789295987
3.3968270411	5.27167560746	3.3968270411	5.27511906437	365.0	5.27167560746	365.0	5.27511906437
3.40615898352	5.57115447379	3.40615898352	5.57488500581	364.0	5.57115447379	364.0	5.57488500581
3.4155423416	5.88604041348	3.4155423416	5.89007369498	363.0	5.88604041348	363.0	5.89007369498
3.42497754144	6.22847606588	3.42497754144	6.23284149679	362.0	6.22847606588	362.0	6.23284149679
3.43446501385	6.5838752205	3.43446501385	6.5885867452	361.0	6.5838752205	361.0	6.5885867452
3.44400519444	6.96234370979	3.44400519444	6.96742302863	360.0	6.96234370979	360.0	6.96742302863
3.45359852368	7.35716989445	3.45359852368	7.36263256537	359.0	7.35716989445	359.0	7.36263256537
3.46324544693	7.78124370003	3.46324544693	7.7871226092	358.0	7.78124370003	358.0	7.7871226092
3.47294641457	8.22168638742	3.47294641457	8.2279991707	357.0	8.22168638742	357.0	8.2279991707
3.48270188202	8.68999567779	3.48270188202	8.69677153985	356.0	8.68999567779	356.0	8.69677153985
3.49251230986	9.18659884365	3.49251230986	9.19386706126	355.0	9.18659884365	355.0	9.19386706126
3.50237816384	9.72129501004	3.50237816384	9.72909658974	354.0	9.72129501004	354.0	9.72909658974
3.51229991501	10.2784347793	3.51229991501	10.2867924362	353.0	10.2784347793	353.0	10.2867924362
3.52227803977	10.8811858304	3.52227803977	10.8901492447	352.0	10.8811858304	352.0	10.8901492447
3.53231301994	11.4746813801	3.53231301994	11.48423695	351.0	11.4746813801	351.0	11.48423695
3.54240534286	12.1853458284	3.54240534286	12.1956222027	350.0	12.1853458284	350.0	12.1956222027
3.55255550143	12.8595382799	3.55255550143	12.8704935887	349.0	12.8595382799	349.0	12.8704935887
3.56276399425	13.5855253902	3.56276399425	13.5972146909	348.0	13.5855253902	348.0	13.5972146909
3.57303132565	14.3817249113	3.57303132565	14.3942224073	347.0	14.3817249113	347.0	14.3942224073
3.58335800578	15.0952385099	3.58335800578	15.1084509243	346.0	15.0952385099	346.0	15.1084509243
3.59374455072	15.8381540485	3.59374455072	15.8521111821	345.0	15.8381540485	345.0	15.8521111821
3.60419148256	16.4250109213	3.60419148256	16.4395362811	344.0	16.4250109213	344.0	16.4395362811
3.61469932945	17.049355167	3.61469932945	17.0644877064	343.0	17.049355167	343.0	17.0644877064
3.62526862573	17.2570131367	3.62526862573	17.2722828065	342.0	17.2570131367	342.0	17.2722828065
3.63589991202	17.5689052356	3.63589991202	17.5844271362	341.0	17.5689052356	341.0	17.5844271362
3.64659373529	17.5156078001	3.64659373529	17.5309697099	340.0	17.5156078001	340.0	17.5309697099
