Column 1: energy in eV
Column 2: alpha *1e3 in 1/cm, linear interpolation
Column 3: energy in eV
Column 4: alpha *1e3 in 1/cm, spline interpolation
Column 5: lambda in nm
Column 6: alpha *1e3 in 1/cm, linear interpolation
Column 7: lambda in nm
Column 8: alpha *1e3 in 1/cm, spline interpolation
0.304629452088	0.0234558739334	0.304629452088	0.0182348434383	4070.00000001	0.0234558739334	4070.00000001	0.0182348434383
0.337831572207	0.00965852099458	0.337831572207	0.00755383544388	3670.0	0.00965852099458	3670.0	0.00755383544388
0.372324885886	0.013090665307	0.372324885886	0.0111400984549	3330.0	0.013090665307	3330.0	0.0111400984549
0.405177081699	0.0154171453956	0.405177081699	0.0149515349077	3060.0	0.0154171453956	3060.0	0.0149515349077
0.438106667845	0.0188025130409	0.438106667845	0.0207824985553	2830.0	0.0188025130409	2830.0	0.0207824985553
0.471422764259	0.0239397337692	0.471422764259	0.0233407850528	2630.0	0.0239397337692	2630.0	0.0233407850528
0.505645134584	0.0314027366119	0.505645134584	0.0309121684504	2452.0	0.0314027366119	2452.0	0.0309121684504
0.538359474598	0.0292939097997	0.538359474598	0.0287219633184	2303.0	0.0292939097997	2303.0	0.0287219633184
0.572146686664	0.041027811214	0.572146686664	0.0387110532935	2167.0	0.041027811214	2167.0	0.0387110532935
0.605096081015	0.0513241394745	0.605096081015	0.0507228132088	2049.0	0.0513241394745	2049.0	0.0507228132088
0.638764487378	0.0657068467	0.638764487378	0.065406673436	1941.0	0.0657068467	1941.0	0.065406673436
0.671636982665	0.0807064602676	0.671636982665	0.0811146946876	1846.0	0.0807064602676	1846.0	0.0811146946876
0.705658434832	0.0977022715048	0.705658434832	0.098296186553	1757.0	0.0977022715048	1757.0	0.098296186553
0.738440661108	0.106395294923	0.738440661108	0.107593955466	1679.0	0.106395294923	1679.0	0.107593955466
0.771525743622	0.11077014513	0.771525743622	0.111608892164	1607.0	0.11077014513	1607.0	0.111608892164
0.804047905318	0.114011549136	0.804047905318	0.112219012065	1542.0	0.114011549136	1542.0	0.112219012065
0.837165340986	0.115901424363	0.837165340986	0.116902641841	1481.0	0.115901424363	1481.0	0.116902641841
0.870064470175	0.124070877258	0.870064470175	0.124240680655	1425.0	0.124070877258	1425.0	0.124240680655
0.903016656956	0.131075912014	0.903016656956	0.128157774325	1373.0	0.131075912014	1373.0	0.128157774325
0.935729713208	0.132040860872	0.935729713208	0.132208635005	1325.0	0.132040860872	1325.0	0.132208635005
0.969383792025	0.141293539182	0.969383792025	0.146359169118	1279.0	0.141293539182	1279.0	0.146359169118
1.00067947538	0.15135408635	1.00067947538	0.151149954233	1239.0	0.15135408635	1239.0	0.151149954233
1.03320155833	0.139238632019	1.03320155833	0.134529905163	1200.0	0.139238632019	1200.0	0.134529905163
1.0669895611	0.1265523762	1.0669895611	0.124136391247	1162.0	0.1265523762	1162.0	0.124136391247
1.10110290409	0.16480668229	1.10110290409	0.160005012571	1126.0	0.16480668229	1126.0	0.160005012571
1.13124258212	0.209333496299	1.13124258212	0.208216768562	1096.0	0.209333496299	1096.0	0.208216768562
1.16526491541	0.236216817618	1.16526491541	0.244381075318	1064.0	0.236216817618	1064.0	0.244381075318
1.19675856178	0.246877265307	1.19675856178	0.250710951583	1036.0	0.246877265307	1036.0	0.250710951583
1.23000185516	0.251279968492	1.23000185516	0.250663024078	1008.0	0.251279968492	1008.0	0.250663024078
1.26256809572	0.243221101986	1.26256809572	0.245785472417	982.000000002	0.243221101986	982.000000002	0.245785472417
1.29419819415	0.237437372556	1.29419819415	0.235304676365	958.000000003	0.237437372556	958.000000003	0.235304676365
1.32745382227	0.227165122631	1.32745382227	0.225141953895	934.0	0.227165122631	934.0	0.225141953895
1.35947573465	0.226680935498	1.35947573465	0.224676172535	911.999999999	0.226680935498	911.999999999	0.224676172535
1.38995725336	0.243727579985	1.38995725336	0.238164465432	892.000000002	0.243727579985	892.000000002	0.238164465432
1.42183700688	0.262042942917	1.42183700688	0.264181134572	872.0	0.262042942917	872.0	0.264181134572
1.45180546838	0.287765927316	1.45180546838	0.289945579229	854.000000002	0.287765927316	854.000000002	0.289945579229
1.48484056287	0.308543823732	1.48484056287	0.309162386119	835.000000002	0.308543823732	835.000000002	0.309162386119
1.51569910758	0.306535775367	1.51569910758	0.309619283467	818.0	0.306535775367	818.0	0.309619283467
1.55174201502	0.313309019953	1.55174201502	0.312569761919	798.999999999	0.313309019953	798.999999999	0.312569761919
1.5794163949	0.31367506928	1.5794163949	0.31338303401	785.000000002	0.31367506928	785.000000002	0.31338303401
1.61018424675	0.316992785155	1.61018424675	0.316215554341	770.000000002	0.316992785155	770.000000002	0.316215554341
1.64000247354	0.318168458049	1.64000247354	0.315802837872	756.000000002	0.318168458049	756.000000002	0.315802837872
1.67094591644	0.326671228611	1.67094591644	0.325222434022	742.000000001	0.326671228611	742.000000001	0.325222434022
1.7007433059	0.352453042532	1.7007433059	0.348744555653	728.999999999	0.352453042532	728.999999999	0.348744555653
1.73162272346	0.380306727678	1.73162272346	0.381399580334	716.000000002	0.380306727678	716.000000002	0.381399580334
1.76113901989	0.406421502992	1.76113901989	0.408982600275	703.999999999	0.406421502992	703.999999999	0.408982600275
1.79427188133	0.429248256112	1.79427188133	0.432160310018	691.000000001	0.429248256112	691.000000001	0.432160310018
1.82329686765	0.435928048132	1.82329686765	0.437538365646	679.999999999	0.435928048132	679.999999999	0.437538365646
1.85327633782	0.434459042638	1.85327633782	0.435012524152	668.999999999	0.434459042638	668.999999999	0.435012524152
1.88425816109	0.420752829826	1.88425816109	0.429192883988	658.000000001	0.420752829826	658.000000001	0.429192883988
1.91629346213	0.421093133541	1.91629346213	0.41233116675	647.000000001	0.421093133541	647.000000001	0.41233116675
1.94637656201	0.414996399127	1.94637656201	0.394713854102	637.0	0.414996399127	637.0	0.394713854102
1.9774192504	0.432577869847	1.9774192504	0.439301923771	627.0	0.432577869847	627.0	0.439301923771
2.00297555735	0.511712581791	2.00297555735	0.524747166348	619.0	0.511712581791	619.0	0.524747166348
2.03586513957	0.575454841663	2.03586513957	0.573777434423	609.000000001	0.575454841663	609.000000001	0.573777434423
2.06985287145	0.460951914743	2.06985287145	0.463615126954	599.000000001	0.460951914743	599.000000001	0.463615126954
2.09787118443	0.422640390518	2.09787118443	0.415206065978	591.000000001	0.422640390518	591.000000001	0.415206065978
2.11938781197	0.480055388848	2.11938781197	0.455605190007	584.999999999	0.480055388848	584.999999999	0.455605190007
2.15250324653	0.573373569593	2.15250324653	0.580075217959	575.999999999	0.573373569593	575.999999999	0.580075217959
2.17516117544	0.627523884007	2.17516117544	0.640313267361	570.0	0.627523884007	570.0	0.640313267361
2.20612432384	0.68769619909	2.20612432384	0.689843207993	562.000000001	0.68769619909	562.000000001	0.689843207993
2.23394931532	0.702420557943	2.23394931532	0.707628166846	554.999999999	0.702420557943	554.999999999	0.707628166846
2.26248516423	0.714233666665	2.26248516423	0.716715732149	548.000000001	0.714233666665	548.000000001	0.716715732149
2.29175946396	0.720813490694	2.29175946396	0.719330108224	540.999999999	0.720813490694	540.999999999	0.719330108224
2.31746143925	0.711076051423	2.31746143925	0.713064964749	535.000000001	0.711076051423	535.000000001	0.713064964749
2.34818535985	0.71282961939	2.34818535985	0.71057173753	528.0	0.71282961939	528.0	0.71057173753
2.37517599617	0.722165216858	2.37517599617	0.715473191796	522.0	0.722165216858	522.0	0.715473191796
2.40279432171	0.739114768842	2.40279432171	0.73691138997	515.999999999	0.739114768842	515.999999999	0.73691138997
2.4310624902	0.787593672638	2.4310624902	0.783241745357	509.999999999	0.787593672638	509.999999999	0.783241745357
2.45513241584	0.836447432772	2.45513241584	0.83442041209	505.0	0.836447432772	505.0	0.83442041209
2.48465304609	0.898432696258	2.48465304609	0.904215872666	499.0	0.898432696258	499.0	0.904215872666
2.50980135628	0.951458682242	2.50980135628	0.953072894133	493.999999999	0.951458682242	493.999999999	0.953072894133
2.53546394683	0.979263859406	2.53546394683	0.985377421591	489.0	0.979263859406	489.0	0.985377421591
2.5616567562	0.994060626196	2.5616567562	0.998659555395	484.0	0.994060626196	484.0	0.998659555395
2.58839638831	1.00351348597	2.58839638831	0.998695274027	479.0	1.00351348597	479.0	0.998695274027
2.61570014768	1.00466420088	2.61570014768	1.00151795268	474.0	1.00466420088	474.0	1.00151795268
2.64358607676	1.04222858593	2.64358607676	1.03421052213	469.0	1.04222858593	469.0	1.03421052213
2.66632660215	1.09797248877	2.66632660215	1.088414052	465.0	1.09797248877	465.0	1.088414052
2.69530841304	1.18851671031	2.69530841304	1.19448279455	460.000000001	1.18851671031	460.000000001	1.19448279455
2.7189514693	1.27780075739	2.7189514693	1.28429835758	456.0	1.27780075739	456.0	1.28429835758
2.74301298673	1.34431715455	2.74301298673	1.3447184409	451.999999999	1.34431715455	451.999999999	1.3447184409
2.76750417411	1.3599101507	2.76750417411	1.37041574448	448.0	1.3599101507	448.0	1.37041574448
2.79874011287	1.39889180739	2.79874011287	1.40692347912	442.999999999	1.39889180739	442.999999999	1.40692347912
2.81782243182	1.42598522241	2.81782243182	1.4190745722	440.0	1.42598522241	440.0	1.4190745722
2.84367401376	1.40520444714	2.84367401376	1.41467466211	436.0	1.40520444714	436.0	1.41467466211
2.8700043287	1.42196017119	2.8700043287	1.41269174786	432.000000001	1.42196017119	432.000000001	1.41269174786
2.93106825059	1.74144593511	2.93106825059	1.6368205832	423.0	1.74144593511	423.0	1.6368205832
2.95200445238	1.83961891102	2.95200445238	1.85032350774	420.0	1.83961891102	420.0	1.85032350774
3.32397284182	11.8772962387	3.32397284182	11.87783329	373.0	11.8772962387	373.0	11.87783329
3.34189183288	12.2937894283	3.34189183288	12.2943901636	371.0	12.2937894283	371.0	12.2943901636
3.36000506775	12.7999213926	3.36000506775	12.8005995131	369.0	12.7999213926	369.0	12.8005995131
3.3875460929	13.6712613793	3.3875460929	13.6720722687	366.0	13.6712613793	366.0	13.6720722687
3.40615898352	14.3562994187	3.40615898352	14.3572145688	364.0	14.3562994187	364.0	14.3572145688
3.42497754144	15.1494503544	3.42497754144	15.1504861732	362.0	15.1494503544	362.0	15.1504861732
3.44400519444	16.0070298366	3.44400519444	16.0081960543	360.0	16.0070298366	360.0	16.0081960543
3.46324544693	16.9080556997	3.46324544693	16.9093586732	358.0	16.9080556997	358.0	16.9093586732
3.49251230986	18.3414548836	3.49251230986	18.3429755411	355.0	18.3414548836	355.0	18.3429755411
3.51229991501	19.3627636165	3.51229991501	19.3644390082	353.0	19.3627636165	353.0	19.3644390082
3.53231301994	20.6003019592	3.53231301994	20.6021647036	351.0	20.6003019592	351.0	20.6021647036
3.55255550143	22.0482201181	3.55255550143	22.0503022743	349.0	22.0482201181	349.0	22.0503022743
3.57303132565	23.4969426741	3.57303132565	23.4992427163	347.0	23.4969426741	347.0	23.4992427163
3.59374455072	25.0000061408	3.59374455072	25.0025347032	345.0	25.0000061408	345.0	25.0025347032
3.61469932945	25.9474616201	3.61469932945	25.9501322719	343.0	25.9474616201	343.0	25.9501322719
