Column 1: energy in eV
Column 2: k *1e-3, linear interpolation
Column 3: energy in eV
Column 4: k *1e-3, spline interpolation
Column 5: lambda in nm
Column 6: k *1e-3, linear interpolation
Column 7: lambda in nm
Column 8: k *1e-3, spline interpolation
0.171012671724	-0.291846458138	0.171012671724	-1.03006474692	7250.00000001	-0.291846458138	7250.00000001	-1.03006474692
0.204932540496	-2.04773448313	0.204932540496	-2.15725581541	6050.0	-2.04773448313	6050.0	-2.15725581541
0.238431128846	-1.92045493694	0.238431128846	-2.07490432793	5200.0	-1.92045493694	5200.0	-2.07490432793
0.27189514693	-1.61927598851	0.27189514693	-1.69793540692	4560.0	-1.61927598851	4560.0	-1.69793540692
0.305379770936	-1.38794887582	0.305379770936	-1.37304977153	4060.0	-1.38794887582	4060.0	-1.37304977153
0.33875460929	-1.14090661743	0.33875460929	-1.13581079229	3660.0	-1.14090661743	3660.0	-1.13581079229
0.372324885886	-0.969474170693	0.372324885886	-0.984939273608	3330.0	-0.969474170693	3330.0	-0.984939273608
0.406505531148	-0.793826099287	0.406505531148	-0.89641014873	3050.0	-0.793826099287	3050.0	-0.89641014873
0.439660237589	-0.719754003986	0.439660237589	-0.769645922236	2820.0	-0.719754003986	2820.0	-0.769645922236
0.473222087786	-0.242308812373	0.473222087786	-0.247128511985	2620.0	-0.242308812373	2620.0	-0.247128511985
0.507507928776	0.201564981105	0.507507928776	0.191166591302	2443.0	0.201564981105	2443.0	0.191166591302
0.540707313563	0.175238108484	0.540707313563	0.23243125216	2293.0	0.175238108484	2293.0	0.23243125216
0.574266729968	0.186656869873	0.574266729968	0.189029546286	2159.0	0.186656869873	2159.0	0.189029546286
0.607765622549	0.199543996191	0.607765622549	0.153794901781	2040.0	0.199543996191	2040.0	0.153794901781
0.641076458118	0.222730942569	0.641076458118	0.198983522119	1934.0	0.222730942569	1934.0	0.198983522119
0.674560321001	0.299554510995	0.674560321001	0.295643753086	1838.0	0.299554510995	1838.0	0.295643753086
0.708076453455	0.355601719509	0.708076453455	0.354585374804	1751.0	0.355601719509	1751.0	0.354585374804
0.7415322189	0.373023903255	0.7415322189	0.372798414708	1672.0	0.373023903255	1672.0	0.372798414708
0.774417158026	0.316633902469	0.774417158026	0.315072378084	1601.0	0.316633902469	1601.0	0.315072378084
0.80771457329	0.260073018356	0.80771457329	0.25055010811	1535.0	0.260073018356	1535.0	0.25055010811
0.841141024423	0.210306488418	0.841141024423	0.200222925421	1474.0	0.210306488418	1474.0	0.200222925421
0.874359569817	0.168309340949	0.874359569817	0.154914906417	1418.0	0.168309340949	1418.0	0.154914906417
0.906980153621	0.12088441662	0.906980153621	0.109739553974	1367.0	0.12088441662	1367.0	0.109739553974
0.939986254738	0.101037345214	0.939986254738	0.0907105720903	1319.0	0.101037345214	1319.0	0.0907105720903
0.973952765122	0.116551474384	0.973952765122	0.106485615319	1273.0	0.116551474384	1273.0	0.106485615319
1.00636515422	0.103812943268	1.00636515422	0.0969808296475	1232.0	0.103812943268	1232.0	0.0969808296475
1.03926393127	0.0955001146762	1.03926393127	0.0866289680968	1193.0	0.0955001146762	1193.0	0.0866289680968
1.07160057908	0.0856233279809	1.07160057908	0.0782192576713	1157.0	0.0856233279809	1157.0	0.0782192576713
1.10404440784	0.0864573123368	1.10404440784	0.0787602591565	1123.0	0.0864573123368	1123.0	0.0787602591565
1.1374696055	0.0904316416264	1.1374696055	0.0855758488035	1090.0	0.0904316416264	1090.0	0.0855758488035
1.16966214151	0.0819502160721	1.16966214151	0.0764927124056	1060.0	0.0819502160721	1060.0	0.0764927124056
1.20139716085	0.0680561419467	1.20139716085	0.0534757270361	1032.0	0.0680561419467	1032.0	0.0534757270361
1.23490226096	0.0776124509215	1.23490226096	0.0701957392838	1004.0	0.0776124509215	1004.0	0.0701957392838
1.26643704801	0.0987472847858	1.26643704801	0.0943995042176	978.999999999	0.0987472847858	978.999999999	0.0943995042176
1.29826373822	0.124305581833	1.29826373822	0.117615909183	955.0	0.124305581833	955.0	0.117615909183
1.33030243562	0.12467955259	1.33030243562	0.117537889652	932.000000002	0.12467955259	932.000000002	0.117537889652
1.36246359341	0.126993281296	1.36246359341	0.122372469337	909.999999998	0.126993281296	909.999999998	0.122372469337
1.39464777278	0.127253702219	1.39464777278	0.143593407305	888.999999999	0.127253702219	888.999999999	0.143593407305
1.4267455351	0.122798222788	1.4267455351	0.116751805362	868.999999999	0.122798222788	868.999999999	0.116751805362
1.45863749412	0.0348164484607	1.45863749412	0.0104752043473	849.999999999	0.0348164484607	849.999999999	0.0104752043473
1.49558729795	-0.022206529662	1.49558729795	-0.0264957355381	829.0	-0.022206529662	829.0	-0.0264957355381
1.5212783681	0.008549215787	1.5212783681	-0.0163285765917	814.999999999	0.008549215787	814.999999999	-0.0163285765917
1.55368655388	0.0985783380782	1.55368655388	0.092578400472	798.000000002	0.0985783380782	798.000000002	0.092578400472
1.58547553708	0.119125762897	1.58547553708	0.135659650917	782.000000002	0.119125762897	782.000000002	0.135659650917
1.61648222947	0.137575813387	1.61648222947	0.13198069264	766.999999998	0.137575813387	766.999999998	0.13198069264
1.64653634794	0.134022537357	1.64653634794	0.126248730961	753.000000001	0.134022537357	753.000000001	0.126248730961
1.67772918809	0.132970090638	1.67772918809	0.129561008477	739.000000001	0.132970090638	739.000000001	0.129561008477
1.71012671724	0.146164830471	1.71012671724	0.141380897063	725.000000001	0.146164830471	725.000000001	0.141380897063
1.74135094101	0.152015903209	1.74135094101	0.146026114831	712.000000001	0.152015903209	712.000000001	0.146026114831
1.77120267143	0.149445484095	1.77120267143	0.14521537268	699.999999999	0.149445484095	699.999999999	0.14521537268
1.80209574128	0.157941415291	1.80209574128	0.153694103943	688.0	0.157941415291	688.0	0.153694103943
1.83137646972	0.158123683386	1.83137646972	0.153146190139	677.0	0.158123683386	677.0	0.153146190139
1.86162442943	0.159957025428	1.86162442943	0.155371351166	666.0	0.159957025428	666.0	0.155371351166
1.89288835115	0.167973134982	1.89288835115	0.16419986384	654.999999998	0.167973134982	654.999999998	0.16419986384
1.92223545736	0.170272986856	1.92223545736	0.166148429253	645.000000001	0.170272986856	645.000000001	0.166148429253
1.95250688189	0.176571357996	1.95250688189	0.171434593511	635.0	0.176571357996	635.0	0.171434593511
1.983746992	0.186930811125	1.983746992	0.180999950555	625.0	0.186930811125	625.0	0.180999950555
2.01273030844	0.193245101839	2.01273030844	0.188525857226	616.0	0.193245101839	616.0	0.188525857226
2.0425730972	0.213292144534	2.0425730972	0.210092388656	607.0	0.213292144534	607.0	0.210092388656
2.06985287145	0.215578892433	2.06985287145	0.213082308107	599.000000001	0.215578892433	599.000000001	0.213082308107
2.10142689831	0.226262294271	2.10142689831	0.223471274535	589.999999999	0.226262294271	589.999999999	0.223471274535
2.13031249141	0.223742477059	2.13031249141	0.219349297268	582.0	0.223742477059	582.0	0.219349297268
2.16000325784	0.230510790644	2.16000325784	0.225263649939	574.0	0.230510790644	574.0	0.225263649939
2.18666996473	0.231118070357	2.18666996473	0.227029019572	566.999999999	0.231118070357	566.999999999	0.227029019572
2.21796398927	0.249633452521	2.21796398927	0.245505540625	558.999999999	0.249633452521	558.999999999	0.245505540625
2.2460903442	0.255425132524	2.2460903442	0.250176924422	552.000000001	0.255425132524	552.000000001	0.250176924422
2.27493921101	0.272067910819	2.27493921101	0.268750029182	545.0	0.272067910819	545.0	0.268750029182
2.30026320965	0.277761204495	2.30026320965	0.273515937151	538.999999999	0.277761204495	538.999999999	0.273515937151
2.33052983083	0.301525556753	2.33052983083	0.298888440416	531.999999999	0.301525556753	531.999999999	0.298888440416
2.35711382129	0.303360710574	2.35711382129	0.300794323518	526.000000001	0.303360710574	526.000000001	0.300794323518
2.38431128846	0.317172363194	2.38431128846	0.30839046541	520.0	0.317172363194	520.0	0.30839046541
2.41214371595	0.335743884809	2.41214371595	0.330379579135	514.000000001	0.335743884809	514.000000001	0.330379579135
2.44063360236	0.37395305578	2.44063360236	0.373282710241	508.0	0.37395305578	508.0	0.373282710241
2.46489437376	0.397552230733	2.46489437376	0.396018715882	502.999999999	0.397552230733	502.999999999	0.396018715882
2.4946516499	0.422217635789	2.4946516499	0.417535749482	497.0	0.422217635789	497.0	0.417535749482
2.52000380081	0.420386442448	2.52000380081	0.416405247028	492.000000001	0.420386442448	492.000000001	0.416405247028
2.54587652977	0.443720037366	2.54587652977	0.438871397246	487.000000001	0.443720037366	487.000000001	0.438871397246
2.57228603734	0.476766261371	2.57228603734	0.476688729201	482.000000001	0.476766261371	482.000000001	0.476688729201
2.59924920335	0.500907149085	2.59924920335	0.497402793283	477.000000001	0.500907149085	477.000000001	0.497402793283
2.62678362288	0.522335468378	2.62678362288	0.501912845028	472.0	0.522335468378	472.0	0.501912845028
2.65490764454	0.56969744477	2.65490764454	0.565550360923	467.0	0.56969744477	467.0	0.565550360923
2.67784421166	0.662730279475	2.67784421166	0.659865993682	463.000000001	0.662730279475	463.000000001	0.659865993682
2.70118054466	0.754476683061	2.70118054466	0.74765839827	459.0	0.754476683061	459.0	0.74765839827
2.73092922907	0.825147332958	2.73092922907	0.821618319643	454.000000001	0.825147332958	454.000000001	0.821618319643
2.75520415556	0.897466256498	2.75520415556	0.893486960724	449.999999999	0.897466256498	449.999999999	0.893486960724
2.77991450673	1.01856194821	2.77991450673	1.02276394588	445.999999999	1.01856194821	445.999999999	1.02276394588
2.80507210407	1.12104632226	2.80507210407	1.12068079902	442.0	1.12104632226	442.0	1.12068079902
2.83068920091	1.13923241663	2.83068920091	1.13931679865	438.000000001	1.13923241663	438.000000001	1.13931679865
2.8502111954	1.15631085674	2.8502111954	1.1470624542	435.0	1.15631085674	435.0	1.1470624542
2.87666327146	1.28954218966	2.87666327146	1.25897173272	431.0	1.28954218966	431.0	1.25897173272
2.90361093677	1.45549838885	2.90361093677	1.44718744637	427.0	1.45549838885	427.0	1.44718744637
2.92415535377	1.60405075452	2.92415535377	1.60235046984	424.000000001	1.60405075452	424.000000001	1.60235046984
2.94499256532	1.76696554994	2.94499256532	1.76815975341	421.0	1.76696554994	421.0	1.76815975341
2.97324189448	1.99809960074	2.97324189448	1.99898920453	417.000000001	1.99809960074	417.000000001	1.99898920453
2.9947871256	2.1374529668	2.9947871256	2.13672966528	414.000000001	2.1374529668	414.000000001	2.13672966528
3.01664688564	2.28528577178	3.01664688564	2.28005332659	411.000000001	2.28528577178	411.000000001	2.28005332659
3.03882811275	2.48398725463	3.03882811275	2.4575617092	407.999999999	2.48398725463	407.999999999	2.4575617092
3.06133795062	2.71058655253	3.06133795062	2.70247295464	405.0	2.71058655253	405.0	2.70247295464
3.08418375622	3.03449507469	3.08418375622	3.03760878409	402.0	3.03449507469	402.0	3.03760878409
3.099604675	3.26368398609	3.099604675	3.25439965727	400.0	3.26368398609	400.0	3.25439965727
3.12302738035	3.58051592442	3.12302738035	3.5817571082	397.0	3.58051592442	397.0	3.5817571082
3.14680677665	3.97619546678	3.14680677665	3.95709878255	394.0	3.97619546678	394.0	3.95709878255
3.17095107417	4.5048698765	3.17095107417	4.48633190266	391.0	4.5048698765	391.0	4.48633190266
3.18725416452	4.91326150512	3.18725416452	4.90298184699	389.000000001	4.91326150512	389.000000001	4.90298184699
3.21202556995	5.63487760009	3.21202556995	5.63299153078	386.0	5.63487760009	386.0	5.63299153078
3.22875486979	6.17009744831	3.22875486979	6.16871392585	384.0	6.17009744831	384.0	6.16871392585
3.25417813648	7.15417166356	3.25417813648	7.14192369249	381.0	7.15417166356	381.0	7.14192369249
