Column 1: energy in eV							
"Column 2: alpha *1e3 in 1/cm, linear interpolation"							
Column 3: energy in eV							
"Column 4: alpha *1e3 in 1/cm, spline interpolation"							
Column 5: lambda in nm							
"Column 6: alpha *1e3 in 1/cm, linear interpolation"							
Column 7: lambda in nm							
"Column 8: alpha *1e3 in 1/cm, spline interpolation"							
0.255637499	0.804731788	0.25200038	0.509582823	4850	0.804731788	4920	0.509582823
0.28502112	0.977089486	0.28502112	0.841759436	4350	0.977089486	4350	0.841759436
0.328870523	1.783374405	0.329745178	1.600528073	3770	1.783374405	3760	1.600528073
0.371210141	2.60794894	0.373446346	2.497053121	3340	2.60794894	3320	2.497053121
0.410543666	3.198659337	0.410543666	3.136887199	3020	3.198659337	3020	3.136887199
0.444387767	3.474607631	0.442800668	3.377072974	2790	3.474607631	2800	3.377072974
0.480558864	3.201747415	0.480558864	3.102018315	2580	3.201747415	2580	3.102018315
0.531436721	2.275874278	0.530300201	2.158119646	2333	2.275874278	2338	2.158119646
0.562541683	1.797013	0.566396469	1.612341297	2204	1.797013	2189	1.612341297
0.598957425	1.553024164	0.598957425	1.392803009	2070	1.553024164	2070	1.392803009
0.635490451	1.526035016	0.634514775	1.400831929	1951	1.526035016	1954	1.400831929
0.670184795	1.615341475	0.670910103	1.526502621	1850	1.615341475	1848	1.526502621
0.706865376	1.764224007	0.706865376	1.678296586	1754	1.764224007	1754	1.678296586
0.742865111	1.932074721	0.742865111	1.839625808	1669	1.932074721	1669	1.839625808
0.779284645	2.114634684	0.779284645	2.016763255	1591	2.114634684	1591	2.016763255
0.815685441	2.3087184	0.815685441	2.20658497	1520	2.3087184	1520	2.20658497
0.852124997	2.516498661	0.852124997	2.409560244	1455	2.516498661	1455	2.409560244
0.888138875	2.729476408	0.888138875	2.614009595	1396	2.729476408	1396	2.614009595
0.925255127	2.951740317	0.925255127	2.829654382	1340	2.951740317	1340	2.829654382
0.961117729	3.171641567	0.961117729	3.040203124	1290	3.171641567	1290	3.040203124
0.996657452	3.400963869	0.996657452	3.260201032	1244	3.400963869	1244	3.260201032
1.033201558	3.650716905	1.034063278	3.508316417	1200	3.650716905	1199	3.508316417
1.068829198	3.901714286	1.068829198	3.744704712	1160	3.901714286	1160	3.744704712
1.106014157	4.177062358	1.106014157	4.008023846	1121	4.177062358	1121	4.008023846
1.14165918	4.442724306	1.14165918	4.262861732	1086	4.442724306	1086	4.262861732
1.177437673	4.716741613	1.177437673	4.524194594	1053	4.716741613	1053	4.524194594
1.213152515	5.000063349	1.213152515	4.796335804	1022	5.000063349	1022	4.796335804
1.248581944	5.301555368	1.248581944	5.085493301	993	5.301555368	993	5.085493301
1.283480197	5.60815547	1.283480197	5.380944756	966	5.60815547	966	5.380944756
1.320385378	5.937677628	1.320385378	5.69828857	939	5.937677628	939	5.69828857
1.353539159	6.229745416	1.355018437	5.994237734	916	6.229745416	915	5.994237734
1.402536052	6.69901352	1.400951266	6.406391171	884	6.69901352	885	6.406391171
1.4153446	6.789634254	1.416962137	6.529807288	876	6.789634254	875	6.529807288
1.300988321	5.781553205	1.300988321	5.542426441	953	5.781553205	953	5.542426441
1.302354905	5.789467455	1.302354905	5.549994576	952	5.789467455	952	5.549994576
1.303724364	5.801205653	1.303724364	5.56122684	951	5.801205653	951	5.56122684
1.305096705	5.802154677	1.305096705	5.562108624	950	5.802154677	950	5.562108624
1.306471939	5.814245432	1.306471939	5.573688324	949	5.814245432	949	5.573688324
1.307850074	5.818525092	1.307850074	5.577796548	948	5.818525092	948	5.577796548
1.309231119	5.82919402	1.309231119	5.588003251	947	5.82919402	947	5.588003251
1.310615085	5.837286648	1.310615085	5.595738885	946	5.837286648	946	5.595738885
1.312001979	5.844244713	1.312001979	5.602398009	945	5.844244713	945	5.602398009
1.313391811	5.853052872	1.313391811	5.610801381	944	5.853052872	944	5.610801381
1.314784592	5.862868118	1.314784592	5.620211086	943	5.862868118	943	5.620211086
1.316180329	5.872306439	1.316180329	5.629205117	942	5.872306439	942	5.629205117
1.317579033	5.881317266	1.317579033	5.637814915	941	5.881317266	941	5.637814915
1.318980713	5.895064585	1.318980713	5.650918634	940	5.895064585	940	5.650918634
1.320385378	5.903739983	1.320385378	5.659230483	939	5.903739983	939	5.659230483
1.321793038	5.915688675	1.321793038	5.670646072	938	5.915688675	938	5.670646072
1.323203703	5.928780855	1.323203703	5.68317136	937	5.928780855	937	5.68317136
1.324617382	5.948702567	1.324617382	5.702114013	936	5.948702567	936	5.702114013
1.326034086	5.959131128	1.326034086	5.712076323	935	5.959131128	935	5.712076323
1.327453822	5.977199696	1.327453822	5.729310953	934	5.977199696	934	5.729310953
1.328876602	5.9851729	1.328876602	5.736930457	933	5.9851729	933	5.736930457
1.330302436	6.002768932	1.330302436	5.753733304	932	6.002768932	932	5.753733304
1.331731332	6.019702821	1.331731332	5.769872697	931	6.019702821	931	5.769872697
1.333163301	6.041828666	1.333163301	5.790932145	930	6.041828666	930	5.790932145
1.334598353	6.059073334	1.334598353	5.807419119	929	6.059073334	929	5.807419119
1.336036498	6.075615586	1.336036498	5.82317366	928	6.075615586	928	5.82317366
1.337477745	6.095476257	1.337477745	5.842109171	927	6.095476257	927	5.842109171
1.338922106	6.108297379	1.338922106	5.854296637	926	6.108297379	926	5.854296637
1.340369589	6.128746397	1.340369589	5.873804988	925	6.128746397	925	5.873804988
1.341820206	6.148284193	1.341820206	5.892479506	924	6.148284193	924	5.892479506
1.343273965	6.166740064	1.343273965	5.910039437	923	6.166740064	923	5.910039437
1.344730879	6.178604285	1.344730879	5.921312196	922	6.178604285	922	5.921312196
1.346190955	6.199923956	1.346190955	5.941672608	921	6.199923956	921	5.941672608
1.347654207	6.213812491	1.347654207	5.954910507	920	6.213812491	920	5.954910507
1.349120642	6.230527129	1.349120642	5.97083492	919	6.230527129	919	5.97083492
1.350590272	6.248219753	1.350590272	5.987650406	918	6.248219753	918	5.987650406
1.352063108	6.261087001	1.352063108	5.999957565	917	6.261087001	917	5.999957565
1.353539159	6.276997848	1.353539159	6.015115241	916	6.276997848	916	6.015115241
1.355018437	6.290051112	1.355018437	6.027506415	915	6.290051112	915	6.027506415
1.356500952	6.299469528	1.356500952	6.036475774	914	6.299469528	914	6.036475774
1.357986714	6.318365104	1.357986714	6.054481845	913	6.318365104	913	6.054481845
1.359475735	6.32842204	1.359475735	6.0640323	912	6.32842204	912	6.0640323
1.360968024	6.340833775	1.360968024	6.07586738	911	6.340833775	911	6.07586738
1.362463593	6.355320265	1.362463593	6.089674807	910	6.355320265	910	6.089674807
1.363962453	6.364545625	1.363962453	6.098404153	909	6.364545625	909	6.098404153
1.365464615	6.377402743	1.365464615	6.110665491	908	6.377402743	908	6.110665491
1.366970088	6.39382881	1.366970088	6.126283406	907	6.39382881	907	6.126283406
1.368478885	6.396527415	1.368478885	6.128832478	906	6.396527415	906	6.128832478
1.369991017	6.407152037	1.369991017	6.138948445	905	6.407152037	905	6.138948445
1.371506493	6.413601416	1.371506493	6.145057152	904	6.413601416	904	6.145057152
1.373025327	6.422795234	1.373025327	6.153783809	903	6.422795234	903	6.153783809
1.374547528	6.434881478	1.374547528	6.165328787	902	6.434881478	902	6.165328787
1.376073108	6.449768809	1.376073108	6.179433267	901	6.449768809	901	6.179433267
1.377602078	6.451657613	1.377602078	6.181202025	900	6.451657613	900	6.181202025
1.379134449	6.466634776	1.379134449	6.195441122	899	6.466634776	899	6.195441122
1.380670234	6.469680225	1.380670234	6.198287275	898	6.469680225	898	6.198287275
1.382209443	6.484496058	1.382209443	6.212444894	897	6.484496058	897	6.212444894
1.383752087	6.491836542	1.383752087	6.219349186	896	6.491836542	896	6.219349186
1.385298179	6.506882033	1.385298179	6.233631419	895	6.506882033	895	6.233631419
1.386847729	6.517895584	1.386847729	6.244075236	894	6.517895584	894	6.244075236
1.38840075	6.531776177	1.38840075	6.257281457	893	6.531776177	893	6.257281457
1.389957253	6.543853271	1.389957253	6.268730443	892	6.543853271	892	6.268730443
1.39151725	6.556590747	1.39151725	6.280799158	891	6.556590747	891	6.280799158
1.393080753	6.575264812	1.393080753	6.298586866	890	6.575264812	890	6.298586866
1.394647773	6.585796374	1.394647773	6.308549177	889	6.585796374	889	6.308549177
1.396218322	6.606696533	1.396218322	6.328399874	888	6.606696533	888	6.328399874
1.397792413	6.622953752	1.397792413	6.34382561	887	6.622953752	887	6.34382561
1.399370056	6.634397449	1.399370056	6.354682624	886	6.634397449	886	6.354682624
1.400951266	6.654510872	1.400951266	6.373767187	885	6.654510872	885	6.373767187
1.402536052	6.667418726	1.402536052	6.386016264	884	6.667418726	884	6.386016264
1.404124428	6.687832835	1.404124428	6.405411054	883	6.687832835	883	6.405411054
1.405716406	6.706462541	1.405716406	6.423080456	882	6.706462541	882	6.423080456
1.407311998	6.726794901	1.407311998	6.442385061	881	6.726794901	881	6.442385061
1.408911216	6.74913844	1.408911216	6.463574889	880	6.74913844	880	6.463574889
1.410514073	6.773264418	1.410514073	6.486519528	879	6.773264418	879	6.486519528
1.412120581	6.783871101	1.412120581	6.496513422	878	6.783871101	878	6.496513422
1.413730753	6.799690268	1.413730753	6.511537396	877	6.799690268	877	6.511537396
1.4153446	6.822096392	1.4153446	6.532785313	876	6.822096392	876	6.532785313
1.416962137	6.844436383	1.416962137	6.553990012	875	6.844436383	875	6.553990012
1.418583375	6.860685507	1.418583375	6.569398056	874	6.860685507	874	6.569398056
1.420208328	6.878229383	1.420208328	6.586011395	873	6.878229383	873	6.586011395
1.421837007	6.896420893	1.421837007	6.603264651	872	6.896420893	872	6.603264651
1.423469426	6.915505327	1.423469426	6.621356495	871	6.915505327	871	6.621356495
1.425105598	6.9229343	1.425105598	6.628303403	870	6.9229343	870	6.628303403
1.426745535	6.943416467	1.426745535	6.647749719	869	6.943416467	869	6.647749719
1.428389251	6.962082026	1.428389251	6.665406739	868	6.962082026	868	6.665406739
1.430036759	6.973062517	1.430036759	6.675743654	867	6.973062517	867	6.675743654
1.431688072	6.981332151	1.431688072	6.683534731	866	6.981332151	866	6.683534731
1.433343202	6.996749208	1.433343202	6.698095894	865	6.996749208	865	6.698095894
1.435002164	7.010579916	1.435002164	6.711163416	864	7.010579916	864	6.711163416
1.436664971	7.029826236	1.436664971	6.729404725	863	7.029826236	863	6.729404725
1.438331636	7.043139301	1.438331636	6.741953998	862	7.043139301	862	6.741953998
1.440002172	7.056158836	1.440002172	6.75428506	861	7.056158836	861	6.75428506
1.441676593	7.07164058	1.441676593	6.768865462	860	7.07164058	860	6.768865462
1.443354913	7.079647104	1.443354913	6.776363732	859	7.079647104	859	6.776363732
1.445037145	7.091888864	1.445037145	6.787889521	858	7.091888864	858	6.787889521
1.446723302	7.09708294	1.446723302	6.792719755	857	7.09708294	857	6.792719755
1.4484134	7.111644242	1.4484134	6.806407034	856	7.111644242	856	6.806407034
1.45010745	7.123815723	1.45010745	6.817875163	855	7.123815723	855	6.817875163
1.451805468	7.136403158	1.451805468	6.829739015	854	7.136403158	854	6.829739015
1.453507468	7.153497282	1.453507468	6.845856946	853	7.153497282	853	6.845856946
1.455213462	7.17207173	1.455213462	6.863394424	852	7.17207173	852	6.863394424
1.456923467	7.18230178	1.456923467	6.873012791	851	7.18230178	851	6.873012791
1.458637494	7.198545338	1.458637494	6.888314609	850	7.198545338	850	6.888314609
1.460355559	7.214237681	1.460355559	6.903095171	849	7.214237681	849	6.903095171
1.462077677	7.226470561	1.462077677	6.914537349	848	7.226470561	848	6.914537349
1.463803861	7.245487421	1.463803861	6.932514715	847	7.245487421	847	6.932514715
1.465534125	7.263762893	1.465534125	6.949731542	846	7.263762893	846	6.949731542
1.467268485	7.291499906	1.467268485	6.976041773	845	7.291499906	845	6.976041773
1.469006955	7.29760855	1.469006955	6.981637082	844	7.29760855	844	6.981637082
1.470749549	7.310056562	1.470749549	6.993284155	843	7.310056562	843	6.993284155
1.472496283	7.339283438	1.472496283	7.020923045	842	7.339283438	842	7.020923045
1.47424717	7.356550198	1.47424717	7.037186804	841	7.356550198	841	7.037186804
1.476002226	7.386482299	1.476002226	7.065514414	840	7.386482299	840	7.065514414
1.477761466	7.39903249	1.477761466	7.077282489	839	7.39903249	839	7.077282489
1.479524905	7.422661877	1.479524905	7.099586864	838	7.422661877	838	7.099586864
1.481292557	7.438500467	1.481292557	7.114464018	837	7.438500467	837	7.114464018
1.483064438	7.457456576	1.483064438	7.13229496	836	7.457456576	836	7.13229496
1.484840563	7.476161754	1.484840563	7.149914079	835	7.476161754	835	7.149914079
1.486620947	7.491957165	1.486620947	7.164723872	834	7.491957165	834	7.164723872
1.488405606	7.516475373	1.488405606	7.18783764	833	7.516475373	833	7.18783764
1.490194555	7.536230527	1.490194555	7.206426642	832	7.536230527	832	7.206426642
1.49198781	7.55235241	1.49198781	7.22152709	831	7.55235241	831	7.22152709
1.493785386	7.578312422	1.493785386	7.246028884	830	7.578312422	830	7.246028884
1.495587298	7.596118294	1.495587298	7.262752656	829	7.596118294	829	7.262752656
1.497393563	7.617588753	1.497393563	7.282942488	828	7.617588753	828	7.282942488
1.499204196	7.630059824	1.499204196	7.29455151	827	7.630059824	827	7.29455151
1.501019213	7.649814491	1.501019213	7.313105397	826	7.649814491	826	7.313105397
1.50283863	7.656892415	1.50283863	7.319587917	825	7.656892415	825	7.319587917
1.504662464	7.680245208	1.504662464	7.341550987	824	7.680245208	824	7.341550987
1.506490729	7.69708989	1.506490729	7.35730686	823	7.69708989	823	7.35730686
1.508323443	7.7083855	1.508323443	7.367787295	822	7.7083855	822	7.367787295
1.510160621	7.719691548	1.510160621	7.378242582	821	7.719691548	821	7.378242582
1.51200228	7.733344811	1.51200228	7.390958683	820	7.733344811	820	7.390958683
1.513848437	7.751074977	1.513848437	7.407545803	819	7.751074977	819	7.407545803
1.515699108	7.771515617	1.515699108	7.426746955	818	7.771515617	818	7.426746955
1.517554308	7.768486638	1.517554308	7.423517661	817	7.768486638	817	7.423517661
1.519414056	7.802569843	1.519414056	7.455683085	816	7.802569843	816	7.455683085
1.521278368	7.802467031	1.521278368	7.45523795	815	7.802467031	815	7.45523795
1.52314726	7.817596809	1.52314726	7.469309285	814	7.817596809	814	7.469309285
1.52502075	7.832785641	1.52502075	7.483441335	813	7.832785641	813	7.483441335
1.526898855	7.843896061	1.526898855	7.493677171	812	7.843896061	812	7.493677171
1.528781591	7.870049741	1.528781591	7.518242098	811	7.870049741	811	7.518242098
1.530668975	7.882822859	1.530668975	7.530051376	810	7.882822859	810	7.530051376
1.532561026	7.911242962	1.532561026	7.556778423	809	7.911242962	809	7.556778423
1.53445776	7.915781911	1.53445776	7.560716279	808	7.915781911	808	7.560716279
1.536359195	7.936321134	1.536359195	7.579893068	807	7.936321134	807	7.579893068
1.538265347	7.959627774	1.538265347	7.601724335	806	7.959627774	806	7.601724335
1.540176236	7.97376955	1.540176236	7.614791869	805	7.97376955	805	7.614791869
1.542091878	7.999126202	1.542091878	7.638560487	804	7.999126202	804	7.638560487
1.544012291	8.025219388	1.544012291	7.66301447	803	8.025219388	803	7.66301447
1.545937494	8.04639618	1.545937494	7.682762862	802	8.04639618	802	7.682762862
1.547867503	8.063729841	1.547867503	7.698859109	801	8.063729841	801	7.698859109
1.549802338	8.088907414	1.549802338	7.722420031	800	8.088907414	800	7.722420031
1.551742015	8.103160182	1.551742015	7.735572876	799	8.103160182	799	7.735572876
1.553686554	8.128534788	1.553686554	7.759290282	798	8.128534788	798	7.759290282
1.555635972	8.232032139	1.555635972	7.857540311	797	8.232032139	797	7.857540311
1.557590289	8.252242781	1.557590289	7.876331885	796	8.252242781	796	7.876331885
1.559549522	8.273932685	1.559549522	7.896534058	795	8.273932685	795	7.896534058
1.56151369	8.295202979	1.56151369	7.916318642	794	8.295202979	794	7.916318642
1.563482812	8.314072154	1.563482812	7.933805919	793	8.314072154	793	7.933805919
1.565456907	8.335814504	1.565456907	7.954030098	792	8.335814504	792	7.954030098
1.567435992	8.354329938	1.567435992	7.971162324	791	8.354329938	791	7.971162324
1.569420089	8.373304737	1.569420089	7.988727412	790	8.373304737	790	7.988727412
1.571409214	8.391901517	1.571409214	8.005932797	789	8.391901517	789	8.005932797
1.573403388	8.412125703	1.573403388	8.024671319	788	8.412125703	788	8.024671319
1.57540263	8.430966279	1.57540263	8.042083629	787	8.430966279	787	8.042083629
1.577406959	8.444884319	1.577406959	8.05479681	786	8.444884319	786	8.05479681
1.579416395	8.46310592	1.579416395	8.07160097	785	8.46310592	785	8.07160097
1.581430957	8.47927543	1.581430957	8.086443728	784	8.47927543	784	8.086443728
1.583450664	8.497710069	1.583450664	8.103430592	783	8.497710069	783	8.103430592
1.585475537	8.517139974	1.585475537	8.121361602	782	8.517139974	782	8.121361602
1.587505595	8.531336465	1.587505595	8.134291554	781	8.531336465	781	8.134291554
1.589540859	8.548591063	1.589540859	8.150127931	780	8.548591063	780	8.150127931
1.591581348	8.567926655	1.591581348	8.167937717	779	8.567926655	779	8.167937717
1.593627082	8.584724389	1.593627082	8.183321376	778	8.584724389	778	8.183321376
1.595678082	8.60385537	1.595678082	8.200916608	777	8.60385537	777	8.200916608
1.597734369	8.621824902	1.597734369	8.217393484	776	8.621824902	776	8.217393484
1.599795961	8.642405763	1.599795961	8.236348348	775	8.642405763	775	8.236348348
1.601862881	8.662761889	1.601862881	8.255079596	774	8.662761889	774	8.255079596
1.603935149	8.683946094	1.603935149	8.274588893	773	8.683946094	773	8.274588893
1.606012785	8.704151459	1.606012785	8.293154498	772	8.704151459	772	8.293154498
1.608095811	8.726474654	1.608095811	8.313727104	771	8.726474654	771	8.313727104
1.610184247	8.753724881	1.610184247	8.338982682	770	8.753724881	770	8.338982682
1.612278114	8.776908654	1.612278114	8.360354765	769	8.776908654	769	8.360354765
1.614377435	8.801005399	1.614377435	8.38258192	768	8.801005399	768	8.38258192
1.616482229	8.825600784	1.616482229	8.405274019	767	8.825600784	767	8.405274019
1.61859252	8.849704458	1.61859252	8.427488265	766	8.849704458	766	8.427488265
1.620708327	8.87314062	1.620708327	8.449050517	765	8.87314062	765	8.449050517
1.622829673	8.896941392	1.622829673	8.470946797	764	8.896941392	764	8.470946797
1.624956579	8.922044528	1.624956579	8.49407901	763	8.922044528	763	8.49407901
1.627089068	8.94842454	1.627089068	8.518412738	762	8.94842454	762	8.518412738
1.629227162	8.970723464	1.629227162	8.538841987	761	8.970723464	761	8.538841987
1.631370882	8.995203998	1.631370882	8.561337504	760	8.995203998	760	8.561337504
1.63352025	9.018561496	1.63352025	8.582753033	759	9.018561496	759	8.582753033
1.63567529	9.040566118	1.63567529	8.602871788	758	9.040566118	758	8.602871788
1.637836024	9.063471583	1.637836024	8.623817103	757	9.063471583	757	8.623817103
1.640002474	9.085823883	1.640002474	8.644236357	756	9.085823883	756	8.644236357
1.642174662	9.10592089	1.642174662	8.662498847	755	9.10592089	755	8.662498847
1.644352613	9.130347841	1.644352613	8.684857865	754	9.130347841	754	8.684857865
1.646536348	9.149714561	1.646536348	8.702388596	753	9.149714561	753	8.702388596
1.648725891	9.168466493	1.648725891	8.719317612	752	9.168466493	752	8.719317612
1.650921265	9.191620141	1.650921265	8.74043111	751	9.191620141	751	8.74043111
1.653122493	9.212506262	1.653122493	8.75936323	750	9.212506262	750	8.75936323
1.655329599	9.230473854	1.655329599	8.775499914	749	9.230473854	749	8.775499914
1.657542607	9.254031135	1.657542607	8.796955553	748	9.254031135	748	8.796955553
1.659761539	9.276025636	1.659761539	8.816901071	747	9.276025636	747	8.816901071
1.661986421	9.29715638	1.661986421	8.836008081	746	9.29715638	746	8.836008081
1.664217275	9.321517419	1.664217275	8.8581586	745	9.321517419	745	8.8581586
1.666454126	9.342101238	1.666454126	8.876732477	744	9.342101238	744	8.876732477
1.668696999	9.363277142	1.668696999	8.895822476	743	9.363277142	743	8.895822476
1.670945916	9.388157178	1.670945916	8.918435898	742	9.388157178	742	8.918435898
1.673200904	9.413885432	1.673200904	8.941838088	741	9.413885432	741	8.941838088
1.675461986	9.441183583	1.675461986	8.966729639	740	9.441183583	740	8.966729639
1.677729188	9.462620481	1.677729188	8.986006895	739	9.462620481	739	8.986006895
1.680002534	9.48925606	1.680002534	9.01023012	738	9.48925606	738	9.01023012
1.682282049	9.515646842	1.682282049	9.034200115	737	9.515646842	737	9.034200115
1.684567758	9.539829971	1.684567758	9.056062578	736	9.539829971	736	9.056062578
1.686859687	9.568550205	1.686859687	9.082216776	735	9.568550205	735	9.082216776
1.689157861	9.5947205	1.689157861	9.105920113	734	9.5947205	734	9.105920113
1.691462306	9.621299188	1.691462306	9.130000946	733	9.621299188	733	9.130000946
1.693773046	9.647421223	1.693773046	9.153601448	732	9.647421223	732	9.153601448
1.696090109	9.674288723	1.696090109	9.177914065	731	9.674288723	731	9.177914065
1.698413521	9.702494289	1.698413521	9.203474913	730	9.702494289	730	9.203474913
1.700743306	9.734014509	1.700743306	9.232191139	729	9.734014509	729	9.232191139
1.703079492	9.754272737	1.703079492	9.250162455	728	9.754272737	728	9.250162455
1.705422105	9.778939398	1.705422105	9.27231268	727	9.778939398	727	9.27231268
1.707771171	9.802170505	1.707771171	9.293054438	726	9.802170505	726	9.293054438
1.710126717	9.832386902	1.710126717	9.320448446	725	9.832386902	725	9.320448446
1.712488771	9.854783459	1.712488771	9.34034143	724	9.854783459	724	9.34034143
1.714857358	9.879769101	1.714857358	9.36268252	723	9.879769101	723	9.36268252
1.717232507	9.904669783	1.717232507	9.384970745	722	9.904669783	722	9.384970745
1.719614244	9.926286797	1.719614244	9.404085681	721	9.926286797	721	9.404085681
1.722002597	9.950806389	1.722002597	9.425936751	720	9.950806389	720	9.425936751
1.724397594	9.970706847	1.724397594	9.443360324	719	9.970706847	719	9.443360324
1.726799262	9.998241764	1.726799262	9.468036692	718	9.998241764	718	9.468036692
1.729207629	10.01939422	1.729207629	9.486609283	717	10.01939422	717	9.486609283
1.731622723	10.04373434	1.731622723	9.508208741	716	10.04373434	716	9.508208741
1.734044573	10.06791494	1.734044573	9.529589796	715	10.06791494	715	9.529589796
1.736473207	10.09276106	1.736473207	9.551629761	714	10.09276106	714	9.551629761
1.738908654	10.11713791	1.738908654	9.573133222	713	10.11713791	713	9.573133222
1.741350941	10.14687815	1.741350941	9.599833828	712	10.14687815	712	9.599833828
1.743800098	10.17523039	1.743800098	9.625113338	711	10.17523039	711	9.625113338
1.746256155	10.19835944	1.746256155	9.645395569	710	10.19835944	710	9.645395569
1.74871914	10.22269682	1.74871914	9.666784411	709	10.22269682	709	9.666784411
1.751189082	10.25537582	1.751189082	9.696144191	708	10.25537582	708	9.696144191
1.753666011	10.28716136	1.753666011	9.724588204	707	10.28716136	707	9.724588204
1.756149958	10.31532505	1.756149958	9.749548337	706	10.31532505	706	9.749548337
1.75864095	10.34368788	1.75864095	9.774726972	705	10.34368788	705	9.774726972
1.76113902	10.37439722	1.76113902	9.802071337	704	10.37439722	704	9.802071337
1.763644196	10.40157061	1.763644196	9.826045954	703	10.40157061	703	9.826045954
1.76615651	10.43568032	1.76615651	9.856593049	702	10.43568032	702	9.856593049
1.768675991	10.45695235	1.768675991	9.874824327	701	10.45695235	701	9.874824327
1.771202671	10.48546469	1.771202671	9.899988052	700	10.48546469	700	9.899988052
1.773736581	10.51430816	1.773736581	9.925448749	699	10.51430816	699	9.925448749
1.776277751	10.54333661	1.776277751	9.950995241	698	10.54333661	698	9.950995241
1.778826212	10.56894833	1.778826212	9.973304815	697	10.56894833	697	9.973304815
1.781381997	10.59481671	1.781381997	9.995806103	696	10.59481671	696	9.995806103
1.783945137	10.62038343	1.783945137	10.01797584	695	10.62038343	695	10.01797584
1.786515663	10.64647516	1.786515663	10.04069379	694	10.64647516	694	10.04069379
1.789093608	10.67691173	1.789093608	10.06745984	693	10.67691173	693	10.06745984
1.791679003	10.70045088	1.791679003	10.08759226	692	10.70045088	692	10.08759226
1.794271881	10.73097009	1.794271881	10.11441669	691	10.73097009	691	10.11441669
1.796872275	10.75552313	1.796872275	10.13544581	690	10.75552313	690	10.13544581
1.799480218	10.78254049	1.799480218	10.15886367	689	10.78254049	689	10.15886367
1.802095741	10.81269244	1.802095741	10.18515294	688	10.81269244	688	10.18515294
1.804718879	10.84794629	1.804718879	10.21633773	687	10.84794629	687	10.21633773
1.807349665	10.8695545	1.807349665	10.23444691	686	10.8695545	686	10.23444691
1.809988131	10.90025238	1.809988131	10.26122911	685	10.90025238	685	10.26122911
1.812634313	10.92891758	1.812634313	10.28601951	684	10.92891758	684	10.28601951
1.815288243	10.95812083	1.815288243	10.31122858	683	10.95812083	683	10.31122858
1.817949956	10.99050068	1.817949956	10.33950905	682	10.99050068	682	10.33950905
1.820619486	11.01885777	1.820619486	10.36391555	681	11.01885777	681	10.36391555
1.823296868	11.04880528	1.823296868	10.38975167	680	11.04880528	680	10.38975167
1.825982135	11.08526925	1.825982135	10.42172855	679	11.08526925	679	10.42172855
1.828675324	11.11098121	1.828675324	10.44347286	678	11.11098121	678	10.44347286
1.83137647	11.14273371	1.83137647	10.47101439	677	11.14273371	677	10.47101439
1.834085607	11.17492212	1.834085607	10.49886266	676	11.17492212	676	10.49886266
1.83680277	11.20801254	1.83680277	10.52748787	675	11.20801254	675	10.52748787
1.839527997	11.23615671	1.839527997	10.55149519	674	11.23615671	674	10.55149519
1.842261322	11.27138805	1.842261322	10.58206013	673	11.27138805	673	10.58206013
1.845002783	11.29671521	1.845002783	10.60322099	672	11.29671521	672	10.60322099
1.847752414	11.32904172	1.847752414	10.63090964	671	11.32904172	671	10.63090964
1.850510254	11.36155757	1.850510254	10.65884399	670	11.36155757	670	10.65884399
1.853276338	11.38734744	1.853276338	10.68028425	669	11.38734744	669	10.68028425
1.856050704	11.42246744	1.856050704	10.71060219	668	11.42246744	668	10.71060219
1.858833388	11.44664112	1.858833388	10.73051724	667	11.44664112	667	10.73051724
1.861624429	11.47918165	1.861624429	10.75825914	666	11.47918165	666	10.75825914
1.864423865	11.51230219	1.864423865	10.78647175	665	11.51230219	665	10.78647175
1.867231732	11.54253781	1.867231732	10.81198833	664	11.54253781	664	10.81198833
1.870048069	11.58275225	1.870048069	10.84696842	663	11.58275225	663	10.84696842
1.872872915	11.60612532	1.872872915	10.86568368	662	11.60612532	662	10.86568368
1.875706309	11.64571486	1.875706309	10.8999362	661	11.64571486	661	10.8999362
1.878548288	11.66970604	1.878548288	10.91935797	660	11.66970604	660	10.91935797
1.881398892	11.7018785	1.881398892	10.94646147	659	11.7018785	659	10.94646147
1.884258161	11.73757566	1.884258161	10.9768114	658	11.73757566	658	10.9768114
1.887126134	11.76974234	1.887126134	11.00383909	657	11.76974234	657	11.00383909
1.890002851	11.7969687	1.890002851	11.02608641	656	11.7969687	656	11.02608641
1.892888351	11.83289872	1.892888351	11.05661978	655	11.83289872	655	11.05661978
1.895782676	11.85875789	1.895782676	11.07747031	654	11.85875789	654	11.07747031
1.898685865	11.90231723	1.898685865	11.11513187	653	11.90231723	653	11.11513187
1.90159796	11.93978898	1.90159796	11.14682839	652	11.93978898	652	11.14682839
1.904519002	11.96329364	1.904519002	11.16539714	651	11.96329364	651	11.16539714
1.907449031	11.99422814	1.907449031	11.19086838	650	11.99422814	650	11.19086838
1.910388089	12.03872203	1.910388089	11.22913772	649	12.03872203	649	11.22913772
1.913336219	12.07290161	1.913336219	11.25762764	648	12.07290161	648	11.25762764
1.916293462	12.09675302	1.916293462	11.27613756	647	12.09675302	647	11.27613756
1.919259861	12.13449098	1.919259861	11.30785553	646	12.13449098	646	11.30785553
1.922235457	12.1615927	1.922235457	11.32935257	645	12.1615927	645	11.32935257
1.925220295	12.20109135	1.925220295	11.36271528	644	12.20109135	644	11.36271528
1.928214417	12.23280428	1.928214417	11.38845463	643	12.23280428	643	11.38845463
1.931217866	12.2736527	1.931217866	11.42306041	642	12.2736527	642	11.42306041
1.934230686	12.29799495	1.934230686	11.44167338	641	12.29799495	641	11.44167338
1.937252922	12.32903989	1.937252922	11.46674596	640	12.32903989	640	11.46674596
1.940284617	12.36587915	1.940284617	11.49726668	639	12.36587915	639	11.49726668
1.943325815	12.40334237	1.943325815	11.52825808	638	12.40334237	638	11.52825808
1.946376562	12.42961234	1.946376562	11.54850221	637	12.42961234	637	11.54850221
1.949436903	12.47038672	1.949436903	11.58272558	636	12.47038672	636	11.58272558
1.952506882	12.50435216	1.952506882	11.61022871	635	12.50435216	635	11.61022871
1.955586546	12.54064557	1.955586546	11.6398806	634	12.54064557	634	11.6398806
1.95867594	12.58112293	1.95867594	11.67353053	633	12.58112293	633	11.67353053
1.961775111	12.61375949	1.961775111	11.69948503	632	12.61375949	632	11.69948503
1.964884105	12.6545068	1.964884105	11.73324814	631	12.6545068	631	11.73324814
1.968002968	12.68475224	1.968002968	11.756854	630	12.68475224	630	11.756854
1.971131749	12.72426043	1.971131749	11.78923934	629	12.72426043	629	11.78923934
1.974270494	12.76000973	1.974270494	11.81817858	628	12.76000973	628	11.81817858
1.97741925	12.80942749	1.97741925	11.85983462	627	12.80942749	627	11.85983462
1.980578067	12.8306002	1.980578067	11.87462955	626	12.8306002	626	11.87462955
1.983746992	12.86524686	1.983746992	11.90219413	625	12.86524686	625	11.90219413
1.986926074	12.90946794	1.986926074	11.93874107	624	12.90946794	624	11.93874107
1.990115361	12.94743523	1.990115361	11.96938432	623	12.94743523	623	11.96938432
1.993314904	12.97319889	1.993314904	11.98817918	622	12.97319889	622	11.98817918
1.99652475	13.00484382	1.99652475	12.01249339	621	13.00484382	621	12.01249339
1.999744952	13.05332376	1.999744952	12.0529956	620	13.05332376	620	12.0529956
2.002975557	13.09244443	2.002975557	12.08439541	619	13.09244443	619	12.08439541
2.006216618	13.13587399	2.006216618	12.11973428	618	13.13587399	618	12.11973428
2.009468185	13.17429491	2.009468185	12.15040428	617	13.17429491	617	12.15040428
2.012730308	13.21386787	2.012730308	12.18197758	616	13.21386787	616	12.18197758
2.016003041	13.25748647	2.016003041	12.21740649	615	13.25748647	615	12.21740649
2.019286433	13.2860689	2.019286433	12.23843487	614	13.2860689	614	12.23843487
2.022580538	13.32275574	2.022580538	12.26708094	613	13.32275574	613	12.26708094
2.025885409	13.36314278	2.025885409	12.29917746	612	13.36314278	612	12.29917746
2.029201097	13.4076345	2.029201097	12.33508862	611	13.4076345	611	12.33508862
2.032527656	13.44809014	2.032527656	12.36719175	610	13.44809014	610	12.36719175
2.03586514	13.48381384	2.03586514	12.3945081	609	13.48381384	609	12.3945081
2.039213602	13.52563331	2.039213602	12.42775366	608	13.52563331	608	12.42775366
2.042573097	13.58752769	2.042573097	12.47985933	607	13.58752769	607	12.47985933
2.04594368	13.62472328	2.04594368	12.50858027	606	13.62472328	606	12.50858027
2.049325405	13.66608557	2.049325405	12.54117464	605	13.66608557	605	12.54117464
2.052718328	13.69671654	2.052718328	12.56335674	604	13.69671654	604	12.56335674
2.056122504	13.74860675	2.056122504	12.60586173	603	13.74860675	603	12.60586173
2.05953799	13.78953386	2.05953799	12.63768071	602	13.78953386	602	12.63768071
2.062964842	13.82776295	2.062964842	12.66686022	601	13.82776295	601	12.66686022
2.066403117	13.8668589	2.066403117	12.69685785	600	13.8668589	600	12.69685785
2.069852871	13.91457891	2.069852871	12.73511956	599	13.91457891	599	12.73511956
2.073314164	13.95005067	2.073314164	12.76132371	598	13.95005067	598	12.76132371
2.076787052	13.9986669	2.076787052	12.79999828	597	13.9986669	597	12.79999828
2.080271594	14.03951962	2.080271594	12.83126194	596	14.03951962	596	12.83126194
2.083767849	14.08118145	2.083767849	12.86363735	595	14.08118145	595	12.86363735
2.087275875	14.15165753	2.087275875	12.92281917	594	14.15165753	594	12.92281917
2.090795734	14.17802719	2.090795734	12.94034744	593	14.17802719	593	12.94034744
2.094327483	14.24519801	2.094327483	12.99635417	592	14.24519801	592	12.99635417
2.097871184	14.26733372	2.097871184	13.00962786	591	14.26733372	591	13.00962786
2.101426898	14.31014979	2.101426898	13.04193385	590	14.31014979	590	13.04193385
2.104994686	14.38748949	2.104994686	13.10763118	589	14.38748949	589	13.10763118
2.108574609	14.43630521	2.108574609	13.146096	588	14.43630521	588	13.146096
2.112166729	14.4648685	2.112166729	13.16506616	587	14.4648685	587	13.16506616
2.115771109	14.54147359	2.115771109	13.22956958	586	14.54147359	586	13.22956958
2.119387812	14.5479605	2.119387812	13.22733348	585	14.5479605	585	13.22733348
2.123016901	14.60944841	2.123016901	13.27731997	584	14.60944841	584	13.27731997
2.126658439	14.65568423	2.126658439	13.31285578	583	14.65568423	583	13.31285578
2.130312491	14.73571081	2.130312491	13.38021322	582	14.73571081	582	13.38021322
2.133979122	14.77829336	2.133979122	13.41198161	581	14.77829336	581	13.41198161
2.137658397	14.80337893	2.137658397	13.4270239	580	14.80337893	580	13.4270239
2.14135038	14.87929376	2.14135038	13.4904697	579	14.87929376	579	13.4904697
2.145055138	14.92386126	2.145055138	13.52400317	578	14.92386126	578	13.52400317
2.148772738	14.95516978	2.148772738	13.544546	577	14.95516978	577	13.544546
2.152503247	14.9876162	2.152503247	13.56646694	576	14.9876162	576	13.56646694
2.15624673	15.04960251	2.15624673	13.6163794	575	15.04960251	575	13.6163794
2.160003258	15.11693155	2.160003258	13.67099218	574	15.11693155	574	13.67099218
2.163772897	15.16451753	2.163772897	13.70669619	573	15.16451753	573	13.70669619
2.167555717	15.18676055	2.167555717	13.71855269	572	15.18676055	572	13.71855269
2.171351786	15.27690128	2.171351786	13.79496892	571	15.27690128	571	13.79496892
2.175161175	15.33056257	2.175161175	13.83648058	570	15.33056257	570	13.83648058
2.178983954	15.39132658	2.178983954	13.88432518	569	15.39132658	569	13.88432518
2.182820194	15.41979041	2.182820194	13.90171055	568	15.41979041	568	13.90171055
2.186669965	15.49401379	2.186669965	13.96244263	567	15.49401379	567	13.96244263
2.190533339	15.56295095	2.190533339	14.01807489	566	15.56295095	566	14.01807489
2.194410389	15.58379967	2.194410389	14.02790019	565	15.58379967	565	14.02790019
2.198301188	15.65901314	2.198301188	14.08924527	564	15.65901314	564	14.08924527
2.202205808	15.71499416	2.202205808	14.13254053	563	15.71499416	563	14.13254053
2.206124324	15.76678027	2.206124324	14.17128407	562	15.76678027	562	14.17128407
2.210056809	15.82407557	2.210056809	14.21564707	561	15.82407557	561	14.21564707
2.214003339	15.85104313	2.214003339	14.23083579	560	15.85104313	560	14.23083579
2.217963989	15.95164434	2.217963989	14.31608299	559	15.95164434	559	14.31608299
2.221938835	16.00006062	2.221938835	14.35162143	558	16.00006062	558	14.35162143
2.225927953	16.06020042	2.225927953	14.3983606	557	16.06020042	557	14.3983606
2.229931421	16.12758735	2.229931421	14.45158035	556	16.12758735	556	14.45158035
2.233949315	16.17437404	2.233949315	14.48526336	555	16.17437404	555	14.48526336
2.237981715	16.2138954	2.237981715	14.51166475	554	16.2138954	554	14.51166475
2.242028698	16.32045785	2.242028698	14.60215331	553	16.32045785	553	14.60215331
2.246090344	16.37528041	2.246090344	14.64345043	552	16.37528041	552	14.64345043
2.250166733	16.42019261	2.250166733	14.67501523	551	16.42019261	551	14.67501523
2.254257945	16.47342051	2.254257945	14.71457823	550	16.47342051	550	14.71457823
2.258364062	16.54222353	2.258364062	14.76855702	549	16.54222353	549	14.76855702
2.262485164	16.60741913	2.262485164	14.81929863	548	16.60741913	548	14.81929863
2.266621335	16.69267438	2.266621335	14.88888841	547	16.69267438	547	14.88888841
2.270772656	16.7085377	2.270772656	14.89254934	546	16.7085377	546	14.89254934
2.274939211	16.77842551	2.274939211	14.94775288	545	16.77842551	545	14.94775288
2.279121085	16.82069952	2.279121085	14.97606703	544	16.82069952	544	14.97606703
2.283318361	16.91180441	2.283318361	15.05115841	543	16.91180441	543	15.05115841
2.287531125	17.02260373	2.287531125	15.14501909	542	17.02260373	542	15.14501909
2.291759464	17.03822859	2.291759464	15.14818692	541	17.03822859	541	15.14818692
2.296003463	17.14503828	2.296003463	15.23735647	540	17.14503828	540	15.23735647
2.30026321	17.12265051	2.30026321	15.20398556	539	17.12265051	539	15.20398556
2.304538792	17.28409243	2.304538792	15.34547087	538	17.28409243	538	15.34547087
2.308830298	17.28703614	2.308830298	15.33612191	537	17.28703614	537	15.33612191
2.313137817	17.39060247	2.313137817	15.4226954	536	17.39060247	536	15.4226954
2.317461439	17.46559704	2.317461439	15.48156935	535	17.46559704	535	15.48156935
2.321801255	17.53891064	2.321801255	15.53895784	534	17.53891064	534	15.53895784
2.326157355	17.55901701	2.326157355	15.54569987	533	17.55901701	533	15.54569987
2.330529831	17.65209452	2.330529831	15.62171057	532	17.65209452	532	15.62171057
2.334918776	17.68341393	2.334918776	15.63907263	531	17.68341393	531	15.63907263
2.339324283	17.766592	2.339324283	15.70552302	530	17.766592	530	15.70552302
2.343746446	17.79615409	2.343746446	15.72105921	529	17.79615409	529	15.72105921
2.34818536	18.09361636	2.34818536	15.99128056	528	18.09361636	528	15.99128056
2.35264112	18.0948944	2.35264112	15.97960211	527	18.0948944	527	15.97960211
2.357113821	18.09009266	2.357113821	15.96222678	526	18.09009266	526	15.96222678
2.361603562	18.18959466	2.361603562	16.04436454	525	18.18959466	525	16.04436454
2.366110439	18.3413182	2.366110439	16.17527704	524	18.3413182	524	16.17527704
2.370634551	18.50268803	2.370634551	16.31623475	523	18.50268803	523	16.31623475
2.375175996	18.47265489	2.375175996	16.27440303	522	18.47265489	522	16.27440303
2.379734875	18.48800931	2.379734875	16.2755427	521	18.48800931	521	16.2755427
2.384311288	18.59325987	2.384311288	16.36275203	520	18.59325987	520	16.36275203
2.388905337	18.61372003	2.388905337	16.36869464	519	18.61372003	519	16.36869464
2.393517124	18.63534628	2.393517124	16.37624104	518	18.63534628	518	16.37624104
2.39814675	18.7728545	2.39814675	16.49383705	517	18.7728545	517	16.49383705
2.402794322	18.77985434	2.402794322	16.48667734	516	18.77985434	516	16.48667734
2.407459942	19.00471795	2.407459942	16.68721514	515	19.00471795	515	16.68721514
2.412143716	18.99297521	2.412143716	16.66243193	514	18.99297521	514	16.66243193
2.41684575	19.12053456	2.41684575	16.77015425	513	19.12053456	513	16.77015425
2.421566152	19.02426762	2.421566152	16.66538124	512	19.02426762	512	16.66538124
2.426305029	19.1565585	2.426305029	16.77759082	511	19.1565585	511	16.77759082
2.43106249	19.52239801	2.43106249	17.11253419	510	19.52239801	510	17.11253419
2.435838644	19.43690954	2.435838644	17.01678422	509	19.43690954	509	17.01678422
2.440633602	19.7035658	2.440633602	17.25710859	508	19.7035658	508	17.25710859
2.445447475	19.52398331	2.445447475	17.07252768	507	19.52398331	507	17.07252768
2.450280375	19.71076711	2.450280375	17.23607185	506	19.71076711	506	17.23607185
2.455132416	19.89403361	2.455132416	17.39682411	505	19.89403361	505	17.39682411
2.46000371	19.81087117	2.46000371	17.30347909	504	19.81087117	504	17.30347909
2.464894374	19.84583993	2.464894374	17.32293666	503	19.84583993	503	17.32293666
2.469804522	20.0775867	2.469804522	17.52957708	502	20.0775867	502	17.52957708
2.474734271	20.07398351	2.474734271	17.51207162	501	20.07398351	501	17.51207162
2.47968374	20.47921727	2.47968374	17.88405088	500	20.47921727	500	17.88405088
2.484653046	20.32706848	2.484653046	17.72481029	499	20.32706848	499	17.72481029
2.489642309	20.67377557	2.489642309	18.04087873	498	20.67377557	498	18.04087873
2.49465165	20.46419698	2.49465165	17.82717631	497	20.46419698	497	17.82717631
2.49968119	20.50808749	2.49968119	17.85454088	496	20.50808749	496	17.85454088
2.504731051	20.57408464	2.504731051	17.90365594	495	20.57408464	495	17.90365594
2.509801356	20.64961686	2.509801356	17.96128666	494	20.64961686	494	17.96128666
2.514892231	21.11107375	2.514892231	18.38633564	493	21.11107375	493	18.38633564
2.520003801	21.39509876	2.520003801	18.64229585	492	21.39509876	492	18.64229585
2.525136191	20.96315376	2.525136191	18.21683232	491	20.96315376	491	18.21683232
2.530289531	20.77900192	2.530289531	18.0269405	490	20.77900192	490	18.0269405
2.535463947	21.51331416	2.535463947	18.71204862	489	21.51331416	489	18.71204862
2.54065957	21.51793441	2.54065957	18.70228078	488	21.51793441	488	18.70228078
2.54587653	21.81218104	2.54587653	18.96828621	487	21.81218104	487	18.96828621
2.551114959	21.52817539	2.551114959	18.68317152	486	21.52817539	486	18.68317152
2.55637499	21.89010254	2.55637499	19.01367142	485	21.89010254	485	19.01367142
2.561656756	21.67691455	2.561656756	18.79586907	484	21.67691455	484	18.79586907
2.566960393	21.75111983	2.566960393	18.85226373	483	21.75111983	483	18.85226373
2.572286037	21.78469124	2.572286037	18.86986398	482	21.78469124	482	18.86986398
2.577633825	21.69223879	2.577633825	18.76693856	481	21.69223879	481	18.76693856
2.583003896	22.54821223	2.583003896	19.56794536	480	22.54821223	480	19.56794536
2.588396388	22.70558408	2.588396388	19.70380211	479	22.70558408	479	19.70380211
2.593811444	23.12129569	2.593811444	20.08560364	478	23.12129569	478	20.08560364
2.599249203	22.26549506	2.599249203	19.25546877	477	22.26549506	477	19.25546877
2.604709811	22.86538801	2.604709811	19.81271848	476	22.86538801	476	19.81271848
2.610193411	22.97611436	2.610193411	19.90364876	475	22.97611436	475	19.90364876
2.615700148	23.30593495	2.615700148	20.20339238	474	23.30593495	474	20.20339238
2.621230169	23.17360438	2.621230169	20.06308861	473	23.17360438	473	20.06308861
2.626783623	24.01056927	2.626783623	20.84612977	472	24.01056927	472	20.84612977
2.632360658	23.43686831	2.632360658	20.28478075	471	23.43686831	471	20.28478075
2.637961426	23.7025207	2.637961426	20.52384463	470	23.7025207	470	20.52384463
2.643586077	23.43763175	2.643586077	20.2567153	469	23.43763175	469	20.2567153
2.649234765	25.11655417	2.649234765	21.84212787	468	25.11655417	468	21.84212787
2.654907645	24.45436574	2.654907645	21.19726756	467	24.45436574	467	21.19726756
2.660604871	23.84911981	2.660604871	20.60622008	466	23.84911981	466	20.60622008
2.666326602	24.87192373	2.666326602	21.56616068	465	24.87192373	465	21.56616068
2.672072996	24.53709923	2.672072996	21.23291819	464	24.53709923	464	21.23291819
2.677844212	23.9615156	2.677844212	20.67013783	463	23.9615156	463	20.67013783
2.683640411	25.18691121	2.683640411	21.82354856	462	25.18691121	462	21.82354856
2.689461757	24.98650319	2.689461757	21.61814621	461	24.98650319	461	21.61814621
2.695308413	25.52646645	2.695308413	22.11872854	460	25.52646645	460	22.11872854
2.701180545	24.89750475	2.701180545	21.50505567	459	24.89750475	459	21.50505567
2.707078319	27.26561726	2.707078319	23.74725235	458	27.26561726	458	23.74725235
2.713001904	26.17771362	2.713001904	22.69691733	457	26.17771362	457	22.69691733
2.718951469	26.43220433	2.718951469	22.92535356	456	26.43220433	456	22.92535356
2.724927187	31.18066372	2.724927187	27.4358428	455	31.18066372	455	27.4358428
2.730929229	30.26508025	2.730929229	26.5496094	454	30.26508025	454	26.5496094
2.73695777	25.99977055	2.73695777	22.47106278	453	25.99977055	453	22.47106278
2.743012987	27.15138282	2.743012987	23.55451581	452	27.15138282	452	23.55451581
2.749095055	26.44027033	2.749095055	22.86291773	451	26.44027033	451	22.86291773
2.755204156	24.88343037	2.755204156	21.36536757	450	24.88343037	450	21.36536757
2.761340468	36.02309612	2.761340468	31.96661127	449	36.02309612	449	31.96661127
2.767504174	30.4953537	2.767504174	26.68538366	448	30.4953537	448	26.68538366
2.773695459	29.64237171	2.773695459	25.85918715	447	29.64237171	447	25.85918715
2.779914507	31.65060954	2.779914507	27.75893584	446	31.65060954	446	27.75893584
2.786161506	29.1762519	2.786161506	25.38716286	445	29.1762519	445	25.38716286
2.792436644	26.99573601	2.792436644	23.29602985	444	26.99573601	444	23.29602985
2.798740113	23.57674544	2.798740113	20.02423652	443	23.57674544	443	20.02423652
2.805072104	37.36035435	2.805072104	33.14524308	442	37.36035435	442	33.14524308
2.811432812	25.64217798	2.811432812	21.9653875	441	25.64217798	441	21.9653875
2.817822432	31.78469929	2.817822432	27.80519423	440	31.78469929	440	27.80519423
2.824241162	27.27298435	2.824241162	23.49251285	439	27.27298435	439	23.49251285
2.830689201	29.90130578	2.830689201	25.98380408	438	29.90130578	438	25.98380408
2.837166751	26.40193137	2.837166751	22.63577014	437	26.40193137	437	22.63577014
2.843674014	30.63194669	2.843674014	26.65337368	436	30.63194669	436	26.65337368
2.850211195	24.61508149	2.850211195	20.90670599	435	24.61508149	435	20.90670599
2.856778502	29.52511992	2.856778502	25.57244571	434	29.52511992	434	25.57244571
2.863376143	24.66129821	2.863376143	20.92474181	433	24.66129821	433	20.92474181
2.870004329	22.06696052	2.870004329	18.43960044	432	22.06696052	432	18.43960044
2.876663271	24.16806632	2.876663271	20.42869326	431	24.16806632	431	20.42869326
2.883353186	25.2192346	2.883353186	21.41746321	430	25.2192346	430	21.41746321
2.890074289	27.54817114	2.890074289	23.62387098	429	27.54817114	429	23.62387098
2.896826799	25.87605394	2.896826799	22.01805505	428	25.87605394	428	22.01805505
2.903610937	22.96029027	2.903610937	19.22682079	427	22.96029027	427	19.22682079
2.910426925	24.21693688	2.910426925	20.41136538	426	24.21693688	426	20.41136538
2.917274988	23.87317755	2.917274988	20.07135145	425	23.87317755	425	20.07135145
2.924155354	32.29859489	2.924155354	28.08744221	424	32.29859489	424	28.08744221
2.931068251	31.73926867	2.931068251	27.54181192	423	31.73926867	423	27.54181192
2.93801391	24.81588965	2.93801391	20.93200865	422	24.81588965	422	20.93200865
2.944992565	24.71243441	2.944992565	20.82128943	421	24.71243441	421	20.82128943
2.952004452	29.61579723	2.952004452	25.4813463	420	29.61579723	420	25.4813463
2.959049809	29.48577179	2.959049809	25.345216	419	29.48577179	419	25.345216
2.966128876	23.98458902	2.966128876	20.09097215	418	23.98458902	418	20.09097215
2.973241894	26.99262329	2.973241894	22.94539403	417	26.99262329	417	22.94539403
2.980389111	24.57578382	2.980389111	20.63041688	416	24.57578382	416	20.63041688
2.987570771	25.55107147	2.987570771	21.54765022	415	25.55107147	415	21.54765022
2.994787126	27.47675031	2.994787126	23.37107404	414	27.47675031	414	23.37107404
3.002038426	30.19408075	3.002038426	25.94865241	413	30.19408075	413	25.94865241
3.009324927	25.78118135	3.009324927	21.73167968	412	25.78118135	412	21.73167968
3.016646886	25.8726997	3.016646886	21.80759687	411	25.8726997	411	21.80759687
3.024004561	30.11962095	3.024004561	25.84266855	410	30.11962095	410	25.84266855
3.031398215	25.03345258	3.031398215	20.984441	409	25.03345258	409	20.984441
3.038828113	26.21484679	3.038828113	22.09906995	408	26.21484679	408	22.09906995
3.046294521	23.9614583	3.046294521	19.94046332	407	23.9614583	407	19.94046332
3.053797709	23.3039145	3.053797709	19.30251576	406	23.3039145	406	19.30251576
3.061337951	22.27608742	3.061337951	18.31205607	405	22.27608742	405	18.31205607
3.06891552	24.90001992	3.06891552	20.80122893	404	24.90001992	404	20.80122893
3.076530695	22.56870258	3.076530695	18.56867069	403	22.56870258	403	18.56867069
3.084183756	23.56222939	3.084183756	19.50435207	402	23.56222939	402	19.50435207
3.091874988	20.64055848	3.091874988	16.70954306	401	20.64055848	401	16.70954306
3.099604675	23.18273005	3.099604675	19.12110395	400	23.18273005	400	19.12110395
3.107373108	23.99882593	3.107373108	19.88798275	399	23.99882593	399	19.88798275
3.115180578	23.2943531	3.115180578	19.20611043	398	23.2943531	398	19.20611043
3.12302738	21.80625859	3.12302738	17.77728625	397	21.80625859	397	17.77728625
3.130913813	22.12725933	3.130913813	18.07261001	396	22.12725933	396	18.07261001
3.138840177	21.72037582	3.138840177	17.67438496	395	21.72037582	395	17.67438496
3.146806777	23.50750729	3.146806777	19.36713693	394	23.50750729	394	19.36713693
3.154813919	21.932267	3.154813919	17.85585506	393	21.932267	393	17.85585506
3.162861913	21.40857317	3.162861913	17.34652184	392	21.40857317	392	17.34652184
3.170951074	27.62191015	3.170951074	23.25722834	391	27.62191015	391	23.25722834
3.179081718	22.82554727	3.179081718	18.67670379	390	22.82554727	390	18.67670379
3.187254165	34.91448784	3.187254165	30.18632388	389	34.91448784	389	30.18632388
3.195468737	20.86952725	3.195468737	16.79302545	388	20.86952725	388	16.79302545
3.203725762	23.20558373	3.203725762	19.0094011	387	23.20558373	387	19.0094011
3.21202557	23.9396648	3.21202557	19.69895451	386	23.9396648	386	19.69895451
3.220368494	28.58599473	3.220368494	24.11673262	385	28.58599473	385	24.11673262
3.22875487	26.05212058	3.22875487	21.69274954	384	26.05212058	384	21.69274954
3.237185039	23.40840413	3.237185039	19.16403684	383	23.40840413	383	19.16403684
3.245659346	24.58796158	3.245659346	20.27857126	382	24.58796158	382	20.27857126
3.254178136	22.91206115	3.254178136	18.67239872	381	22.91206115	381	18.67239872
3.262741763	19.69703681	3.262741763	15.59943839	380	19.69703681	380	15.59943839
3.27135058	20.89631924	3.27135058	16.73310736	379	20.89631924	379	16.73310736
3.280004947	20.17428663	3.280004947	16.0360956	378	20.17428663	378	16.0360956
3.288705225	23.02238924	3.288705225	18.74106486	377	23.02238924	377	18.74106486
3.297451782	23.83575799	3.297451782	19.50692077	376	23.83575799	376	19.50692077
3.306244987	20.58163012	3.306244987	16.3973201	375	20.58163012	375	16.3973201
3.315085214	21.79438503	3.315085214	17.54408457	374	21.79438503	374	17.54408457
3.323972842	18.60974704	3.323972842	14.50073391	373	18.60974704	373	14.50073391
3.332908253	23.34522484	3.332908253	19.00454596	372	23.34522484	372	19.00454596
3.341891833	21.8428085	3.341891833	17.56440887	371	21.8428085	371	17.56440887
3.350923973	19.79847109	3.350923973	15.60785011	370	19.79847109	370	15.60785011
3.360005068	21.91383875	3.360005068	17.61504939	369	21.91383875	369	17.61504939
3.369135516	22.85175064	3.369135516	18.50088346	368	22.85175064	368	18.50088346
3.378315722	24.88380453	3.378315722	20.42854948	367	24.88380453	367	20.42854948
3.387546093	22.94396881	3.387546093	18.57203537	366	22.94396881	366	18.57203537
3.396827041	19.36199454	3.396827041	15.15070625	365	19.36199454	365	15.15070625
3.406158984	25.09869391	3.406158984	20.60910969	364	25.09869391	364	20.60910969
3.415542342	19.85082272	3.415542342	15.60045372	363	19.85082272	363	15.60045372
3.424977541	19.10011701	3.424977541	14.87739096	362	19.10011701	362	14.87739096
3.434465014	20.89724158	3.434465014	16.58210837	361	20.89724158	361	16.58210837
3.444005194	20.50322697	3.444005194	16.19894819	360	20.50322697	360	16.19894819
3.453598524	26.00761643	3.453598524	21.43639838	359	26.00761643	359	21.43639838
3.463245447	19.38460759	3.463245447	15.11782108	358	19.38460759	358	15.11782108
3.472946415	19.08540264	3.472946415	14.82519013	357	19.08540264	357	14.82519013
3.482701882	25.26396809	3.482701882	20.70512576	356	25.26396809	356	20.70512576
3.49251231	19.59656315	3.49251231	15.29732564	355	19.59656315	355	15.29732564
3.502378164	31.75568198	3.502378164	26.87621345	354	31.75568198	354	26.87621345
3.512299915	19.37659741	3.512299915	15.0727844	353	19.37659741	353	15.0727844
3.52227804	18.10950423	3.52227804	13.85822212	352	18.10950423	352	13.85822212
3.53231302	23.16744174	3.53231302	18.6705815	351	23.16744174	351	18.6705815
3.542405343	18.65198517	3.542405343	14.36044188	350	18.65198517	350	14.36044188
3.552555501	21.92165722	3.552555501	17.46881892	349	21.92165722	349	17.46881892
3.562763994	19.64775325	3.562763994	15.29445559	348	19.64775325	348	15.29445559
3.573031326	21.84743552	3.573031326	17.38336494	347	21.84743552	347	17.38336494
3.583358006	23.69136212	3.583358006	19.13338551	346	23.69136212	346	19.13338551
3.593744551	21.1549232	3.593744551	16.70982126	345	21.1549232	345	16.70982126
3.604191483	18.83815513	3.604191483	14.49515336	344	18.83815513	344	14.49515336
3.614699329	18.28861886	3.614699329	13.96493887	343	18.28861886	343	13.96493887
3.625268626	27.1303385	3.625268626	22.38228072	342	27.1303385	342	22.38228072
3.635899912	21.65051189	3.635899912	17.1544058	341	21.65051189	341	17.1544058
3.646593735	28.57617987	3.646593735	23.74801672	340	28.57617987	340	23.74801672
