Column 1: energy in eV
Column 2: alpha *1e3 in 1/cm, linear interpolation
Column 3: energy in eV
Column 4: alpha *1e3 in 1/cm, spline interpolation
0.169377304645	0.441321451557	0.169377304645	0.446202801782
0.203252765574	0.065172736028	0.203252765574	0.0594694659127
0.203586513957	0.0219363283074	0.203586513957	0.0222007828562
0.203921360197	-0.136059530302	0.203921360197	-0.13670224997
0.23616035619	0.267633314716	0.23616035619	0.259623347036
0.269530841304	0.247750303804	0.269530841304	0.411906377706
0.302400456098	0.230628995612	0.302400456098	0.236145202629
0.336000506775	0.223279018697	0.336000506775	0.18379898506
0.369000556548	0.213589173364	0.369000556548	0.205647934528
0.402546061688	0.206770408666	0.402546061688	0.217301809557
0.435032235088	0.201180243637	0.435032235088	0.231311761289
0.467864856604	0.184119731948	0.467864856604	0.197173637143
0.502570680989	0.155830783211	0.502570680989	0.0608641125303
0.535800289542	0.123344451495	0.535800289542	0.0824933199882
0.56279703586	0.412100369114	0.56279703586	0.420182122167
0.563564486364	0.342802745421	0.563564486364	0.343363895163
0.568474034846	0.236583424846	0.568474034846	0.293859363793
0.601864985437	-0.0341154023186	0.601864985437	0.00892742040815
0.634839667179	-0.0258375122135	0.634839667179	-0.102658308575
0.668018248922	-0.0131942514189	0.668018248922	-0.0236699796488
0.701268026018	0.00127991079643	0.701268026018	0.0254923112432
0.734068602724	0.0101638982422	0.734068602724	0.0156240162356
0.76722887995	0.0127642475216	0.76722887995	0.00923379238622
0.800414377017	0.0112185675997	0.800414377017	0.0114516805555
0.833227063172	0.00755399064339	0.833227063172	0.00985885914832
0.865811361732	0.00406626987097	0.865811361732	0.00524671738279
0.898436137681	0.00216024669136	0.898436137681	0.00223054882749
0.931511547708	0.0007216786988	0.931511547708	0.00120555413898
0.964107208398	-0.00112422428156	0.964107208398	-0.000241289789492
0.996657451768	0.000331421265127	0.996657451768	0.000949183966048
1.02891441494	0.00207357013478	1.02891441494	0.00287217844416
1.06150845034	0.00320586629741	1.06150845034	0.004321680276
1.09429997352	0.00440978870207	1.09429997352	0.00534479913392
1.12610524069	0.00543823237824	1.12610524069	0.00630684962095
1.15873071963	0.00791559748129	1.15873071963	0.00871392354161
1.19101044188	0.00868914725065	1.19101044188	0.00932688993998
1.22272373767	0.00985808102472	1.22272373767	0.0108341357692
1.25490067814	0.0137843488438	1.25490067814	0.0144988136193
1.28747857736	0.0183062367712	1.28747857736	0.0191419206991
1.31898071277	0.0202272994482	1.31898071277	0.0213990416038
1.35059027233	0.0233019927653	1.35059027233	0.0241346682193
1.38220944259	0.0259673490537	1.38220944259	0.0269195261948
1.41373075257	0.0278278718152	1.41373075257	0.0289059864491
1.44503714452	0.0284205357753	1.44503714452	0.0299774214587
1.47776146603	0.0310481384239	1.47776146603	0.0317246069291
1.50832344282	0.030112656327	1.50832344282	0.0296496168694
1.54017623602	0.0321727988808	1.54017623602	0.0331936070211
1.5714092142	0.041280894074	1.5714092142	0.0419306917984
1.60186288114	0.0477296452833	1.60186288114	0.0487929479859
1.63352025033	0.0499162986982	1.63352025033	0.0521144612884
1.66421727517	0.0519888795563	1.66421727517	0.0527871431272
1.69377304645	0.0524845735582	1.69377304645	0.0529038663738
1.72439759388	0.0542249281699	1.72439759388	0.0552059508513
1.75614995751	0.0578321364518	1.75614995751	0.0589395497476
1.78651566282	0.0602250807903	1.78651566282	0.0610639223441
1.81528824305	0.0601161038624	1.81528824305	0.0609552069033
1.84775241431	0.0639417024107	1.84775241431	0.0648078675572
1.87570630862	0.0644804951106	1.87570630862	0.0652221857232
1.90744903077	0.0696052090259	1.90744903077	0.0704619095888
1.93725292187	0.0719625332822	1.93725292187	0.0729379374156
1.9648841046	0.0724911325007	1.9648841046	0.0733125721523
1.9965247504	0.0777861387057	1.9965247504	0.0785278000526
2.0258854085	0.0808212120089	2.0258854085	0.0819249874008
2.05271832781	0.0813025218113	2.05271832781	0.0823156468347
2.08376784874	0.0855747212098	2.08376784874	0.0861811795722
2.11216672913	0.0868918597295	2.11216672913	0.0876654467644
2.14135037997	0.0916595897469	2.14135037997	0.0925291888738
2.17135178634	0.0975613427164	2.17135178634	0.0983584300421
2.19830118794	0.0991886923952	2.19830118794	0.100403529419
2.22592795332	0.100529166469	2.22592795332	0.101946432351
2.25425794545	0.103274038532	2.25425794545	0.103743742633
2.28331836096	0.105738835844	2.28331836096	0.1058018167
2.31313781716	0.110353728736	2.31313781716	0.111320209036
2.33932428302	0.11623490148	2.33932428302	0.116804377074
2.36611043893	0.123141147698	2.36611043893	0.12341328414
2.39351712355	0.128289383827	2.39351712355	0.129462160336
2.42156615234	0.138639949339	2.42156615234	0.13911235859
2.45028037549	0.150840380814	2.45028037549	0.151782358552
2.47473427146	0.15595772373	2.47473427146	0.15776929265
2.49968118952	0.16092656952	2.49968118952	0.161653274975
2.53028953061	0.170800400454	2.53028953061	0.170090377954
2.55637498969	0.17985750317	2.55637498969	0.1797059317
2.58300389583	0.19665903452	2.58300389583	0.197372611951
2.60470981092	0.210104822061	2.60470981092	0.21035678139
2.63236065817	0.228535136256	2.63236065817	0.229354903894
2.66060487124	0.249316160516	2.66060487124	0.250673092958
2.68364041126	0.267423163806	2.68364041126	0.267683949196
2.70707831878	0.285019723607	2.70707831878	0.285293690171
2.73695777042	0.312286852326	2.73695777042	0.311865133661
2.76134046771	0.337490049514	2.76134046771	0.337300731261
2.78616150562	0.370767418381	2.78616150562	0.371913303169
2.81143281179	0.406084669616	2.81143281179	0.406174281426
2.83068920091	0.424071987129	2.83068920091	0.425038912868
2.8567785023	0.459741686615	2.8567785023	0.461037664257
2.88335318605	0.505508081081	2.88335318605	0.504646447658
2.90361093677	0.535335738856	2.90361093677	0.533827005452
2.93106825059	0.58522303028	2.93106825059	0.585186673004
2.95200445238	0.633455543804	2.95200445238	0.633752189698
2.97324189448	0.688924167531	2.97324189448	0.687931703729
2.9947871256	0.739060631473	2.9947871256	0.739602715464
3.01664688564	0.795305292477	3.01664688564	0.796473425472
3.03882811275	0.869684554319	3.03882811275	0.866128906665
3.06133795062	0.950498572228	3.06133795062	0.945189882138
3.08418375622	1.04485565088	3.08418375622	1.0439237721
3.10737310777	1.17453732236	3.10737310777	1.17565321304
3.12302738035	1.2663828887	3.12302738035	1.26549579297
3.14680677665	1.40145656545	3.14680677665	1.39865512463
3.17095107417	1.55647545903	3.17095107417	1.55228981806
3.19546873711	1.78182175807	3.19546873711	1.77807627267
3.20372576227	1.86332538687	3.20372576227	1.85852785587
3.23718503916	2.22343733146	3.23718503916	2.24763591672
