Column 1: energy in eV
Column 2: k *1e-3, linear interpolation
Column 3: energy in eV
Column 4: k *1e-3, spline interpolation
Column 5: lambda in nm
Column 6: k *1e-3, linear interpolation
Column 7: lambda in nm
Column 8: k *1e-3, spline interpolation
0.283716675057	1.20626985104	0.283068920091	0.709292529957	4370.0	1.20626985104	4380.0	0.709292529957
0.317095107417	0.166767357845	0.317095107417	-0.00544532321818	3910.0	0.166767357845	3910.0	-0.00544532321818
0.348270188202	-0.0956036639425	0.348270188202	-0.18101289171	3560.0	-0.0956036639425	3560.0	-0.18101289171
0.380319592025	0.020706203395	0.380319592025	0.0167307348582	3260.0	0.020706203395	3260.0	0.0167307348582
0.411907598007	0.118486059155	0.411907598007	0.100075038313	3010.0	0.118486059155	3010.0	0.100075038313
0.442800667857	0.158733459131	0.442800667857	0.100880545488	2800.0	0.158733459131	2800.0	0.100880545488
0.475035199234	0.365842248	0.475035199234	0.368889763935	2610.0	0.365842248	2610.0	0.368889763935
0.506264544712	0.742013028448	0.506264544712	0.745707020588	2449.0	0.742013028448	2449.0	0.745707020588
0.53789235141	0.952415704673	0.53789235141	0.975351776847	2305.0	0.952415704673	2305.0	0.975351776847
0.568734802752	0.865339236485	0.568734802752	0.904506669912	2180.0	0.865339236485	2180.0	0.904506669912
0.60040768523	0.845987815213	0.60040768523	0.822581503983	2065.0	0.845987815213	2065.0	0.822581503983
0.631605639328	0.858854668119	0.631605639328	0.830914945781	1963.0	0.858854668119	1963.0	0.830914945781
0.663017042781	0.943260339873	0.663017042781	0.939567104601	1870.0	0.943260339873	1870.0	0.939567104601
0.694978626682	1.04786259644	0.694978626682	1.05770568822	1784.0	1.04786259644	1784.0	1.05770568822
0.725477981276	1.05247397915	0.725477981276	1.06915829673	1709.0	1.05247397915	1709.0	1.06915829673
0.756462397804	1.00933328974	0.756462397804	1.02188753004	1639.0	1.00933328974	1639.0	1.02188753004
0.787701315121	0.922000521956	0.787701315121	0.923641744385	1574.0	0.922000521956	1574.0	0.923641744385
0.818918011889	0.814821660411	0.818918011889	0.810127367925	1514.0	0.814821660411	1514.0	0.810127367925
0.849788807402	0.716781533619	0.849788807402	0.714777558135	1459.0	0.716781533619	1459.0	0.714777558135
0.880569509943	0.650884146652	0.880569509943	0.644663890664	1408.0	0.650884146652	1408.0	0.644663890664
0.911648433824	0.60360361384	0.911648433824	0.590063139843	1360.0	0.60360361384	1360.0	0.590063139843
0.942845528517	0.564562126084	0.942845528517	0.560597982813	1315.0	0.564562126084	1315.0	0.560597982813
0.973952765122	0.565118277035	0.973952765122	0.567497742075	1273.0	0.565118277035	1273.0	0.567497742075
1.00067947538	0.537894747568	1.00067947538	0.534909808663	1239.0	0.537894747568	1239.0	0.534909808663
1.03492643573	0.52828322829	1.03492643573	0.532182995509	1198.0	0.52828322829	1198.0	0.532182995509
1.0651562457	0.478672171325	1.0651562457	0.478105567524	1164.0	0.478672171325	1164.0	0.478105567524
1.09623507515	0.473142132811	1.09623507515	0.463112446424	1131.0	0.473142132811	1131.0	0.463112446424
1.12610524069	0.45909937705	1.12610524069	0.457441347755	1101.0	0.45909937705	1101.0	0.457441347755
1.15656890858	0.454482403687	1.15656890858	0.456367567671	1072.0	0.454482403687	1072.0	0.456367567671
1.18758799808	0.449170525657	1.18758799808	0.44422809813	1044.0	0.449170525657	1044.0	0.44422809813
1.2179193222	0.444471345011	1.2179193222	0.442051604418	1018.0	0.444471345011	1018.0	0.442051604418
1.24732582495	0.440948000138	1.24732582495	0.441197642856	994.0	0.440948000138	994.0	0.441197642856
1.27818749485	0.448331661029	1.27818749485	0.445994619238	970.0	0.448331661029	970.0	0.445994619238
1.30785007384	0.433988538701	1.30785007384	0.435419947514	948.0	0.433988538701	948.0	0.435419947514
1.33747774542	0.41595523795	1.33747774542	0.4161836865	927.0	0.41595523795	927.0	0.4161836865
1.36847888521	0.416577818304	1.36847888521	0.413128343642	906.0	0.416577818304	906.0	0.413128343642
1.39779241263	0.398950237244	1.39779241263	0.397411578973	887.0	0.398950237244	887.0	0.397411578973
1.42838925115	0.392365103026	1.42838925115	0.392877701839	868.0	0.392365103026	868.0	0.392877701839
1.45692346651	0.376006985581	1.45692346651	0.375352873953	851.0	0.376006985581	851.0	0.375352873953
1.48662094724	0.366100639194	1.48662094724	0.36221732765	834.0	0.366100639194	834.0	0.36221732765
1.51569910758	0.353114131013	1.51569910758	0.351086805061	818.0	0.353114131013	818.0	0.351086805061
1.54593749377	0.356596096308	1.54593749377	0.354922504001	802.0	0.356596096308	802.0	0.354922504001
1.57540263024	0.364371578199	1.57540263024	0.362440044187	787.0	0.364371578199	787.0	0.362440044187
1.60393514877	0.358736342777	1.60393514877	0.359195366854	773.0	0.358736342777	773.0	0.359195366854
1.63352025033	0.354638457595	1.63352025033	0.35412935422	759.0	0.354638457595	759.0	0.35412935422
1.66421727517	0.357816490464	1.66421727517	0.356064014246	745.0	0.357816490464	745.0	0.356064014246
1.69146230559	0.348586472389	1.69146230559	0.347259198657	733.0	0.348586472389	733.0	0.347259198657
1.72200259722	0.352241852781	1.72200259722	0.350949746402	720.0	0.352241852781	720.0	0.350949746402
1.74871913963	0.341621644709	1.74871913963	0.340225739087	709.0	0.341621644709	709.0	0.340225739087
1.77882621234	0.346116751327	1.77882621234	0.344783605046	697.0	0.346116751327	697.0	0.344783605046
1.80734966472	0.347816597856	1.80734966472	0.346698608494	686.0	0.347816597856	686.0	0.346698608494
1.83680277037	0.351764875889	1.83680277037	0.351459906432	675.0	0.351764875889	675.0	0.351459906432
1.86442386466	0.346529519058	1.86442386466	0.345758158384	665.0	0.346529519058	665.0	0.345758158384
1.89288835115	0.342673325159	1.89288835115	0.341310989205	655.0	0.342673325159	655.0	0.341310989205
1.91925986068	0.33519377256	1.91925986068	0.333718138946	646.0	0.33519377256	646.0	0.333718138946
1.94943690252	0.343811603185	1.94943690252	0.342029458901	636.0	0.343811603185	636.0	0.342029458901
1.9774192504	0.345926918561	1.9774192504	0.344906605909	627.0	0.345926918561	627.0	0.344906605909
2.00297555735	0.340802897581	2.00297555735	0.340055154629	619.0	0.340802897581	619.0	0.340055154629
2.03252765574	0.351741960179	2.03252765574	0.350149796442	610.0	0.351741960179	610.0	0.350149796442
2.05953799003	0.35197245185	2.05953799003	0.351110523166	602.0	0.35197245185	602.0	0.351110523166
2.08727587542	0.356902476137	2.08727587542	0.356360205713	594.0	0.356902476137	594.0	0.356360205713
2.11216672913	0.354186954306	2.11216672913	0.352992581656	587.0	0.354186954306	587.0	0.352992581656
2.14135037997	0.360577122245	2.14135037997	0.359926213104	579.0	0.360577122245	579.0	0.359926213104
2.16755571678	0.359961598606	2.16755571678	0.359287209909	572.0	0.359961598606	572.0	0.359287209909
2.19441038938	0.362613367141	2.19441038938	0.361165265573	565.0	0.362613367141	565.0	0.361165265573
2.22193883513	0.366972681813	2.22193883513	0.365850646817	558.0	0.366972681813	558.0	0.365850646817
2.25016673321	0.37530834984	2.25016673321	0.373684260085	551.0	0.37530834984	551.0	0.373684260085
2.27493921101	0.377587476524	2.27493921101	0.375862397743	545.0	0.377587476524	545.0	0.375862397743
2.30026320965	0.383039056963	2.30026320965	0.382191935487	539.0	0.383039056963	539.0	0.382191935487
2.3261573546	0.392556617688	2.3261573546	0.392784967361	533.0	0.392556617688	533.0	0.392784967361
2.35264111954	0.401312151875	2.35264111954	0.400819538076	527.0	0.401312151875	527.0	0.400819538076
2.37973487524	0.40793886957	2.37973487524	0.405176564599	521.0	0.40793886957	521.0	0.405176564599
2.40745994175	0.420038875911	2.40745994175	0.41747089184	515.0	0.420038875911	515.0	0.41747089184
2.4310624902	0.430643989085	2.4310624902	0.429942892328	510.0	0.430643989085	510.0	0.429942892328
2.45513241584	0.44898566337	2.45513241584	0.447797025322	505.0	0.44898566337	505.0	0.447797025322
2.47968374	0.462555147566	2.47968374	0.46056872706	500.0	0.462555147566	500.0	0.46056872706
2.50473105051	0.476459261571	2.50473105051	0.475243092104	495.0	0.476459261571	495.0	0.475243092104
2.53028953061	0.507847259073	2.53028953061	0.505270710076	490.0	0.507847259073	490.0	0.505270710076
2.55637498969	0.547941104158	2.55637498969	0.544909885791	485.0	0.547941104158	485.0	0.544909885791
2.58300389583	0.585347356276	2.58300389583	0.584016529532	480.0	0.585347356276	480.0	0.584016529532
2.60470981092	0.611105837221	2.60470981092	0.609716920099	476.0	0.611105837221	476.0	0.609716920099
2.63236065817	0.671670479713	2.63236065817	0.668871685191	471.0	0.671670479713	471.0	0.668871685191
2.65490764454	0.712044681728	2.65490764454	0.710125473326	467.0	0.712044681728	467.0	0.710125473326
2.67784421166	0.75829557269	2.67784421166	0.755698399788	463.0	0.75829557269	463.0	0.755698399788
2.70118054466	0.815152955931	2.70118054466	0.811629144794	459.0	0.815152955931	459.0	0.811629144794
2.72492718681	0.88298279545	2.72492718681	0.882446068489	455.0	0.88298279545	455.0	0.882446068489
2.74909505543	0.963036502253	2.74909505543	0.96108389161	451.0	0.963036502253	451.0	0.96108389161
2.77369545861	1.04099257918	2.77369545861	1.03723210308	447.0	1.04099257918	447.0	1.03723210308
2.79874011287	1.12296838446	2.79874011287	1.12206458874	443.0	1.12296838446	443.0	1.12206458874
2.81782243182	1.19119770644	2.81782243182	1.18919344644	440.0	1.19119770644	440.0	1.18919344644
2.84367401376	1.30680989699	2.84367401376	1.30324032805	436.0	1.30680989699	436.0	1.30324032805
2.86337614319	1.37759949377	2.86337614319	1.37571523059	433.0	1.37759949377	433.0	1.37571523059
2.88335318605	1.46176035364	2.88335318605	1.46015759739	430.0	1.46176035364	430.0	1.46015759739
2.91042692488	1.61961272496	2.91042692488	1.6151511161	426.0	1.61961272496	426.0	1.6151511161
2.93106825059	1.72879620901	2.93106825059	1.72755929317	423.0	1.72879620901	423.0	1.72755929317
2.95200445238	1.84308089498	2.95200445238	1.84154913064	420.0	1.84308089498	420.0	1.84154913064
2.97324189448	1.97503672136	2.97324189448	1.96918580684	417.0	1.97503672136	417.0	1.96918580684
2.9947871256	2.12437953788	2.9947871256	2.12160072636	414.0	2.12437953788	414.0	2.12160072636
3.01664688564	2.30043839574	3.01664688564	2.29623382404	411.0	2.30043839574	411.0	2.29623382404
3.03882811275	2.49217015303	3.03882811275	2.48620532961	408.0	2.49217015303	408.0	2.48620532961
3.05379770936	2.62148657754	3.05379770936	2.6167515669	406.0	2.62148657754	406.0	2.6167515669
3.07653069479	2.8898399751	3.07653069479	2.87827043219	403.0	2.8898399751	403.0	2.87827043219
3.099604675	3.20799930072	3.099604675	3.20125685398	400.0	3.20799930072	400.0	3.20125685398
3.11518057789	3.43757270953	3.11518057789	3.43247107258	398.0	3.43757270953	398.0	3.43247107258
3.13884017722	3.84943537526	3.13884017722	3.84325820059	395.0	3.84943537526	395.0	3.84325820059
3.15481391858	4.15567604676	3.15481391858	4.14599803925	393.0	4.15567604676	393.0	4.14599803925
3.17908171795	4.71084726037	3.17908171795	4.70158699716	390.0	4.71084726037	390.0	4.70158699716
3.19546873711	5.13153054263	3.19546873711	5.1261632313	388.0	5.13153054263	388.0	5.1261632313
3.21202556995	5.61308811985	3.21202556995	5.60953492739	386.0	5.61308811985	386.0	5.60953492739
3.22875486979	6.15706846568	3.22875486979	6.1533508084	384.0	6.15706846568	384.0	6.1533508084
3.25417813648	7.09360264461	3.25417813648	7.10376333791	381.0	7.09360264461	381.0	7.10376333791
3.27135058047	7.80834517001	3.27135058047	7.80722994847	379.0	7.80834517001	379.0	7.80722994847
