340	1.42E-04		351	0.023465288
341	1.11E-04		353	0.026583709
342	1.55E-04		355	0.036235713
343	1.48E-04		357	0.043509419
344	1.58E-04		359	0.051463599
345	1.68E-04		361	0.059372838
346	1.09E-04		363	0.068215435
347	1.53E-04		365	0.078090791
348	1.43E-04		367	0.088018079
349	1.36E-04		369	0.098025011
350	1.57E-04		371	0.107270592
351	1.57E-04		373	0.11654668
352	1.22E-04		375	0.124531538
353	1.54E-04		377	0.132746008
354	1.02E-04		379	0.140945816
355	1.25E-04		381	0.148551026
356	9.97E-05		383	0.157335146
357	1.25E-04		385	0.164602974
358	8.62E-05		387	0.174477202
359	1.21E-04		389	0.184259388
360	1.40E-04		391	0.194348406
361	1.36E-04		393	0.205332578
362	1.26E-04		395	0.216410646
363	1.24E-04		397	0.227045092
364	1.44E-04		399	0.238992198
365	1.28E-04		401	0.248737435
366	1.12E-04		403	0.25807291
367	1.07E-04		405	0.267491703
368	1.13E-04		407	0.273942496
369	1.17E-04		409	0.280217148
370	8.52E-05		411	0.285788359
371	1.17E-04		413	0.289770384
372	9.68E-05		415	0.293121227
373	1.35E-04		417	0.295549277
374	1.33E-04		419	0.297642319
375	1.17E-04		421	0.299858334
376	8.36E-05		423	0.301035268
377	1.34E-04		425	0.304095202
378	1.22E-04		427	0.307208085
379	1.31E-04		429	0.310078354
380	1.54E-04		431	0.313843962
381	1.10E-04		433	0.318785044
382	1.19E-04		435	0.324009404
383	1.38E-04		437	0.330180766
384	1.00E-04		439	0.336964378
385	8.93E-05		441	0.343460629
386	1.33E-04		443	0.351516472
387	1.34E-04		445	0.359970892
388	1.05E-04		447	0.367784669
389	1.38E-04		449	0.376324396
390	1.04E-04		451	0.385172925
391	1.25E-04		453	0.394490528
392	9.56E-05		455	0.401281472
393	1.06E-04		457	0.410294209
394	9.42E-05		459	0.415602578
395	1.35E-04		461	0.421757971
396	1.10E-04		463	0.426564913
397	1.14E-04		465	0.42962474
398	1.13E-04		467	0.432872327
399	1.32E-04		469	0.435283107
400	1.26E-04		471	0.435631438
401	9.01E-05		473	0.436710382
402	1.34E-04		475	0.433844176
403	1.51E-04		477	0.434906307
404	1.50E-04		479	0.433648162
405	1.36E-04		481	0.431684041
406	1.06E-04		483	0.428724439
407	9.40E-05		485	0.427706584
408	1.12E-04		487	0.427153181
409	1.04E-04		489	0.424341651
410	9.98E-05		491	0.422126048
411	1.16E-04		493	0.422267436
412	8.45E-05		495	0.42009708
413	1.09E-04		497	0.420413658
414	1.07E-04		499	0.421441397
415	1.00E-04		501	0.421040041
416	1.07E-04		503	0.422989845
417	1.02E-04		505	0.423992783
418	1.19E-04		507	0.42630591
419	1.36E-04		509	0.428971369
420	1.29E-04		511	0.430673944
421	1.00E-04		513	0.435598908
422	1.10E-04		515	0.438429448
423	1.31E-04		517	0.442302999
424	9.62E-05		519	0.44758303
425	1.06E-04		521	0.453135054
426	1.05E-04		523	0.45958802
427	9.63E-05		525	0.466146379
428	1.40E-04		527	0.47152498
429	1.00E-04		529	0.477075757
430	9.78E-05		531	0.484195083
431	1.32E-04		533	0.491866096
432	1.45E-04		535	0.499307257
433	1.37E-04		537	0.505550223
434	8.75E-05		539	0.511748518
435	1.56E-04		541	0.520500224
436	1.17E-04		543	0.524984315
437	1.05E-04		545	0.532024128
438	1.36E-04		547	0.539304591
439	1.52E-04		549	0.545155528
440	1.23E-04		551	0.549929964
441	1.50E-04		553	0.554952514
442	1.60E-04		555	0.559723149
443	1.48E-04		557	0.564035183
444	1.46E-04		559	0.566795649
445	1.56E-04		561	0.57015737
446	1.33E-04		563	0.571967431
447	1.71E-04		565	0.573948676
448	1.77E-04		567	0.575273255
449	1.55E-04		569	0.575344254
450	1.13E-04		571	0.576272446
451	2.03E-04		573	0.577122832
452	1.66E-04		575	0.576072997
453	1.75E-04		577	0.574465892
454	1.62E-04		579	0.573095119
455	1.84E-04		581	0.571641621
456	1.84E-04		583	0.569634382
457	1.34E-04		585	0.56718168
458	1.66E-04		587	0.564812089
459	1.80E-04		589	0.562229788
460	2.12E-04		591	0.559707225
461	2.30E-04		593	0.556872057
462	2.30E-04		595	0.555532256
463	2.06E-04		597	0.552233443
464	1.97E-04		599	0.548579899
465	2.08E-04		601	0.547255802
466	2.31E-04		603	0.544684802
467	2.05E-04		605	0.541897536
468	2.52E-04		607	0.541536423
469	2.25E-04		609	0.539111859
470	2.66E-04		611	0.537167668
471	2.51E-04		613	0.534544445
472	2.53E-04		615	0.533041437
473	2.51E-04		617	0.533342537
474	3.00E-04		619	0.532943762
475	2.58E-04		621	0.531527352
476	2.74E-04		623	0.532245768
477	2.85E-04		625	0.531196404
478	3.05E-04		627	0.53089593
479	2.90E-04		629	0.53081441
480	3.28E-04		631	0.532166788
481	3.46E-04		633	0.533720227
482	3.21E-04		635	0.534190587
483	3.81E-04		637	0.536477286
484	3.67E-04		639	0.537680679
485	3.86E-04		641	0.53797296
486	4.11E-04		643	0.540874308
487	3.64E-04		645	0.543967058
488	4.15E-04		647	0.545647157
489	3.99E-04		649	0.549543778
490	4.67E-04		651	0.550762515
491	4.41E-04		653	0.553977091
492	4.57E-04		655	0.556467357
493	5.14E-04		657	0.560972165
494	4.95E-04		659	0.564471406
495	5.33E-04		661	0.56866443
496	4.98E-04		663	0.571876144
497	5.53E-04		665	0.575740381
498	5.43E-04		667	0.578667039
499	5.91E-04		669	0.583030759
500	6.35E-04		671	0.587192074
501	6.18E-04		673	0.592800444
502	6.02E-04		675	0.595154245
503	6.28E-04		677	0.601118992
504	6.70E-04		679	0.604620943
505	6.76E-04		681	0.610589321
506	7.38E-04		683	0.614548869
507	7.18E-04		685	0.617967589
508	7.58E-04		687	0.623682528
509	8.00E-04		689	0.627326925
510	8.29E-04		691	0.63274469
511	7.95E-04		693	0.635204769
512	8.60E-04		695	0.64058193
513	8.62E-04		697	0.644903664
514	8.71E-04		699	0.649019824
515	9.02E-04		701	0.651783212
516	9.75E-04		703	0.656476953
517	9.67E-04		705	0.660159965
518	1.02E-03		707	0.662118509
519	1.06E-03		709	0.665674057
520	1.06E-03		711	0.669228549
521	1.10E-03		713	0.672559629
522	1.14E-03		715	0.674402635
523	1.17E-03		717	0.677389284
524	1.21E-03		719	0.678117979
525	1.23E-03		721	0.682076889
526	1.24E-03		723	0.683154366
527	1.28E-03		725	0.68445752
528	1.32E-03		727	0.687168833
529	1.39E-03		729	0.688946771
530	1.43E-03		731	0.68842104
531	1.43E-03		733	0.689357795
532	1.48E-03		735	0.690311955
533	1.51E-03		737	0.692629882
534	1.57E-03		739	0.690345427
535	1.60E-03		741	0.689947211
536	1.67E-03		743	0.69065883
537	1.68E-03		745	0.691721066
538	1.74E-03		747	0.688343949
539	1.80E-03		749	0.68907688
540	1.87E-03		751	0.691790469
541	1.89E-03		753	0.680976529
542	1.93E-03		755	0.682824884
543	1.99E-03		757	0.683968518
544	2.05E-03		759	0.68630534
545	2.09E-03		761	0.678882014
546	2.14E-03		763	0.681666272
547	2.20E-03		765	0.671524159
548	2.24E-03		767	0.671803495
549	2.29E-03		769	0.676689879
550	2.35E-03		771	0.675006038
551	2.44E-03		773	0.667590051
552	2.50E-03		775	0.663785789
553	2.55E-03		777	0.664644898
554	2.61E-03		779	0.659527926
555	2.69E-03		781	0.656662504
556	2.74E-03		783	0.661672768
557	2.79E-03		785	0.655866702
558	2.88E-03		787	0.657019289
559	2.94E-03		789	0.651718253
560	2.97E-03		791	0.651489119
561	3.09E-03		793	0.643050931
562	3.13E-03		795	0.644303492
563	3.17E-03		797	0.650164161
564	3.26E-03		799	0.642032592
565	3.32E-03		801	0.64521787
566	3.41E-03		803	0.637343352
567	3.48E-03		805	0.635318898
568	3.58E-03		807	0.634252488
569	3.64E-03		809	0.634917216
570	3.72E-03		811	0.630408487
571	3.79E-03		813	0.632953058
572	3.89E-03		815	0.630405166
573	3.93E-03		817	0.627368726
574	4.04E-03		819	0.630319647
575	4.11E-03		821	0.617820442
576	4.20E-03		823	0.624080639
577	4.30E-03		825	0.628000132
578	4.35E-03		827	0.614763837
579	4.44E-03		829	0.61884699
580	4.54E-03		831	0.614017165
581	4.63E-03		833	0.614225312
582	4.70E-03		835	0.617059544
583	4.80E-03		837	0.612405267
584	4.91E-03		839	0.613026695
585	5.01E-03		841	0.61815714
586	5.11E-03		843	0.619481672
587	5.22E-03		845	0.612369859
588	5.29E-03		847	0.61223732
589	5.40E-03		849	0.613448866
590	5.51E-03		851	0.609056828
591	5.60E-03		853	0.608379124
592	5.71E-03		855	0.611055239
593	5.82E-03		857	0.61733688
594	5.90E-03		859	0.613529948
595	6.03E-03		861	0.609736942
596	6.10E-03		863	0.610268296
597	6.19E-03		865	0.615347857
598	6.30E-03		867	0.610674583
599	6.42E-03		869	0.609862525
600	6.52E-03		871	0.614593315
601	6.62E-03		873	0.617771992
602	6.75E-03		875	0.613688174
603	6.86E-03		877	0.614308848
604	7.00E-03		879	0.617583469
605	7.12E-03		881	0.617908667
606	7.23E-03		883	0.612980764
607	7.37E-03		885	0.613992676
608	7.47E-03		887	0.617851482
609	7.60E-03		889	0.616143888
610	7.72E-03		891	0.621052289
611	7.83E-03		893	0.620646772
612	7.94E-03		895	0.619452215
613	8.06E-03		897	0.618707603
614	8.19E-03		899	0.62382639
615	8.32E-03		901	0.624046787
616	8.43E-03		903	0.628717827
617	8.58E-03		905	0.624431296
618	8.68E-03		907	0.628447133
619	8.82E-03		909	0.627292177
620	8.99E-03		911	0.63174476
621	9.10E-03		913	0.633426943
622	9.22E-03		915	0.638030622
623	9.34E-03		917	0.641446232
624	9.50E-03		919	0.639627949
625	9.64E-03		921	0.639818343
626	9.80E-03		923	0.648165075
627	9.90E-03		925	0.646209891
628	1.01E-02		927	0.646822004
629	1.02E-02		929	0.652565004
630	1.03E-02		931	0.651737475
631	1.05E-02		933	0.651442767
632	1.06E-02		935	0.654914565
633	1.07E-02		937	0.657956067
634	1.09E-02		939	0.659313592
635	0.010990957		941	0.665265282
636	1.11E-02		943	0.662945338
637	1.13E-02		945	0.663321644
638	1.14E-02		947	0.66960578
639	1.16E-02		949	0.674365438
640	1.17E-02		951	0.674843644
641	1.19E-02		953	0.674485279
642	1.20E-02		955	0.679593444
643	1.22E-02		957	0.680210423
644	1.24E-02		959	0.683257635
645	1.26E-02		961	0.683197303
646	1.27E-02		963	0.689587393
647	1.29E-02		965	0.686593223
648	1.30E-02		967	0.688846008
649	1.32E-02		969	0.693068975
650	1.34E-02		971	0.693171509
651	1.35E-02		973	0.697893757
652	1.37E-02		975	0.700838175
653	1.39E-02		977	0.702167822
654	1.40E-02		979	0.701321871
655	1.42E-02		981	0.708517635
656	1.43E-02		983	0.70654587
657	1.45E-02		985	0.710454841
658	1.46E-02		987	0.710754783
659	1.48E-02		989	0.712599911
660	0.014942801		991	0.717758951
661	1.52E-02		993	0.717724628
662	1.53E-02		995	0.721079831
663	1.55E-02		997	0.719621919
664	1.57E-02		999	0.727992758
665	1.59E-02		1001	0.725142139
666	1.61E-02		1003	0.728715488
667	1.63E-02		1005	0.729219321
668	1.65E-02		1007	0.732049876
669	1.67E-02		1009	0.73420873
670	1.69E-02		1011	0.741194306
671	0.017107932		1013	0.737599209
672	1.73E-02		1015	0.740728747
673	1.75E-02		1017	0.743213835
674	1.77E-02		1019	0.744108596
675	1.79E-02		1021	0.744797452
676	1.80E-02		1023	0.74908031
677	1.82E-02		1025	0.750881522
678	0.018398232		1027	0.74852051
679	1.86E-02		1029	0.749856145
680	1.88E-02		1031	0.752763182
681	1.89E-02		1033	0.755935273
682	1.91E-02		1035	0.756133382
683	1.93E-02		1037	0.758263713
684	1.95E-02		1039	0.759128305
685	1.97E-02		1041	0.758980157
686	2.00E-02		1043	0.759976225
687	2.02E-02		1045	0.759852465
688	2.04E-02		1047	0.762361894
689	2.07E-02		1049	0.762568282
690	2.09E-02		1051	0.764621252
691	2.11E-02		1053	0.765034278
692	2.14E-02		1055	0.766141869
693	2.17E-02		1057	0.768040782
694	2.19E-02		1059	0.768216967
695	2.21E-02		1061	0.768942735
696	2.24E-02		1063	0.770198318
697	2.26E-02		1065	0.769151275
698	2.28E-02		1067	0.768315695
699	2.30E-02		1069	0.77073331
700	2.32E-02		1071	0.771760063
701	2.34E-02		1073	0.771251347
702	2.36E-02		1075	0.777352561
703	2.39E-02		1077	0.772158854
704	0.02403659		1079	0.773814738
705	2.42E-02		1081	0.774936153
706	2.44E-02		1083	0.77511394
707	2.46E-02		1085	0.774857811
708	2.48E-02		1087	0.77511099
709	2.51E-02		1089	0.777273865
710	2.53E-02		1091	0.774567217
711	2.55E-02		1093	0.773088187
712	0.025801754		1095	0.774002254
713	2.60E-02		1097	0.772974629
714	2.63E-02		1099	0.773335279
715	2.66E-02		1101	0.774675922
716	2.69E-02		1103	0.770236543
717	2.72E-02		1105	0.773186693
718	2.75E-02		1107	0.777605603
719	2.77E-02		1109	0.772279314
720	2.80E-02		1111	0.772312346
721	2.83E-02		1113	0.772189012
722	2.86E-02		1115	0.77157514
723	2.89E-02		1117	0.77014729
724	2.91E-02		1119	0.771940423
725	2.94E-02		1121	0.76736287
726	2.97E-02		1123	0.771148199
727	2.99E-02		1125	0.767053769
728	3.01E-02		1127	0.764761838
729	3.04E-02		1129	0.767179109
730	3.06E-02		1131	0.763283847
731	3.08E-02		1133	0.763648375
732	3.10E-02		1135	0.763216286
733	0.031191181		1137	0.76378269
734	3.14E-02		1139	0.76029427
735	3.17E-02		1141	0.760819595
736	3.19E-02		1143	0.759626048
737	3.21E-02		1145	0.762305762
738	3.24E-02		1147	0.759204813
739	3.26E-02		1149	0.756429314
740	3.29E-02		1151	0.75708221
741	3.32E-02		1153	0.75624231
742	3.35E-02		1155	0.755029204
743	3.38E-02		1157	0.755240008
744	3.42E-02		1159	0.752158042
745	3.45E-02		1161	0.754077509
746	3.49E-02		1163	0.750791242
747	3.52E-02		1165	0.750709099
748	3.56E-02		1167	0.747632817
749	3.59E-02		1169	0.746748412
750	0.036288917		1171	0.748396108
751	3.66E-02		1173	0.746160897
752	3.70E-02		1175	0.746601881
753	3.73E-02		1177	0.74509793
754	3.76E-02		1179	0.738992763
755	3.79E-02		1181	0.739944924
756	3.82E-02		1183	0.742176623
757	0.038431379		1185	0.73625618
758	3.87E-02		1187	0.73551365
759	3.89E-02		1189	0.734831588
760	3.91E-02		1191	0.737309591
761	3.94E-02		1193	0.73392049
762	3.96E-02		1195	0.729898778
763	3.98E-02		1197	0.730023966
764	4.01E-02		1199	0.729988644
765	4.03E-02		1201	0.726412208
766	4.05E-02		1203	0.725136509
767	0.040733437		1205	0.726205689
768	4.10E-02		1207	0.723957144
769	4.13E-02		1209	0.726084557
770	4.16E-02		1211	0.725019012
771	4.20E-02		1213	0.722345417
772	4.23E-02		1215	0.723231302
773	4.26E-02		1217	0.717113819
774	0.042984299		1219	0.716430857
775	4.33E-02		1221	0.716019658
776	4.37E-02		1223	0.716694014
777	4.42E-02		1225	0.714579961
778	4.46E-02		1227	0.714002343
779	4.50E-02		1229	0.713885112
780	4.54E-02		1231	0.712437464
781	4.58E-02		1233	0.710748821
782	4.62E-02		1235	0.709045744
783	4.66E-02		1237	0.710548773
784	4.70E-02		1239	0.708487966
785	4.73E-02		1241	0.706755313
786	4.77E-02		1243	0.703484181
787	4.80E-02		1245	0.707621087
788	0.048325515		1247	0.702909865
789	0.048624936		1249	0.700773405
790	4.89E-02		1251	0.703245116
791	4.92E-02		1253	0.701278679
792	4.94E-02		1255	0.701429879
793	4.96E-02		1257	0.697882983
794	4.98E-02		1259	0.698761855
795	5.00E-02		1261	0.697255394
796	5.02E-02		1263	0.693869843
797	5.04E-02		1265	0.69437816
798	5.21E-02		1267	0.692820245
799	5.23E-02		1269	0.693076884
800	5.25E-02		1271	0.689125244
801	5.27E-02		1273	0.688041573
802	5.30E-02		1275	0.68852683
803	5.34E-02		1277	0.686495292
804	5.36E-02		1279	0.687526413
805	5.40E-02		1281	0.686608145
806	5.44E-02		1283	0.686968082
807	5.47E-02		1285	0.684873685
808	5.49E-02		1287	0.684389337
809	5.51E-02		1289	0.68155444
810	5.53E-02		1291	0.683193421
811	5.57E-02		1293	0.682419004
812	5.60E-02		1295	0.680259833
813	5.66E-02		1297	0.682356615
814	5.70E-02		1299	0.680927352
815	5.76E-02		1301	0.678512935
816	5.81E-02		1303	0.678265724
817	5.86E-02		1305	0.678719047
818	5.91E-02		1307	0.67984882
819	5.94E-02		1309	0.677672333
820	5.98E-02		1311	0.675603166
821	0.06043773		1313	0.673164154
822	6.07E-02		1315	0.675592033
823	6.09E-02		1317	0.674368242
824	6.14E-02		1319	0.675657543
825	6.17E-02		1321	0.674678402
826	6.19E-02		1323	0.672400933
827	6.21E-02		1325	0.670285922
828	6.25E-02		1327	0.673248929
829	6.26E-02		1329	0.66976561
830	6.29E-02		1331	0.670563134
831	6.32E-02		1333	0.666851587
832	6.34E-02		1335	0.668182691
833	6.34E-02		1337	0.673268052
834	6.38E-02		1339	0.669180587
835	6.40E-02		1341	0.668589332
836	6.43E-02		1343	0.668340353
837	6.44E-02		1345	0.668588937
838	6.46E-02		1347	0.670632457
839	6.48E-02		1349	0.663966771
840	6.52E-02		1351	0.665745995
841	6.57E-02		1353	0.664572121
842	6.61E-02		1355	0.670094251
843	6.64E-02		1357	0.665233175
844	0.06668738		1359	0.662263508
845	6.72E-02		1361	0.665315565
846	6.79E-02		1363	0.66512152
847	6.84E-02		1365	0.668880217
848	6.89E-02		1367	0.665323049
849	6.95E-02		1369	0.661540002
850	7.00E-02		1371	0.66677147
851	7.07E-02		1373	0.660347788
852	7.12E-02		1375	0.662755403
853	7.20E-02		1377	0.66382385
854	7.26E-02		1379	0.668469043
855	7.31E-02		1381	0.66849031
856	7.37E-02		1383	0.670696728
857	7.43E-02		1385	0.662231698
858	7.48E-02		1387	0.667510699
859	0.075273397		1389	0.660462662
860	7.60E-02		1391	0.661070263
861	7.62E-02		1393	0.662944636
862	7.68E-02		1395	0.664647534
863	7.71E-02		1397	0.66347324
864	7.74E-02		1399	0.665944544
865	7.80E-02		1401	0.660473321
866	7.82E-02		1403	0.658398504
867	7.84E-02		1405	0.663405997
868	7.89E-02		1407	0.661481355
869	7.87E-02		1409	0.662603577
870	7.87E-02		1411	0.656714135
871	7.90E-02		1413	0.665136913
872	7.90E-02		1415	0.663545058
873	7.94E-02		1417	0.660271374
874	7.95E-02		1419	0.66283067
875	7.97E-02		1421	0.662791846
876	7.99E-02		1423	0.658856088
877	8.01E-02		1425	0.658672946
878	8.03E-02		1427	0.662212192
879	8.05E-02		1429	0.661493997
880	8.10E-02		1431	0.659775713
881	8.11E-02		1433	0.661294614
882	8.17E-02		1435	0.660129258
883	8.20E-02		1437	0.662051057
884	8.23E-02		1439	0.663814212
885	0.082921136		1441	0.661746465
886	8.33E-02		1443	0.662154942
887	0.084018193		1445	0.663236038
888	8.45E-02		1447	0.660764174
889	8.51E-02		1449	0.662803443
890	8.57E-02		1451	0.661134675
891	8.66E-02		1453	0.664040694
892	8.72E-02		1455	0.662525481
893	8.80E-02		1457	0.663341388
894	8.88E-02		1459	0.665440731
895	0.089575828		1461	0.664059641
896	9.00E-02		1463	0.662864352
897	9.08E-02		1465	0.666663729
898	9.17E-02		1467	0.662446628
899	9.23E-02		1469	0.664844293
900	9.30E-02		1471	0.663282927
901	9.36E-02		1473	0.665525425
902	9.41E-02		1475	0.663164292
903	0.095019508		1477	0.667134797
904	9.54E-02		1479	0.666650604
905	0.095934817		1481	0.668424167
906	9.65E-02		1483	0.667446268
907	0.09677912		1485	0.667925643
908	9.74E-02		1487	0.665536117
909	9.76E-02		1489	0.667021367
910	9.75E-02		1491	0.666270125
911	9.80E-02		1493	0.665919291
912	9.83E-02		1495	0.66635583
913	9.81E-02		1497	0.669365412
914	9.86E-02		1499	0.668013549
915	9.87E-02		1501	0.666108619
916	9.86E-02		1503	0.671498162
917	9.90E-02		1505	0.670737358
918	9.92E-02		1507	0.671001901
919	9.90E-02		1509	0.669503678
920	9.92E-02		1511	0.675518878
921	9.92E-02		1513	0.671347249
922	9.88E-02		1515	0.672216885
923	9.89E-02		1517	0.676040401
924	9.89E-02		1519	0.674635474
925	9.90E-02		1521	0.672389973
926	9.92E-02		1523	0.67642316
927	9.95E-02		1525	0.674146416
928	9.99E-02		1527	0.675808705
929	0.100271102		1529	0.674667721
930	0.100575373		1531	0.677538689
931	0.101319489		1533	0.676480152
932	0.101696803		1535	0.674911617
933	0.102207968		1537	0.676558037
934	0.103086824		1539	0.680217942
935	0.103608226		1541	0.678484702
936	0.104272936		1543	0.67752581
937	0.105098684		1545	0.68386306
938	0.106080652		1547	0.681355067
939	0.106802429		1549	0.683979957
940	0.107390072		1551	0.680475608
941	0.108357585		1553	0.68036963
942	0.109085307		1555	0.685153442
943	0.110064884		1557	0.685905863
944	0.110941279		1559	0.683219295
945	0.111982221		1561	0.68466222
946	0.112689704		1563	0.688227156
947	0.113497993		1565	0.686990169
948	0.114226936		1567	0.688504153
949	0.11482638		1569	0.691650412
950	0.115306492		1571	0.691333087
951	0.116042774		1573	0.690388623
952	0.116811653		1575	0.690185904
953	0.117263819		1577	0.691515418
954	0.117803844		1579	0.687244361
955	0.118303172		1581	0.690322234
956	0.118619117		1583	0.690577429
957	0.118870052		1585	0.690416709
958	0.119261175		1587	0.695096547
959	0.119425937		1589	0.695915027
960	0.119697313		1591	0.695503366
961	0.119918977		1593	0.69784415
962	0.119907872		1595	0.698588212
963	0.120159558		1597	0.69820327
964	0.120050017		1599	0.697200478
965	0.120225552		1601	0.699854573
966	0.120056282		1603	0.699381172
967	0.120227889		1605	0.701017411
968	0.12054851		1607	0.696003822
969	0.120447354		1609	0.695853262
970	0.120609424		1611	0.704558777
971	0.120744198		1613	0.698990598
972	0.120845965		1615	0.700450672
973	0.12085383		1617	0.703737777
974	0.120703898		1619	0.701528878
975	0.120800264		1621	0.701897026
976	0.120866986		1623	0.705146536
977	0.121330077		1625	0.702815468
978	0.12178967		1627	0.705685488
979	0.122089524		1629	0.712517604
980	0.122653289		1631	0.707746179
981	0.123300409		1633	0.703404682
982	0.12326195		1635	0.704760145
983	0.123830988		1637	0.711190254
984	0.124507491		1639	0.710556084
985	0.125440864		1641	0.71069623
986	0.126067823		1643	0.713694981
987	0.126811905		1645	0.709995506
988	0.127707271		1647	0.717612482
989	0.128603936		1649	0.713051676
990	0.129565864		1651	0.711649419
991	0.13045853		1653	0.716782625
992	0.1314359		1655	0.713512798
993	0.13247704		1657	0.713033148
994	0.133650621		1659	0.716924202
995	0.134506556		1661	0.713670132
996	0.135589336		1663	0.713397352
997	0.136335934		1665	0.719009877
998	0.137470728		1667	0.720999845
999	0.138439181		1669	0.722896532
1000	0.13937973		1671	0.72216888
1001	0.140417581		1673	0.726777431
1002	0.141260148		1675	0.724163616
1003	0.142145843		1677	0.723925233
1004	0.142930306		1679	0.73181111
1005	0.143755933		1681	0.726126785
1006	0.144374251		1683	0.727175348
1007	0.145284984		1685	0.72512218
1008	0.145951609		1687	0.730306111
1009	0.146386908		1689	0.730000208
1010	0.146883193		1691	0.735739488
1011	0.147353417		1693	0.730502926
1012	0.147733519		1695	0.732100193
1013	0.147907494		1697	0.733506579
1014	0.148045393		1699	0.731151618
1015	0.148292889		1701	0.733421434
1016	0.148355586		1703	0.731940149
1017	0.148320145		1705	0.732667553
1018	0.148436873		1707	0.735358371
1019	0.148312508		1709	0.736101054
1020	0.148127267		1711	0.739151699
1021	0.148097814		1713	0.739672553
1022	0.148213518		1715	0.735118228
1023	0.14790163		1717	0.741972411
1024	0.147814658		1719	0.743723034
1025	0.147716363		1721	0.7375487
1026	0.14765263		1723	0.74029453
1027	0.147396234		1725	0.735695879
1028	0.147386232		1727	0.742241335
1029	0.147475598		1729	0.746491241
1030	0.147353718		1731	0.748224782
1031	0.147450966		1733	0.745016997
1032	0.147561472		1735	0.74701361
1033	0.147801003		1737	0.745181092
1034	0.147915744		1739	0.745710567
1035	0.148043469		1741	0.745811714
1036	0.148136888		1743	0.741627166
1037	0.148392299		1745	0.748872106
1038	0.148518994		1747	0.745194848
1039	0.149015537		1749	0.754878866
1040	0.149398756		1751	0.754470846
1041	0.149975225		1753	0.753228998
1042	0.150631626		1755	0.751638929
1043	0.15141816		1757	0.751302923
1044	0.152160179		1759	0.757060974
1045	0.152954061		1761	0.751365211
1046	0.153868523		1763	0.754819715
1047	0.154684172		1765	0.759664416
1048	0.155790134		1767	0.759352797
1049	0.156837362		1769	0.757064506
1050	0.157940225		1771	0.757961295
1051	0.159078349		1773	0.757903706
1052	0.16012566		1775	0.760963104
1053	0.161217779		1777	0.759563906
1054	0.162504974		1779	0.763450066
1055	0.163505415		1781	0.764906621
1056	0.164772662		1783	0.759545595
1057	0.165943128		1785	0.764202981
1058	0.167103833		1787	0.760537076
1059	0.168382046		1789	0.762241484
1060	0.169377956		1791	0.766770113
1061	0.170466218		1793	0.759254624
1062	0.171516592		1795	0.763541983
1063	0.17257726		1797	0.763729497
1064	0.173538935		1799	0.765306008
1065	0.174334097		1801	0.764365702
1066	0.175213726		1803	0.77114355
1067	0.176021469		1805	0.777729186
1068	0.17662842		1807	0.766788701
1069	0.177452593		1809	0.76912383
1070	0.177846313		1811	0.768697929
1071	0.178371938		1813	0.772789506
1072	0.178757941		1815	0.77114734
1073	0.179035431		1817	0.764819089
1074	0.179186958		1819	0.777264397
1075	0.179351831		1821	0.78525101
1076	0.179573211		1823	0.770443832
1077	0.179546163		1825	0.778412955
1078	0.179446299		1827	0.778559796
1079	0.17942123		1829	0.785548601
1080	0.179263653		1831	0.784557692
1081	0.179130878		1833	0.786024419
1082	0.178747632		1835	0.779877962
1083	0.17848521		1837	0.798831864
1084	0.178114875		1839	0.793978146
1085	0.177893216		1841	0.794730303
1086	0.177520018		1843	0.773763428
1087	0.177144466		1845	0.778795773
1088	0.17687547		1847	0.783648373
1089	0.176594196		1849	0.784241573
1090	0.176176421		1851	0.784351762
1091	0.175920565		1853	0.800259092
1092	0.175817452		1855	0.784241893
1093	0.175455666		1857	0.781936733
1094	0.17536974		1859	0.798902856
1095	0.175276848		1861	0.786740239
1096	0.175187646		1863	0.781143435
1097	0.175058335		1865	0.790252556
1098	0.175107861		1867	0.80471118
1099	0.175147309		1869	0.791853228
1100	0.175311586		1871	0.785032614
1101	0.175428719		1873	0.803910558
1102	0.175610918		1875	0.781710834
1103	0.176040308		1877	0.784373043
1104	0.17652673		1879	0.798580422
1105	0.176867849		1881	0.793644439
1106	0.177447351		1883	0.801170747
1107	0.178028582		1885	0.798638395
1108	0.17871132		1887	0.795351926
1109	0.179695165		1889	0.799891897
1110	0.180502298		1891	0.797029819
1111	0.181393226		1893	0.802962773
1112	0.182396851		1895	0.793967257
1113	0.183458011		1897	0.810134119
1114	0.184585816		1899	0.799766143
1115	0.185558094		1901	0.797783424
1116	0.186844848		1903	0.78968726
1117	0.187842691		1905	0.778263955
1118	0.189027252		1907	0.790929616
1119	0.190411191		1909	0.793369458
1120	0.191555228		1911	0.8064291
1121	0.192806297		1913	0.803928895
1122	0.19433826		1915	0.800007845
1123	0.195533297		1917	0.795590476
1124	0.196870623		1919	0.805194691
1125	0.197840468		1921	0.803635859
1126	0.198961109		1923	0.79417134
1127	0.20040111		1925	0.799467521
1128	0.201766522		1927	0.800788481
1129	0.203042101		1929	0.803378525
1130	0.204257378		1931	0.804460043
1131	0.205392654		1933	0.80433648
1132	0.206389757		1935	0.798705924
1133	0.207417254		1937	0.804489935
1134	0.20826023		1939	0.802563623
1135	0.209501141		1941	0.804094772
1136	0.210499362		1943	0.806463836
1137	0.211147451		1945	0.804526412
1138	0.211894293		1947	0.803442682
1139	0.212341585		1949	0.797219972
1140	0.21293505		1951	0.803453856
1141	0.213431608		1953	0.806527779
1142	0.213692546		1955	0.799170559
1143	0.214033122		1957	0.79669439
1144	0.214007727		1959	0.804448895
1145	0.214328735		1961	0.798843296
1146	0.214226387		1963	0.803750054
1147	0.21438724		1965	0.800441278
1148	0.214078627		1967	0.802457428
1149	0.21391419		1969	0.811307389
1150	0.213639558		1971	0.809717196
1151	0.213274237		1973	0.808635578
1152	0.212922678		1975	0.818233746
1153	0.212612782		1977	0.806707236
1154	0.212116189		1979	0.810151143
1155	0.211603766		1981	0.80785356
1156	0.211201623		1983	0.807849327
1157	0.210775899		1985	0.807979384
1158	0.210221212		1987	0.804289027
1159	0.209717874		1989	0.808334175
1160	0.209303		1991	0.804877868
1161	0.2086955		1993	0.801271979
1162	0.208037538		1995	0.808860576
1163	0.207695972		1997	0.810889316
1164	0.207384918		1999	0.815014257
1165	0.207147187		2001	0.812096803
1166	0.206899655		2003	0.818666642
1167	0.206528062		2005	0.814302586
1168	0.206334202		2007	0.81742687
1169	0.205935588		2009	0.810239917
1170	0.205751279		2011	0.808878367
1171	0.205701255		2013	0.810291686
1172	0.205823901		2015	0.821723995
1173	0.205820478		2017	0.817205047
1174	0.205931637		2019	0.809088333
1175	0.206088844		2021	0.82270264
1176	0.206504056		2023	0.812784451
1177	0.206790131		2025	0.812835375
1178	0.20707881		2027	0.826378276
1179	0.20764115		2029	0.808274111
1180	0.208083442		2031	0.820135298
1181	0.2085666		2033	0.814747875
1182	0.209244349		2035	0.819744179
1183	0.209884473		2037	0.813989417
1184	0.21076812		2039	0.827421676
1185	0.211517993		2041	0.816765703
1186	0.212553754		2043	0.815649439
1187	0.213571418		2045	0.82397745
1188	0.214750907		2047	0.816283564
1189	0.215936414		2049	0.81721891
1190	0.217236274		2051	0.808769203
1191	0.218146519		2053	0.824798002
1192	0.219171171		2055	0.815583083
1193	0.220512454		2057	0.809232852
1194	0.221825026		2059	0.814840368
1195	0.223376221		2061	0.812159311
1196	0.224540945		2063	0.81224461
1197	0.226123518		2065	0.818096773
1198	0.22761945		2067	0.82579494
1199	0.229166337		2069	0.818171967
1200	0.23066855		2071	0.809766029
1201	0.232144169		2073	0.824429526
1202	0.233582707		2075	0.821681947
1203	0.235041078		2077	0.823931568
1204	0.236378345		2079	0.823464532
1205	0.238090097		2081	0.809003284
1206	0.239303577		2083	0.827264288
1207	0.240862454		2085	0.821982433
1208	0.242176408		2087	0.811025289
1209	0.24361389		2089	0.814350569
1210	0.245109403		2091	0.828382443
1211	0.246034147		2093	0.813483011
1212	0.247323335		2095	0.81894774
1213	0.24842004		2097	0.82413636
1214	0.249331143		2099	0.822256873
1215	0.250336441		2101	0.813042559
1216	0.251040277		2103	0.817753681
1217	0.251928518		2105	0.823736712
1218	0.252556361		2107	0.827103996
1219	0.253073284		2109	0.814101098
1220	0.253358284		2111	0.815956856
1221	0.253780033		2113	0.81785935
1222	0.254134355		2115	0.814448775
1223	0.254134184		2117	0.807263316
1224	0.254284051		2119	0.810292543
1225	0.254086495		2121	0.796846602
1226	0.253938223		2123	0.802632568
1227	0.253754243		2125	0.821808372
1228	0.253630397		2127	0.803075496
1229	0.253184552		2129	0.812206271
1230	0.25285704		2131	0.823496387
1231	0.252408127		2133	0.816487033
1232	0.251931765		2135	0.822970655
1233	0.251251188		2137	0.815851171
1234	0.250551674		2139	0.821930275
1235	0.249937492		2141	0.819031025
1236	0.249378869		2143	0.821055866
1237	0.248868579		2145	0.83272823
1238	0.248448318		2147	0.834767593
1239	0.247872879		2149	0.80878325
1240	0.246958603		2151	0.829038405
1241	0.246265128		2153	0.821981943
1242	0.245415161		2155	0.811511412
1243	0.244668503		2157	0.819978761
1244	0.244045306		2159	0.823060313
1245	0.243250786		2161	0.82099926
1246	0.242710104		2163	0.840349757
1247	0.242095899		2165	0.813229975
1248	0.241704806		2167	0.82933255
1249	0.240896406		2169	0.808408185
1250	0.240291702		2171	0.817474362
1251	0.24003171		2173	0.821783251
1252	0.239525621		2175	0.818229829
1253	0.239273833		2177	0.795520874
1254	0.238935122		2179	0.830942349
1255	0.238312732		2181	0.827387721
1256	0.237890562		2183	0.808533673
1257	0.237715706		2185	0.820739174
1258	0.237557071		2187	0.814627481
1259	0.237644441		2189	0.822999243
1260	0.237930816		2191	0.836053823
1261	0.23797514		2193	0.855938327
1262	0.238259109		2195	0.806855686
1263	0.238473692		2197	0.857043737
1264	0.2390807		2199	0.868420537
1265	0.239416116		2201	0.828620385
1266	0.239880369		2203	0.82100739
1267	0.240479008		2205	0.832648282
1268	0.241381716		2207	1.088553628
1269	0.242067539		2209	1.118107643
1270	0.242959109		2211	1.006893681
1271	0.245084609		2213	0.98471049
1272	0.24642509		2215	0.975758826
1273	0.247823159		2217	0.976488126
1274	0.249269354		2219	0.92428198
1275	0.250846584		2221	0.882676751
1276	0.251975641		2223	0.816047246
1277	0.253223341		2225	0.847222842
1278	0.254259911		2227	0.892100941
1279	0.255718277		2229	0.935726665
1280	0.256698375		2231	0.951334628
1281	0.257953074		2233	0.830446896
1282	0.259135137		2235	0.794007561
1283	0.260753878		2237	0.837927118
1284	0.262327559		2239	0.820934483
1285	0.263988403		2241	0.89634491
1286	0.265399414		2243	0.807153732
1287	0.267030142		2245	0.941057013
1288	0.268788066		2247	0.821530123
1289	0.27063843		2249	0.943765878
1290	0.272375283		2251	0.754970666
1291	0.27406579		2253	0.869873687
1292	0.275837827		2255	0.88303503
1293	0.277487399		2257	0.853652946
1294	0.279230913		2259	0.917957336
1295	0.280655074		2261	0.802812801
1296	0.28209917		2263	0.866233025
1297	0.283746232		2265	0.837805938
1298	0.285097629		2267	0.81704088
1299	0.286434239		2269	0.850967173
1300	0.287767801		2271	0.819801971
1301	0.28912935		2273	0.869116206
1302	0.290373191		2275	0.859619977
1303	0.291456524		2277	0.837736718
1304	0.29258976		2279	0.823819518
1305	0.29372448		2281	0.811223591
1306	0.294495383		2283	0.837778425
1307	0.295584729		2285	0.818733014
1308	0.296171053		2287	0.834093822
1309	0.296990581		2289	0.802416986
1310	0.297503599		2291	0.808963016
1311	0.298160772		2293	0.797858951
1312	0.298380038		2295	0.840727373
1313	0.298715638		2297	0.822675178
1314	0.29884361		2299	0.822824418
1315	0.298880289		2301	0.811433671
1316	0.298954665		2303	0.791148687
1317	0.299089876		2305	0.808129915
1318	0.298887822		2307	0.787522267
1319	0.298536529		2309	0.792479082
1320	0.298348007		2311	0.804587191
1321	0.297666585		2313	0.799842619
1322	0.297277261		2315	0.784321362
1323	0.296945629		2317	0.769835208
1324	0.296130591		2319	0.789693395
1325	0.29551957		2321	0.808185484
1326	0.29485047		2323	0.790467249
1327	0.294208747		2325	0.780016499
1328	0.293146254		2327	0.79059667
1329	0.292429974		2329	0.787172769
1330	0.291516967		2331	0.795070632
1331	0.290731118		2333	0.794096287
1332	0.289713659		2335	0.772486882
1333	0.288824901		2337	0.788677268
1334	0.28781503		2339	0.793964314
1335	0.286878659		2341	0.797588195
1336	0.285927749		2343	0.798854016
1337	0.285119334		2345	0.797229219
1338	0.284073762		2347	0.805524572
1339	0.283347732		2349	0.783521222
1340	0.282299113		2351	0.783052681
1341	0.281485185		2353	0.786772717
1342	0.280721175		2355	0.789063484
1343	0.279913456		2357	0.79476925
1344	0.2791102		2359	0.783299063
1345	0.278346002		2361	0.808879772
1346	0.277985544		2363	0.792340554
1347	0.277080673		2365	0.786785259
1348	0.276555763		2367	0.806570996
1349	0.27594217		2369	0.788448298
1350	0.275558623		2371	0.785000403
1351	0.275085044		2373	0.785805358
1352	0.274721727		2375	0.779034932
1353	0.274401697		2377	0.792604876
1354	0.274532702		2379	0.808475971
1355	0.274193614		2381	0.78118761
1356	0.274281937		2383	0.807411362
1357	0.27392505		2385	0.79859331
1358	0.274115139		2387	0.808492978
1359	0.274205127		2389	0.786428687
1360	0.274099194		2391	0.757558405
1361	0.274284184		2393	0.779254079
1362	0.275139713		2395	0.764332544
1363	0.275178769		2397	0.784103303
1364	0.275271871		2399	0.779246068
1365	0.276331105		2401	0.785574615
1366	0.276767471		2403	0.775012272
1367	0.277411302		2405	0.742908065
1368	0.278030912		2407	0.765417605
1369	0.279025085		2409	0.74621667
1370	0.279673635		2411	0.757069034
1371	0.280745988		2413	0.763194017
1372	0.281609241		2415	0.793781558
1373	0.28267785		2417	0.787657837
1374	0.283567405		2419	0.774196086
1375	0.284659951		2421	0.78023189
1376	0.286108707		2423	0.745452091
1377	0.28668075		2425	0.776894646
1378	0.287707875		2427	0.739739355
1379	0.288687412		2429	0.767839346
1380	0.289384507		2431	0.790259063
1381	0.291521176		2433	0.776232712
1382	0.293027753		2435	0.79503561
1383	0.294342861		2437	0.767268774
1384	0.296069675		2439	0.758626939
1385	0.297654735		2441	0.771893251
1386	0.299263984		2443	0.767707716
1387	0.300813671		2445	0.775115172
1388	0.302708886		2447	0.786123964
1389	0.304229839		2449	0.799061915
1390	0.306233258		2451	0.752885024
1391	0.307976687		2453	0.743152897
1392	0.309802071		2455	0.745164199
1393	0.311611264		2457	0.74442641
1394	0.313253495		2459	0.748531587
1395	0.315807606		2461	0.780206761
1396	0.317311067		2463	0.754574459
1397	0.318771839		2465	0.811456108
1398	0.320360456		2467	0.808828634
1399	0.322288988		2469	0.753032501
1400	0.324155795		2471	0.753330958
1401	0.32582578		2473	0.812880864
1402	0.327376931		2475	0.811040113
1403	0.329037483		2477	0.779611907
1404	0.330441237		2479	0.765142474
1405	0.33235215		2481	0.767782781
1406	0.334092686		2483	0.812241305
1407	0.335704017		2485	0.802313647
1408	0.337124383		2487	0.792932997
1409	0.338510859		2489	0.756184288
1410	0.339990715		2491	0.749911735
1411	0.341271242		2493	0.75143045
1412	0.341990795		2495	0.811057372
1413	0.34301176		2497	0.817579436
1414	0.34388774		2499	0.823487526
1415	0.344882966		2501	0.811060084
1416	0.345500128		2503	0.820292937
1417	0.346190141		2505	0.782601339
1418	0.346344121		2507	0.816067124
1419	0.346957083		2509	0.742957058
1420	0.347400355		2511	0.745119476
1421	0.347307119		2513	0.800743935
1422	0.347602284		2515	0.772612685
1423	0.347569583		2517	0.769275232
1424	0.347514464		2519	0.882586798
1425	0.347114816		2521	0.741415518
1426	0.346951006		2523	0.877539306
1427	0.346763829		2525	0.825000661
1428	0.346162478		2527	0.877600966
1429	0.345905416		2529	0.935348395
1430	0.345147406		2531	1.045287718
1431	0.344496536		2533	0.816364571
1432	0.343858381		2535	1.052416212
1433	0.342995624		2537	0.863976836
1434	0.342287224		2539	0.796535153
1435	0.341617701		2541	1.022512122
1436	0.34042571		2543	1.062304438
1437	0.3395041		2545	0.764765966
1438	0.338680769		2547	1.257967945
1439	0.337508842		2549	0.79553283
1440	0.336510786		2551	0.86285587
1441	0.335538019		2553	0.880569149
1442	0.334337571		2555	1.31174258
1443	0.333554967		2557	0.872755919
1444	0.332408046		2559	1.718285034
1445	0.331166843		2561	4.694566318
1446	0.330080926		2563	1.060566477
1447	0.329042197		2565	0.86568601
1448	0.327776196		2567	2.874782625
1449	0.326803299		2569	0.837227382
1450	0.325516694		2571	2.159817153
1451	0.324594472		2573	-2.882001088
1452	0.323449364		2575	1.035921108
1453	0.32238405		2577	-1.686514322
1454	0.321569558		2579	6.769775453
1455	0.32042324		2581	-0.384016393
1456	0.319601349		2583	0.010708551
1457	0.318679179		2585	-1.603384071
1458	0.318179352		2587	1.590215318
1459	0.317213803		2589	0.400249258
1460	0.31634206		2591	1.496211269
1461	0.315687804		2593	-0.065143369
1462	0.31488324		2595	0.635614137
1463	0.314439893		2597	-0.034163664
1464	0.313786093		2599	-0.165619224
1465	0.313256046		2601	-5.763888889
1466	0.312654699			
1467	0.312327316			
1468	0.311950625			
1469	0.311576357			
1470	0.311382304			
1471	0.31126641			
1472	0.311144124			
1473	0.311094263			
1474	0.311181577			
1475	0.311159857			
1476	0.31131994			
1477	0.311549877			
1478	0.311870745			
1479	0.312013942			
1480	0.312316585			
1481	0.312870701			
1482	0.313286163			
1483	0.313840097			
1484	0.314339375			
1485	0.315236526			
1486	0.315792898			
1487	0.316730945			
1488	0.317689831			
1489	0.318641016			
1490	0.319542027			
1491	0.320800732			
1492	0.321864663			
1493	0.322989575			
1494	0.324211166			
1495	0.325300717			
1496	0.326759235			
1497	0.328117207			
1498	0.329565641			
1499	0.331054619			
1500	0.332612472			
1501	0.334093385			
1502	0.335693367			
1503	0.337206553			
1504	0.338971275			
1505	0.340531317			
1506	0.342409811			
1507	0.344330264			
1508	0.346180079			
1509	0.348048688			
1510	0.349748041			
1511	0.351757963			
1512	0.353761155			
1513	0.355715582			
1514	0.35755813			
1515	0.359576812			
1516	0.361544506			
1517	0.363334828			
1518	0.365260997			
1519	0.367066884			
1520	0.368833008			
1521	0.370736131			
1522	0.372512011			
1523	0.374457613			
1524	0.376181122			
1525	0.377796121			
1526	0.379478608			
1527	0.381211667			
1528	0.382960338			
1529	0.384539736			
1530	0.38590849			
1531	0.387504434			
1532	0.388820156			
1533	0.390182813			
1534	0.391506515			
1535	0.392724572			
1536	0.393656994			
1537	0.394779456			
1538	0.395600148			
1539	0.39656134			
1540	0.397191055			
1541	0.398233585			
1542	0.398702976			
1543	0.399299552			
1544	0.399764179			
1545	0.400077705			
1546	0.400373235			
1547	0.400457391			
1548	0.400815752			
1549	0.400720886			
1550	0.40066563			
1551	0.40021017			
1552	0.400191617			
1553	0.400039068			
1554	0.399465318			
1555	0.399211151			
1556	0.398576981			
1557	0.397827929			
1558	0.397113858			
1559	0.396346584			
1560	0.395586795			
1561	0.394816891			
1562	0.39398332			
1563	0.392911922			
1564	0.392257166			
1565	0.39097291			
1566	0.390054654			
1567	0.389254461			
1568	0.387732449			
1569	0.38646686			
1570	0.38522738			
1571	0.384179291			
1572	0.382735176			
1573	0.381345915			
1574	0.380298212			
1575	0.379025533			
1576	0.377740525			
1577	0.376353114			
1578	0.374953209			
1579	0.373671421			
1580	0.372569077			
1581	0.371357858			
1582	0.370324853			
1583	0.369091298			
1584	0.367727261			
1585	0.366814452			
1586	0.365348431			
1587	0.364179112			
1588	0.362985456			
1589	0.361813146			
1590	0.361273426			
1591	0.359968558			
1592	0.358819931			
1593	0.357894361			
1594	0.356936637			
1595	0.356433907			
1596	0.35525568			
1597	0.354602964			
1598	0.353895592			
1599	0.353296129			
1600	0.352756641			
1601	0.352173579			
1602	0.351808622			
1603	0.351085401			
1604	0.350785181			
1605	0.350663976			
1606	0.349981287			
1607	0.349786573			
1608	0.349500822			
1609	0.349342344			
1610	0.349280328			
1611	0.349015491			
1612	0.349098633			
1613	0.349152742			
1614	0.349331057			
1615	0.349621905			
1616	0.349968682			
1617	0.349939884			
1618	0.350354484			
1619	0.350807875			
1620	0.351225305			
1621	0.351666474			
1622	0.352312515			
1623	0.352838274			
1624	0.353464394			
1625	0.354185405			
1626	0.354821192			
1627	0.35561538			
1628	0.356606089			
1629	0.357466419			
1630	0.358529358			
1631	0.359569732			
1632	0.360652918			
1633	0.361810849			
1634	0.362957321			
1635	0.364156863			
1636	0.365544943			
1637	0.366921583			
1638	0.368295291			
1639	0.369605304			
1640	0.370953998			
1641	0.372605903			
1642	0.374108773			
1643	0.37555836			
1644	0.377129436			
1645	0.378835383			
1646	0.380570015			
1647	0.382334629			
1648	0.384012117			
1649	0.385722646			
1650	0.387606784			
1651	0.389536896			
1652	0.391414569			
1653	0.393416382			
1654	0.395305805			
1655	0.39714845			
1656	0.398789628			
1657	0.400906561			
1658	0.402900713			
1659	0.404928989			
1660	0.406605019			
1661	0.408574025			
1662	0.410115205			
1663	0.412452998			
1664	0.414362875			
1665	0.416193049			
1666	0.418138601			
1667	0.420242306			
1668	0.422336125			
1669	0.42403109			
1670	0.425840585			
1671	0.42751767			
1672	0.42941677			
1673	0.431178991			
1674	0.433024101			
1675	0.43473452			
1676	0.436258091			
1677	0.437829417			
1678	0.439237006			
1679	0.440642593			
1680	0.442075165			
1681	0.443489115			
1682	0.44493562			
1683	0.446139459			
1684	0.447122121			
1685	0.448297419			
1686	0.449273369			
1687	0.450231099			
1688	0.4511414			
1689	0.452317845			
1690	0.453139317			
1691	0.453679506			
1692	0.454196894			
1693	0.454531704			
1694	0.455046058			
1695	0.455496779			
1696	0.455856768			
1697	0.456031673			
1698	0.45619944			
1699	0.456412487			
1700	0.456328326			
1701	0.456213003			
1702	0.455884984			
1703	0.455664553			
1704	0.455532952			
1705	0.454928771			
1706	0.454694613			
1707	0.454239168			
1708	0.453604645			
1709	0.453107582			
1710	0.452100252			
1711	0.451271742			
1712	0.450371526			
1713	0.449460894			
1714	0.448693961			
1715	0.447595463			
1716	0.446832962			
1717	0.445720333			
1718	0.44435081			
1719	0.443011591			
1720	0.441872658			
1721	0.44072091			
1722	0.439558908			
1723	0.438206769			
1724	0.437042965			
1725	0.435778467			
1726	0.434499927			
1727	0.432981829			
1728	0.431568477			
1729	0.430150696			
1730	0.428549921			
1731	0.427103576			
1732	0.425700238			
1733	0.424236232			
1734	0.4229998			
1735	0.421516924			
1736	0.420199444			
1737	0.418959644			
1738	0.417407727			
1739	0.415926673			
1740	0.414708443			
1741	0.413402461			
1742	0.412104272			
1743	0.410830843			
1744	0.409753631			
1745	0.408445253			
1746	0.406962119			
1747	0.405969499			
1748	0.40461572			
1749	0.403330699			
1750	0.402358848			
1751	0.401255348			
1752	0.400244787			
1753	0.399218746			
1754	0.398309466			
1755	0.397255919			
1756	0.396051			
1757	0.395416374			
1758	0.394859572			
1759	0.39403066			
1760	0.39307191			
1761	0.39244104			
1762	0.391807887			
1763	0.391117472			
1764	0.390500857			
1765	0.390163252			
1766	0.389449433			
1767	0.388811526			
1768	0.388511931			
1769	0.388050212			
1770	0.387724842			
1771	0.387109037			
1772	0.386948928			
1773	0.386792999			
1774	0.386705866			
1775	0.386471703			
1776	0.386363982			
1777	0.386308722			
1778	0.386355295			
1779	0.38637561			
1780	0.386420641			
1781	0.38668528			
1782	0.386702612			
1783	0.386942377			
1784	0.387120536			
1785	0.387529634			
1786	0.387954783			
1787	0.388427298			
1788	0.388727691			
1789	0.389347739			
1790	0.389797137			
1791	0.390503465			
1792	0.391176715			
1793	0.391622797			
1794	0.392386095			
1795	0.393210707			
1796	0.393825002			
1797	0.394746832			
1798	0.395817543			
1799	0.396196106			
1800	0.397363295			
1801	0.398409895			
1802	0.399449193			
1803	0.400471632			
1804	0.401858624			
1805	0.40267883			
1806	0.403926656			
1807	0.405442603			
1808	0.406515121			
1809	0.408189954			
1810	0.409090776			
1811	0.41054589			
1812	0.412250919			
1813	0.41366618			
1814	0.414974778			
1815	0.416221566			
1816	0.418386012			
1817	0.419232969			
1818	0.420795823			
1819	0.422396366			
1820	0.423935473			
1821	0.426029692			
1822	0.427816634			
1823	0.429342645			
1824	0.431492551			
1825	0.432732936			
1826	0.434685567			
1827	0.437299622			
1828	0.438256135			
1829	0.440040363			
1830	0.442017904			
1831	0.44416208			
1832	0.446100675			
1833	0.447929379			
1834	0.449153709			
1835	0.451053326			
1836	0.453015883			
1837	0.455364487			
1838	0.457001545			
1839	0.458859595			
1840	0.460941372			
1841	0.462811749			
1842	0.464863238			
1843	0.467082709			
1844	0.468382737			
1845	0.469950403			
1846	0.471819865			
1847	0.473343106			
1848	0.475776833			
1849	0.477908358			
1850	0.479242045			
1851	0.481207847			
1852	0.482710947			
1853	0.483538797			
1854	0.485793687			
1855	0.487489894			
1856	0.488084269			
1857	0.49019743			
1858	0.491760401			
1859	0.492725507			
1860	0.494019423			
1861	0.495740821			
1862	0.497050346			
1863	0.498057181			
1864	0.498914267			
1865	0.500076359			
1866	0.501020383			
1867	0.500983819			
1868	0.502476548			
1869	0.503320414			
1870	0.50334703			
1871	0.504775509			
1872	0.505280483			
1873	0.505329464			
1874	0.506677019			
1875	0.507254684			
1876	0.507296364			
1877	0.507477794			
1878	0.508569228			
1879	0.508797825			
1880	0.508709731			
1881	0.508574371			
1882	0.508746256			
1883	0.508047836			
1884	0.508244442			
1885	0.50826018			
1886	0.50784707			
1887	0.507672044			
1888	0.507367851			
1889	0.506462058			
1890	0.505782818			
1891	0.505625056			
1892	0.5046747			
1893	0.504274253			
1894	0.503275799			
1895	0.502865235			
1896	0.502019308			
1897	0.500714044			
1898	0.499788128			
1899	0.498021047			
1900	0.49764517			
1901	0.497109117			
1902	0.495421794			
1903	0.494047105			
1904	0.493660923			
1905	0.491779535			
1906	0.490661666			
1907	0.489690298			
1908	0.488600774			
1909	0.487421031			
1910	0.485465958			
1911	0.484128763			
1912	0.482868369			
1913	0.48070934			
1914	0.479959415			
1915	0.478811437			
1916	0.476914847			
1917	0.475815373			
1918	0.474517637			
1919	0.472534704			
1920	0.470157699			
1921	0.469572493			
1922	0.468790906			
1923	0.466834156			
1924	0.465244899			
1925	0.464321969			
1926	0.462281031			
1927	0.460558889			
1928	0.459243937			
1929	0.457800027			
1930	0.456106478			
1931	0.454906952			
1932	0.453554427			
1933	0.451913968			
1934	0.450522335			
1935	0.449246597			
1936	0.447744087			
1937	0.446202082			
1938	0.444893737			
1939	0.443649442			
1940	0.442425206			
1941	0.440971813			
1942	0.439994089			
1943	0.438808264			
1944	0.437403662			
1945	0.43621249			
1946	0.435192125			
1947	0.433802794			
1948	0.43291121			
1949	0.431766049			
1950	0.430529596			
1951	0.429593533			
1952	0.428549535			
1953	0.427661119			
1954	0.426657956			
1955	0.42579058			
1956	0.424634989			
1957	0.423889638			
1958	0.423069904			
1959	0.42247439			
1960	0.421537965			
1961	0.420898357			
1962	0.420080623			
1963	0.41936162			
1964	0.418881465			
1965	0.418199896			
1966	0.417674615			
1967	0.417063856			
1968	0.416564865			
1969	0.416072978			
1970	0.415615319			
1971	0.415359555			
1972	0.414854082			
1973	0.41460329			
1974	0.414207467			
1975	0.414031424			
1976	0.413714507			
1977	0.413422578			
1978	0.413224607			
1979	0.413292525			
1980	0.41311901			
1981	0.413243947			
1982	0.413072453			
1983	0.41306847			
1984	0.413167221			
1985	0.413060177			
1986	0.413117158			
1987	0.413447523			
1988	0.413656475			
1989	0.413755521			
1990	0.414014342			
1991	0.413954908			
1992	0.414605006			
1993	0.414972559			
1994	0.415153879			
1995	0.415480554			
1996	0.416053597			
1997	0.416557673			
1998	0.41689073			
1999	0.417298887			
2000	0.417933535			
2001	0.418624865			
2002	0.419128585			
2003	0.419707306			
2004	0.420571065			
2005	0.421174125			
2006	0.421611996			
2007	0.42250565			
2008	0.423518444			
2009	0.424108493			
2010	0.425147686			
2011	0.425892598			
2012	0.42687562			
2013	0.427835646			
2014	0.42870477			
2015	0.429864398			
2016	0.430846343			
2017	0.4318815			
2018	0.433069593			
2019	0.433941907			
2020	0.435117506			
2021	0.436042997			
2022	0.437134078			
2023	0.438552118			
2024	0.439624866			
2025	0.440868374			
2026	0.441993862			
2027	0.443123236			
2028	0.444600424			
2029	0.445891487			
2030	0.447205485			
2031	0.44842092			
2032	0.449723862			
2033	0.451029527			
2034	0.452393415			
2035	0.453708269			
2036	0.45518502			
2037	0.456530411			
2038	0.457815366			
2039	0.459116355			
2040	0.460637849			
2041	0.462031794			
2042	0.463541303			
2043	0.464725436			
2044	0.466206696			
2045	0.467795472			
2046	0.46917182			
2047	0.470493593			
2048	0.471875409			
2049	0.47329233			
2050	0.474823402			
2051	0.47626635			
2052	0.477711469			
2053	0.479110973			
2054	0.480378516			
2055	0.481929932			
2056	0.48315026			
2057	0.484688848			
2058	0.486184455			
2059	0.487385608			
2060	0.488579993			
2061	0.489880834			
2062	0.490945748			
2063	0.492331722			
2064	0.493717123			
2065	0.494816967			
2066	0.495919479			
2067	0.497158047			
2068	0.497995732			
2069	0.499234421			
2070	0.500577216			
2071	0.501492899			
2072	0.502679579			
2073	0.50344242			
2074	0.504190173			
2075	0.505236931			
2076	0.505944222			
2077	0.507023455			
2078	0.508065936			
2079	0.508611042			
2080	0.509338042			
2081	0.509746833			
2082	0.510394065			
2083	0.51100816			
2084	0.511830153			
2085	0.512262348			
2086	0.512770906			
2087	0.513108985			
2088	0.513446521			
2089	0.5136406			
2090	0.514330987			
2091	0.514297037			
2092	0.514518985			
2093	0.514564305			
2094	0.514780073			
2095	0.514757975			
2096	0.514773118			
2097	0.514658397			
2098	0.514547385			
2099	0.514225696			
2100	0.514386303			
2101	0.514118493			
2102	0.513782962			
2103	0.513297958			
2104	0.512903394			
2105	0.512882051			
2106	0.512097717			
2107	0.511689718			
2108	0.510877604			
2109	0.510800614			
2110	0.509889822			
2111	0.509106567			
2112	0.508336834			
2113	0.507893251			
2114	0.506932783			
2115	0.505907647			
2116	0.505080695			
2117	0.504336389			
2118	0.503375415			
2119	0.502360772			
2120	0.501241163			
2121	0.500210512			
2122	0.499198229			
2123	0.498058538			
2124	0.497231655			
2125	0.495701501			
2126	0.494501198			
2127	0.493371826			
2128	0.491898966			
2129	0.490568074			
2130	0.489281783			
2131	0.487972924			
2132	0.486716761			
2133	0.485280681			
2134	0.483809784			
2135	0.482407165			
2136	0.480776428			
2137	0.47937867			
2138	0.477926838			
2139	0.476558265			
2140	0.474867653			
2141	0.473509375			
2142	0.472016117			
2143	0.470420877			
2144	0.469000323			
2145	0.467394824			
2146	0.465809433			
2147	0.464155253			
2148	0.462641028			
2149	0.460909091			
2150	0.459262384			
2151	0.457707836			
2152	0.456036847			
2153	0.454548566			
2154	0.452863785			
2155	0.451151153			
2156	0.44961572			
2157	0.447984014			
2158	0.446431019			
2159	0.444974696			
2160	0.443085284			
2161	0.441842517			
2162	0.440225112			
2163	0.438561731			
2164	0.437173986			
2165	0.435902486			
2166	0.433984643			
2167	0.43264689			
2168	0.431054502			
2169	0.429402712			
2170	0.428102188			
2171	0.426666356			
2172	0.425050835			
2173	0.423543913			
2174	0.422225375			
2175	0.420620084			
2176	0.419329895			
2177	0.417883357			
2178	0.416313634			
2179	0.415094874			
2180	0.413720413			
2181	0.412316839			
2182	0.411295863			
2183	0.410317335			
2184	0.408750498			
2185	0.407535599			
2186	0.406334933			
2187	0.404723794			
2188	0.403637614			
2189	0.401990227			
2190	0.401529493			
2191	0.399367123			
2192	0.400015524			
2193	0.399336943			
2194	0.399143822			
2195	0.398491653			
2196	0.39793309			
2197	0.397844505			
2198	0.405565261			
2199	0.406419955			
2200	0.400611882			
2201	0.38991778			
2202	0.388257177			
2203	0.386907879			
2204	0.385986628			
2205	0.384487608			
2206	0.383398753			
2207	0.382753145			
2208	0.381303695			
2209	0.380206303			
2210	0.379692752			
2211	0.378620174			
2212	0.378036141			
2213	0.377345894			
2214	0.376301041			
2215	0.375355651			
2216	0.374846912			
2217	0.374199736			
2218	0.373021268			
2219	0.372855872			
2220	0.374820287			
2221	0.374805678			
2222	0.374277502			
2223	0.373387487			
2224	0.373052837			
2225	0.372232338			
2226	0.371445606			
2227	0.371006081			
2228	0.37012849			
2229	0.369466754			
2230	0.369154041			
2231	0.367706206			
2232	0.367655246			
2233	0.367268565			
2234	0.367198507			
2235	0.366265069			
2236	0.365893573			
2237	0.365597538			
2238	0.365135051			
2239	0.364779079			
2240	0.364292928			
2241	0.363931329			
2242	0.363673857			
2243	0.363311571			
2244	0.362983771			
2245	0.362690463			
2246	0.362489363			
2247	0.36290278			
2248	0.361404352			
2249	0.361198123			
2250	0.36143735			
2251	0.361231263			
2252	0.360983159			
2253	0.360809613			
2254	0.360054963			
2255	0.36001317			
2256	0.359659619			
2257	0.35941631			
2258	0.359324718			
2259	0.359261718			
2260	0.359083523			
2261	0.358946668			
2262	0.358763328			
2263	0.358661493			
2264	0.358673105			
2265	0.358388874			
2266	0.358406927			
2267	0.358582445			
2268	0.358414629			
2269	0.358253748			
2270	0.358374312			
2271	0.358282217			
2272	0.358123004			
2273	0.358149106			
2274	0.358311556			
2275	0.358379171			
2276	0.358355708			
2277	0.358334902			
2278	0.35811673			
2279	0.358280252			
2280	0.358367963			
2281	0.358715348			
2282	0.358437148			
2283	0.358571312			
2284	0.358555461			
2285	0.358456394			
2286	0.358720499			
2287	0.358690611			
2288	0.358685815			
2289	0.359262855			
2290	0.359598043			
2291	0.360224368			
2292	0.360322332			
2293	0.360384443			
2294	0.360647995			
2295	0.360984359			
2296	0.36103514			
2297	0.361137692			
2298	0.361088613			
2299	0.361258595			
2300	0.361487114			
2301	0.361640854			
2302	0.362055455			
2303	0.362043588			
2304	0.362158373			
2305	0.36226278			
2306	0.362463016			
2307	0.362773564			
2308	0.362767986			
2309	0.363079562			
2310	0.36298413			
2311	0.362967243			
2312	0.363054937			
2313	0.363188298			
2314	0.363308074			
2315	0.363397778			
2316	0.363481373			
2317	0.363671548			
2318	0.363741262			
2319	0.363724711			
2320	0.363888004			
2321	0.363929041			
2322	0.364040249			
2323	0.364071384			
2324	0.364024789			
2325	0.364019851			
2326	0.364075251			
2327	0.364117166			
2328	0.364179229			
2329	0.364164947			
2330	0.364000183			
2331	0.364127774			
2332	0.364009807			
2333	0.363960954			
2334	0.363817316			
2335	0.363794426			
2336	0.36366049			
2337	0.363570177			
2338	0.363341377			
2339	0.363234259			
2340	0.363030553			
2341	0.363068839			
2342	0.362824113			
2343	0.362795413			
2344	0.36245913			
2345	0.362229943			
2346	0.362249822			
2347	0.361875509			
2348	0.3616266			
2349	0.361451313			
2350	0.361324441			
2351	0.361058252			
2352	0.360811705			
2353	0.360561855			
2354	0.360223029			
2355	0.36000875			
2356	0.359671165			
2357	0.359140502			
2358	0.359046879			
2359	0.358626589			
2360	0.358217904			
2361	0.357862405			
2362	0.357627155			
2363	0.357156414			
2364	0.356699535			
2365	0.356247477			
2366	0.35588184			
2367	0.355498308			
2368	0.35493783			
2369	0.354442396			
2370	0.354130844			
2371	0.353726296			
2372	0.35302762			
2373	0.352526319			
2374	0.352236432			
2375	0.35163438			
2376	0.350923728			
2377	0.350422945			
2378	0.349917579			
2379	0.349325451			
2380	0.348478961			
2381	0.348092474			
2382	0.347584959			
2383	0.346809945			
2384	0.346195594			
2385	0.345471366			
2386	0.34502435			
2387	0.344397109			
2388	0.343763628			
2389	0.343038333			
2390	0.342251532			
2391	0.341795461			
2392	0.341010082			
2393	0.340445514			
2394	0.339604886			
2395	0.338940883			
2396	0.33831883			
2397	0.337377511			
2398	0.3367091			
2399	0.336129519			
2400	0.335147421			
2401	0.334518995			
2402	0.333782224			
2403	0.332923143			
2404	0.332071429			
2405	0.331394511			
2406	0.33060343			
2407	0.329682888			
2408	0.32906694			
2409	0.328101347			
2410	0.327376136			
2411	0.326664144			
2412	0.325824835			
2413	0.32508715			
2414	0.32391042			
2415	0.322943228			
2416	0.322341284			
2417	0.321680611			
2418	0.320573849			
2419	0.31964222			
2420	0.319049889			
2421	0.318123484			
2422	0.31745621			
2423	0.31656289			
2424	0.315691015			
2425	0.314961324			
2426	0.313913474			
2427	0.312988177			
2428	0.312122018			
2429	0.311350973			
2430	0.310548286			
2431	0.309834771			
2432	0.3088549			
2433	0.307955046			
2434	0.307187066			
2435	0.306247506			
2436	0.305321151			
2437	0.304530009			
2438	0.303859514			
2439	0.302424231			
2440	0.302177746			
2441	0.301015454			
2442	0.300092237			
2443	0.299321403			
2444	0.298545773			
2445	0.297669327			
2446	0.296749786			
2447	0.295584999			
2448	0.29516471			
2449	0.294314039			
2450	0.293638867			
2451	0.292384787			
2452	0.291645543			
2453	0.29093349			
2454	0.289956329			
2455	0.289093563			
2456	0.288767417			
2457	0.287539963			
2458	0.286688644			
2459	0.286044253			
2460	0.285070912			
2461	0.284670719			
2462	0.283544003			
2463	0.282641855			
2464	0.28233302			
2465	0.281234665			
2466	0.280401086			
2467	0.279995999			
2468	0.279113803			
2469	0.278479383			
2470	0.277655103			
2471	0.276824244			
2472	0.275867796			
2473	0.275150526			
2474	0.274022689			
2475	0.273703677			
2476	0.272482749			
2477	0.271886316			
2478	0.271589223			
2479	0.270837029			
2480	0.270138953			
2481	0.269856093			
2482	0.269100414			
2483	0.268445972			
2484	0.267644969			
2485	0.267023597			
2486	0.26666529			
2487	0.265978922			
2488	0.265501581			
2489	0.264863316			
2490	0.264598282			
2491	0.26391854			
2492	0.263366204			
2493	0.263170613			
2494	0.261669976			
2495	0.261855353			
2496	0.261711514			
2497	0.260546419			
2498	0.260802991			
2499	0.25953179			
2500	0.2579428			
2501	0.255123721			
2502	0.253189074			
2503	0.252085983			
2504	0.251299735			
2505	0.250521655			
2506	0.249668601			
2507	0.249273939			
2508	0.248747867			
2509	0.247927164			
2510	0.247247626			
2511	0.246794834			
2512	0.246260328			
2513	0.245443988			
2514	0.244931945			
2515	0.244214117			
2516	0.243716352			
2517	0.24305148			
2518	0.24251163			
2519	0.24193618			
2520	0.241020785			
2521	0.240397518			
2522	0.240470261			
2523	0.239848591			
2524	0.239559334			
2525	0.238862643			
2526	0.238384594			
2527	0.237866945			
2528	0.237426776			
2529	0.236852909			
2530	0.236485851			
2531	0.235849287			
2532	0.235062445			
2533	0.234805826			
2534	0.234818209			
2535	0.234234268			
2536	0.233909084			
2537	0.233348198			
2538	0.233552403			
2539	0.23404659			
2540	0.234015296			
2541	0.233530429			
2542	0.231371251			
2543	0.231636009			
2544	0.231499611			
2545	0.231120167			
2546	0.230676031			
2547	0.22963663			
2548	0.229999758			
2549	0.229821529			
2550	0.229743767			
2551	0.228771083			
2552	0.228410375			
2553	0.227799959			
2554	0.227477188			
2555	0.227155738			
2556	0.227046728			
2557	0.22599666			
2558	0.228771418			
2559	0.228532789			
2560	0.228303154			
2561	0.228318403			
2562	0.228360648			
2563	0.228104591			
2564	0.228551154			
2565	0.227135401			
2566	0.22782443			
2567	0.227711898			
2568	0.22763907			
2569	0.226651998			
2570	0.22600782			
2571	0.227669102			
2572	0.224560267			
2573	0.228882948			
2574	0.227399297			
2575	0.227788671			
2576	0.227375756			
2577	0.227251388			
2578	0.227774912			
2579	0.228825188			
2580	0.225443547			
2581	0.227166172			
2582	0.22778194			
2583	0.227919143			
2584	0.223411952			
2585	0.225795265			
2586	0.225992188			
2587	0.225829517			
2588	0.226159444			
2589	0.226337445			
2590	0.225602208			
2591	0.223743729			
2592	0.225293978			
2593	0.2263531			
2594	0.233636119			
2595	0.229875375			
2596	0.232279405			
2597	0.231489439			
2598	0.231585489			
2599	0.233152017			
2600	0.2305465			
