Column 1-2 and 5-6: raw data (x,y), Column 3-4 and 7-8 fitted line (x,y)
x = n/lambda [*1e-3 in 1/nm], y = l/2 [arb. units] where l=0,1,2...
x(lin)		y(lin)	x(lin)		y(lin)		x(spl)		y(spl)	x(spl)		y(spl) 
0.335507752956	0.0	0.0	-2.53251872855		0.338580472252	0.0	0.0	-2.50673110557
0.411020531499	0.5	0.335507752956	-0.124960402651		0.410088800538	0.5	0.338580472252	-0.0797666720228
0.474678973429	1.0	0.411020531499	0.416909098405		0.476616764208	1.0	0.410088800538	0.432809166437
0.546385891603	1.5	0.474678973429	0.873713480813		0.544423123028	1.5	0.476616764208	0.909685462905
0.62265359933	2.0	0.546385891603	1.38827264183		0.622262433889	2.0	0.544423123028	1.39572536985
0.689620838901	2.5	0.62265359933	1.93555941275		0.690456944037	2.5	0.622262433889	1.95368205806
0.77203372807	3.0	0.689620838901	2.41610728019		0.770967483031	3.0	0.690456944037	2.4425042562
0.839119000751	3.5	0.77203372807	3.00749104325		0.842296915358	3.5	0.770967483031	3.01960846236
0.912130845962	4.0	0.839119000751	3.48888590035		0.912855219387	4.0	0.842296915358	3.53090196424
0.976986549709	4.5	0.912130845962	4.01280904156		0.972887350653	4.5	0.912855219387	4.03666797381
1.04930521289	5.0	0.976986549709	4.47820481308		1.05040383087	5.0	0.972887350653	4.4669817674
1.10285273142	5.5	1.04930521289	4.99715377362		1.10066974852	5.5	1.05040383087	5.02262438683
1.17538053364	6.0	1.10285273142	5.38140353517		1.17451822093	6.0	1.10066974852	5.38293339567
1.25871144498	6.5	1.17538053364	5.90185324924		1.2639438375	6.5	1.17451822093	5.91228352276
1.34042809708	7.0	1.25871144498	6.49982461544		1.34021109898	7.0	1.2639438375	6.55329152127
1.40589627149	7.5	1.34042809708	7.08621227529		1.40644673959	7.5	1.34021109898	7.0999796685
1.46762139353	8.0	1.40589627149	7.5560030536		1.4697412919	8.0	1.40644673959	7.57476057631
1.53482062657	8.5	1.46762139353	7.99893419355		1.53255377088	8.5	1.4697412919	8.02845959291
1.59666592142	9.0	1.53482062657	8.48114681486		1.59642997151	9.0	1.53255377088	8.47870307995
1.66204263064	9.5	1.59666592142	8.92494029866		1.66100467209	9.5	1.59642997151	8.93657138538
1.73299543977	10.0	1.66204263064	9.39407473505		1.72987425636	10.0	1.66100467209	9.39944657886
1.8046780305	10.5	1.73299543977	9.90322251141		1.80850741259	10.5	1.72987425636	9.89310774739
1.89011141318	11.0	1.8046780305	10.417607102		1.89109833792	11.0	1.80850741259	10.4567547652
1.96176583978	11.5	1.89011141318	11.0306655186		1.95363997882	11.5	1.89109833792	11.0487713011
2.02507776778	12.0	1.96176583978	11.5448480072		2.02604099464	12.0	1.95363997882	11.4970734051
2.1217370622	12.5	2.02507776778	11.9991658524		2.13297116459	12.5	2.02604099464	12.0160480795
2.23258424449	13.0	2.1217370622	12.6927798956		2.23303117402	13.0	2.13297116459	12.7825297304
2.25068580852	13.5	2.23258424449	13.4882043061		2.247799301	13.5	2.23303117402	13.4997656729
2.25879432057	14.0	2.25068580852	13.6180986851		2.25900108668	14.0	2.247799301	13.6056244623
2.36829871355	14.5	2.25879432057	13.6762842725		2.35019275403	14.5	2.25900108668	13.6859195109
2.5036371682	15.0	2.36829871355	14.4620730083		2.50061880167	15.0	2.35019275403	14.3395866636
2.60134660323	15.5	2.5036371682	15.4332434818		2.62112541515	15.5	2.50061880167	15.4178492849
2.70532692857	16.0	2.60134660323	16.1343931922		2.70525555256	16.0	2.62112541515	16.2816476692
2.75803372073	16.5	2.70532692857	16.8805419646		2.77044405432	16.5	2.70525555256	16.8846973665
2.80633369295	17.0	2.75803372073	17.2587587873		2.81000148261	17.0	2.77044405432	17.3519723224
2.81921178471	17.5	2.80633369295	17.6053528652		2.81353408111	17.5	2.81000148261	17.6355222594
2.8083206308	18.0	2.8083206308	17.6196108628		2.81290852222	18.0	2.81290852222	17.6563600876
2.86477608445	18.5	2.81921178471	17.6977643125		2.83898370741	18.5	2.81353408111	17.66084413
2.92722492839	19.0	2.86477608445	18.0247275741		2.92167143909	19.0	2.83898370741	17.8432685252
3.04332403063	19.5	2.92722492839	18.4728520447		3.04905863335	19.5	2.92167143909	18.4359789746
3.20924491611	20.0	3.04332403063	19.3059635236		3.2005799129	20.0	3.04905863335	19.3490977605
3.29041256151	20.5	3.20924491611	20.4965893906		3.3165181983	20.5	3.2005799129	20.4352110675
3.37945151379	21.0	3.29041256151	21.0790374526		3.38403895925	21.0	3.3165181983	21.2662634117
3.41858364894	21.5	3.37945151379	21.7179689497		3.41925745763	21.5	3.38403895925	21.7502561365
3.4279569452	22.0	3.41858364894	21.9987758668		3.43667406484	22.0	3.41925745763	22.0027043725
3.45948878569	22.5	3.4279569452	22.066037375		3.44212567345	22.5	3.43667406484	22.1275476217
3.47322527138	23.0	3.45948878569	22.2923056041		3.47215544038	23.0	3.44212567345	22.1666250679
3.56252169044	23.5	3.47322527138	22.3908767703		3.54645431321	23.5	3.47215544038	22.3818801764
3.68481100822	24.0	3.56252169044	23.0316558142		3.67790343319	24.0	3.54645431321	22.9144587998
3.81444453087	24.5	3.68481100822	23.9091874438		3.82149430296	24.5	3.67790343319	23.8566937045
3.99568681004	25.0	3.81444453087	24.8394200958		3.98882182071	25.0	3.82149430296	24.8859613749
4.10980515271	25.5	3.99568681004	26.1399902149		4.13364237595	25.5	3.9464874993	25.781919845
4.2490273179	26.0	4.07224279752	26.6893456424		4.24643649198	26.0	3.98882182071	26.0853747127
4.26574548401	26.5	4.08718370976	26.7965596109		4.30324760024	26.5	4.02324006891	26.332086709
4.23405196518	27.0	4.09408350876	26.8460716367		4.26989547231	27.0	4.12601536651	27.0687859943
4.21155616842	27.5	4.10980515271	26.9588880306		4.12601536651	27.5	4.13364237595	27.1234568397
4.07224279752	28.0	4.21155616842	27.6890395781		4.02324006891	28.0	4.13880968127	27.1604963835
4.25231307055	28.5	4.23405196518	27.8504663776		4.32560556632	28.5	4.20238303578	27.6161938704
4.80130195166	29.0	4.2490273179	27.9579274864		4.81778835088	29.0	4.24643649198	27.9319715957
4.57908470362	29.5	4.25231307055	27.9815056037		4.59063270888	29.5	4.26989547231	28.1001269253
4.09408350876	30.0	4.26574548401	28.0778947887		4.13880968127	30.0	4.30324760024	28.3391969099
4.08718370976	30.5	4.27594607738	28.1510928692		3.9464874993	30.5	4.32560556632	28.4994601056
4.27594607738	31.0	4.45914149531	29.4656784482		4.20238303578	31.0	4.52699174792	29.9430079183
4.45914149531	31.5	4.57908470362	30.3263747131		4.52699174792	31.5	4.59063270888	30.3991900122
4.80473878672	32.0	4.80130195166	31.9209756752		4.80885253996	32.0	4.80885253996	31.9634023992
4.91609032755	32.5	4.80473878672	31.9456379395		4.94210666025	32.5	4.81778835088	32.0274548094
5.02972800979	33.0	4.91609032755	32.7446815588		5.02397000643	33.0	4.94210666025	32.9185756508
5.13821296207	33.5	5.02972800979	33.5601302202		5.13865001286	33.5	5.02397000643	33.5053768571
5.29952950904	34.0	5.13821296207	34.3386035871		5.29246265887	34.0	5.13865001286	34.3274097848
5.37701741201	34.5	5.28309682649	35.3782706321		5.40613117409	34.5	5.26194092192	35.2111661611
5.43086646973	35.0	5.29952950904	35.4961893429		5.45609985627	35.0	5.29246265887	35.4299477392
5.42338502136	35.5	5.32881283014	35.7063225005		5.40654198889	35.5	5.30592138964	35.5264207009
5.28309682649	36.0	5.37418642389	36.0319172816		5.30592138964	36.0	5.34341206573	35.7951560383
5.32881283014	36.5	5.37701741201	36.0522320701		5.26194092192	36.5	5.40613117409	36.2447302393
5.37418642389	37.0	5.42338502136	36.384959773		5.34341206573	37.0	5.40654198889	36.2476749836
5.55086955019	37.5	5.43086646973	36.4386456361		5.56320692953	37.5	5.45609985627	36.602908647
5.92231253261	38.0	5.55086955019	37.2997715354		5.87678266008	38.0	5.53858441575	37.1941627464
6.09110410921	38.5	5.79079826728	39.0214676077		6.1868555437	38.5	5.56320692953	37.3706583511
6.28760754279	39.0	5.8763179387	39.6351452206		6.31532034911	39.0	5.81159328415	39.151106126
6.27101736384	39.5	5.89323023403	39.7565055679		6.26473840636	39.5	5.85061939339	39.4308475372
6.01266555409	40.0	5.90946940279	39.8730356499		6.0766501208	40.0	5.87678266008	39.618387348
5.96960292576	40.5	5.92231253261	39.9651962151		5.88338725887	40.5	5.88338725887	39.6657294947
5.8763179387	41.0	5.94677674302	40.1407480852		5.81159328415	41.0	5.93176178822	40.0124809226
5.94677674302	41.5	5.96960292576	40.3045456898		5.98380243228	41.5	5.98380243228	40.3855112731
6.45254803619	42.0	6.01266555409	40.6135572953		6.48221642072	42.0	5.99474930398	40.4639790834
6.52265355839	42.5	6.09110410921	41.1764217739		6.5606535342	42.5	6.0766501208	41.0510488815
6.24532248816	43.0	6.19195060172	41.9000825852		6.15908777391	43.0	6.15908777391	41.6419667533
6.25117375823	43.5	6.24532248816	42.2830720345		6.16805871209	43.5	6.16805871209	41.7062709577
7.12053272958	44.0	6.25117375823	42.3250599584		7.13088017347	44.0	6.18239797388	41.8090556167
7.78692527631	44.5	6.27101736384	42.4674549924		7.87022064478	44.5	6.1868555437	41.8410077353
7.44276272782	45.0	6.28203493402	42.5465155881		7.50546456446	45.0	6.25994370949	42.3649079405
6.8421949286	45.5	6.28760754279	42.5865038761		6.85674137689	45.5	6.26473840636	42.3992766053
6.47083676393	46.0	6.40272897887	43.4125997546		6.36491732322	46.0	6.31532034911	42.7618509004
6.40272897887	46.5	6.45254803619	43.770094582		6.25994370949	46.5	6.36491732322	43.1173648831
5.90946940279	47.0	6.47083676393	43.9013320224		5.93176178822	47.0	6.39353486683	43.322497093
5.89323023403	47.5	6.52265355839	44.2731623418		5.85061939339	47.5	6.48221642072	43.9581716072
6.58515776068	48.0	6.58515776068	44.7216840564		6.39353486683	48.0	6.5606535342	44.5204133792
6.75367916296	48.5	6.75367916296	45.9309708809		6.88816323548	48.5	6.74622443585	45.8505963493
7.62464880086	49.0	6.8421949286	46.5661480613		7.60446621332	49.0	6.85674137689	46.6427881832
7.84038930481	49.5	6.85135785591	46.6318999903		7.91261159436	49.5	6.88816323548	46.8680218853
7.63399605592	50.0	6.99962052429	47.6958128762		7.83091964247	50.0	7.11016128933	48.459316792
7.78561716754	50.5	7.12053272958	48.5634625325		7.57086441184	50.5	7.13088017347	48.6078309534
6.99962052429	51.0	7.44276272782	50.8757414837		7.11016128933	51.0	7.50546456446	51.2928735616
6.85135785591	51.5	7.62464880086	52.1809313806		6.74622443585	51.5	7.57086441184	51.7616634552
6.28203493402	52.0	7.63399605592	52.2480060207		6.18239797388	52.0	7.60446621332	52.0025231142
5.79079826728	52.5	7.78561716754	53.3360186417		5.99474930398	52.5	7.83091964247	53.6257544091
6.19195060172	53.0	7.78692527631	53.3454054535		5.53858441575	53.0	7.87022064478	53.9074662697
			7.84038930481	53.7290561019					7.91261159436	54.2113270513
