Column 1-2 and 5-6: raw data (x,y), Column 3-4 and 7-8 fitted line (x,y)
x = n/lambda [*1e-3 in 1/nm], y = l/2 [arb. units] where l=0,1,2...
x(lin)		y(lin)	x(lin)		y(lin)		x(spl)		y(spl)	x(spl)		y(spl) 
0.302044557827	0.0	0.0	-2.68291248144		0.304497027074	0.0	0.0	-2.68424140599
0.367831422449	0.5	0.302044557827	-0.149484789287		0.367252120244	0.5	0.304497027074	-0.130084090444
0.425506387563	1.0	0.367831422449	0.402308846101		0.42628273275	1.0	0.367252120244	0.396313102485
0.486617032813	1.5	0.425506387563	0.886063146515		0.486563636383	1.5	0.42628273275	0.891468908183
0.546339152627	2.0	0.486617032813	1.39863454351		0.545576870971	2.0	0.486563636383	1.39711230471
0.608936682955	2.5	0.546339152627	1.89955955027		0.607929962174	2.5	0.545576870971	1.89212234236
0.67205061718	3.0	0.608936682955	2.42460233844		0.673331054988	3.0	0.607929962174	2.41514749493
0.735924291826	3.5	0.67205061718	2.95397651382		0.738174126039	3.5	0.673331054988	2.96373964791
0.795553101523	4.0	0.735924291826	3.48972308482		0.793137439604	4.0	0.738174126039	3.50765104789
0.847351726351	4.5	0.795553101523	3.98986544403		0.847073147433	4.5	0.793137439604	3.96868986583
0.91339227036	5.0	0.847351726351	4.42433137681		0.913802499099	5.0	0.847073147433	4.42110900451
0.980283239778	5.5	0.91339227036	4.97825277238		0.979529704081	5.5	0.913802499099	4.98084275087
1.03922331219	6.0	0.980283239778	5.53930719262		1.04068479324	6.0	0.979529704081	5.53217037153
1.10027191027	6.5	1.03922331219	6.03367270184		1.09945422677	6.5	1.04068479324	6.04514654036
1.15776689686	7.0	1.10027191027	6.54572367225		1.15843632967	7.0	1.09945422677	6.53811154572
1.21895195495	7.5	1.15776689686	7.02796838548		1.21882281105	7.5	1.15843632967	7.03286044703
1.2801388805	8.0	1.21895195495	7.5411639273		1.27953007151	8.0	1.21882281105	7.53938944229
1.33760275591	8.5	1.2801388805	8.05437513264		1.33884969689	8.5	1.27953007151	8.04860917061
1.39955490136	9.0	1.33760275591	8.53635889795		1.39821074581	9.0	1.33884969689	8.5461892507
1.45679972163	9.5	1.39955490136	9.05598845857		1.456848378	9.5	1.39821074581	9.04411679639
1.51943420298	10.0	1.45679972163	9.5361348778		1.51955871669	10.0	1.456848378	9.53597623641
1.5812089647	10.5	1.51943420298	10.0614875962		1.58148223327	10.5	1.51955871669	10.0619980234
1.6396898798	11.0	1.5812089647	10.5796293338		1.64007140289	11.0	1.58148223327	10.5814198529
1.70000515868	11.5	1.6396898798	11.070143617		1.69940225119	11.5	1.64007140289	11.0728727832
1.75697506157	12.0	1.70000515868	11.5760438023		1.7571985818	12.0	1.69940225119	11.5705470024
1.81816697718	12.5	1.75697506157	12.0538843257		1.81794081713	12.5	1.7571985818	12.0553495046
1.87783624937	13.0	1.81816697718	12.5671373857		1.87796282017	13.0	1.81794081713	12.5648626064
1.93694882418	13.5	1.87783624937	13.0676191279		1.93700662456	13.5	1.87796282017	13.0683343139
1.99528012575	14.0	1.93694882418	13.5634315175		1.99532441975	14.0	1.93700662456	13.5636007747
2.0553470577	14.5	1.99528012575	14.0526909029		2.05536571378	14.5	1.99532441975	14.0527773838
2.11624609184	15.0	2.0553470577	14.5565080545		2.11647347615	15.0	2.05536571378	14.5564109065
2.17137230097	15.5	2.11624609184	15.067304543		2.17078072661	15.5	2.11647347615	15.0689900926
2.2289528522	16.0	2.17137230097	15.5296809082		2.22890003433	16.0	2.17078072661	15.524525775
2.29062934813	16.5	2.2289528522	16.0126433031		2.29032861635	16.5	2.22890003433	16.0120374477
2.35509251978	17.0	2.29062934813	16.529960827		2.35531397425	17.0	2.29032861635	16.5273077072
2.41512228187	17.5	2.35509251978	17.0706518606		2.41538510481	17.5	2.35531397425	17.0724126263
2.47517947982	18.0	2.41512228187	17.5741572464		2.47535089919	18.0	2.41538510481	17.5762964212
2.53348520295	18.5	2.47517947982	18.0778927532		2.53346355534	18.5	2.47535089919	18.0792966438
2.59004866921	19.0	2.53348520295	18.5669375969		2.58982214017	19.0	2.53346355534	18.5667525224
2.64514757895	19.5	2.59004866921	19.0413690942		2.64641626116	19.5	2.58982214017	19.0394950417
2.70541107312	20.0	2.64514757895	19.5035164831		2.7059522606	20.0	2.64641626116	19.5142132665
2.75546868931	20.5	2.70541107312	20.0089823192		2.75252384757	20.5	2.7059522606	20.013608318
2.8096533428	21.0	2.75546868931	20.428845375		2.8094514392	21.0	2.75252384757	20.4042563342
2.87974739676	21.5	2.8096533428	20.883324352		2.87943343085	21.5	2.8094514392	20.8817717504
2.94749830755	22.0	2.87974739676	21.4712449509		2.94732580888	22.0	2.87943343085	21.4687890282
3.00695409529	22.5	2.94749830755	22.0395122119		3.00914290347	22.5	2.94732580888	22.0382783781
3.06558114919	23.0	3.00695409529	22.5382033329		3.06580208284	23.0	3.00914290347	22.5568075273
3.11995512542	23.5	3.06558114919	23.0299433693		3.11893978984	23.5	3.06580208284	23.0320714695
3.17856589189	24.0	3.11995512542	23.4860103089		3.17849772539	24.0	3.11893978984	23.4777968823
3.23982505778	24.5	3.17856589189	23.9776137329		3.24022396254	24.5	3.17849772539	23.9773759364
3.29848526328	25.0	3.23982505778	24.491430861		3.29867832683	25.0	3.24022396254	24.4951429625
3.35278156041	25.5	3.29848526328	24.9834489597		3.35244545686	25.5	3.29867832683	24.9854651296
3.4137560745	26.0	3.35278156041	25.4388643583		3.41389726291	26.0	3.35244545686	25.4364702176
3.46622284071	26.5	3.4137560745	25.9502939422		3.46581652771	26.5	3.41389726291	25.9519352831
3.53066365968	27.0	3.46622284071	26.3903639749		3.53085284153	27.0	3.46581652771	26.3874402575
3.58831741023	27.5	3.53066365968	26.9308675233		3.58832011459	27.5	3.53085284153	26.9329726008
3.6396964122	28.0	3.58831741023	27.4144438845		3.64001289419	28.0	3.58832011459	27.4150149292
3.70219477487	28.5	3.6396964122	27.8453901903		3.70174516653	28.5	3.64001289419	27.8486201188
3.75949992225	29.0	3.70219477487	28.3696012002		3.75899147299	29.0	3.70174516653	28.3664377689
3.8105260737	29.5	3.75949992225	28.850253619		3.81065603204	29.5	3.75899147299	28.846626603
3.87410881568	30.0	3.8105260737	29.2782403572		3.87506076082	30.0	3.81065603204	29.2799950753
3.92848127237	30.5	3.87410881568	29.8115467026		3.92798225237	30.5	3.87506076082	29.8202296082
3.98628874036	31.0	3.92848127237	30.2676008969		3.98636174916	31.0	3.92798225237	30.26414138
4.04321731854	31.5	3.98628874036	30.7524665778		4.04282654588	31.5	3.98636174916	30.7538355496
4.10005955177	32.0	4.04321731854	31.2299604863		4.09934670126	32.0	4.04282654588	31.2274689869
4.1543428332	32.5	4.10005955177	31.7067301682		4.15573706568	32.5	4.09934670126	31.7015667794
4.20988166042	33.0	4.1543428332	32.1620363964		4.21120633486	33.0	4.15573706568	32.1745758698
4.26358468549	33.5	4.20988166042	32.6278736354		4.26084103769	33.5	4.21120633486	32.6398587037
4.31566990658	34.0	4.26358468549	33.0783129078		4.31545760532	34.0	4.26084103769	33.0562005003
4.37434635897	34.5	4.31566990658	33.5151826943		4.37338392202	34.5	4.31545760532	33.5143307721
4.43721939743	35.0	4.37434635897	34.0073370652		4.4393946852	35.0	4.37338392202	34.0002236131
4.49217126454	35.5	4.43721939743	34.5346907043		4.49255477694	35.5	4.4393946852	34.5539297537
4.53856968072	36.0	4.49217126454	34.995604759		4.54000099574	36.0	4.49255477694	34.9998429323
4.58822107552	36.5	4.53856968072	35.384775924		4.58841897996	36.5	4.54000099574	35.3978274644
4.63391908874	37.0	4.58822107552	35.8012317589		4.6311122933	37.0	4.58841897996	35.8039632805
4.68133125296	37.5	4.63391908874	36.1845282269		4.68041031787	37.5	4.6311122933	36.1620798757
4.74104799492	38.0	4.68133125296	36.5822023007		4.74668681799	38.0	4.68041031787	36.5755975751
4.80359688574	38.5	4.74104799492	37.0830822002		4.80001066565	38.5	4.74668681799	37.1315327488
4.83992672728	39.0	4.80359688574	37.6077170198		4.84035081009	39.0	4.80001066565	37.5788195315
4.88536532957	39.5	4.83992672728	37.9124370494		4.88274843661	39.5	4.84035081009	37.9171974659
4.95034925428	40.0	4.88536532957	38.2935576833		4.951535635	40.0	4.88274843661	38.2728338048
5.02215260388	40.5	4.95034925428	38.8386165832		5.02391772593	40.5	4.90933384929	38.4958354115
5.061980126	41.0	5.02215260388	39.4408740633		5.06404714734	41.0	4.951535635	38.8498290145
5.10139650957	41.5	5.061980126	39.7749312241		5.09844753765	41.5	5.02391772593	39.4569786108
5.14279773747	42.0	5.10139650957	40.105539921		5.1482589244	42.0	5.06404714734	39.7935889753
5.20208430264	42.5	5.14279773747	40.45279669		5.19783990931	42.5	5.09844753765	40.0821435448
5.24444281789	43.0	5.20208430264	40.9500684405		5.24319101296	43.0	5.1482589244	40.4999673872
5.28477495297	43.5	5.21321425933	41.0434220195		5.28150768941	43.5	5.19783990931	40.9158585916
5.33123347164	44.0	5.24444281789	41.3053545489		5.3316631365	44.0	5.24319101296	41.2962690484
5.41963367257	44.5	5.28477495297	41.6436441994		5.42176599944	44.5	5.28150768941	41.6176738923
5.46635575799	45.0	5.33123347164	42.0333194797		5.47302167487	45.0	5.3025473982	41.7941574746
5.49803067383	45.5	5.35037692145	42.1938870007		5.48631039692	45.5	5.3316631365	42.0383837538
5.52510006959	46.0	5.41963367257	42.7747846417		5.52923942337	46.0	5.42176599944	42.7941772956
5.61118325033	46.5	5.46276366591	43.1365415967		5.60993226996	46.5	5.47302167487	43.2241160034
5.66468663295	47.0	5.46635575799	43.1666706135		5.67385840764	47.0	5.48631039692	43.3355833861
5.683014038	47.5	5.49803067383	43.4323470074		5.68082122509	47.5	5.49872223777	43.4396953848
5.6726428466	48.0	5.52510006959	43.6593941601		5.67046222875	48.0	5.52923942337	43.6956771709
5.74105013434	48.5	5.61118325033	44.3814250932		5.71822111109	48.5	5.60993226996	44.3725383752
5.78725092306	49.0	5.66468663295	44.8301898454		5.82238031587	49.0	5.67046222875	44.880270876
5.89049777431	49.5	5.6726428466	44.8969233503		5.88008945404	49.5	5.67385840764	44.9087584288
5.80160622477	50.0	5.683014038	44.9839127127		5.79666913298	50.0	5.68082122509	44.9671633706
5.75382098162	50.5	5.74105013434	45.4706960358		5.74314414036	50.5	5.71822111109	45.280878067
5.78574174383	51.0	5.75382098162	45.577812742		5.81690514848	51.0	5.74314414036	45.4899354039
5.88435868687	51.5	5.78574174383	45.845551196		5.84759509026	51.5	5.79666913298	45.9389094145
5.46276366591	52.0	5.78725092306	45.8582095815		5.49872223777	52.0	5.81690514848	46.1086515217
5.35037692145	52.5	5.80160622477	45.9786160511		5.3025473982	52.5	5.82238031587	46.1545778776
5.21321425933	53.0	5.88435868687	46.6727102622		4.90933384929	53.0	5.84759509026	46.3660824072
			5.89049777431	46.7242024468					5.88008945404	46.6386489993
