Column 1: Number of ignored points
Column 2: Y-axis intersept point in nm
Column 3: -m_1 index (given by l/2) in nm
Column 4: Film thickness calculated from the slope a (NOT final) in nm
Column 5: Film thickness 2nd iteration (d2 in Table 1 in Swanepoel(1983)) in nm
Column 1-5 LINEAR interp, Column 6-10 SPLINE interp
0	-6.36865027272	-6.5	4876.67425871	4968.44956223		0	-6.36990492794	-6.5	4876.70091554	4967.95132828
1	-6.26470914897	-6.5	4854.23444904	4964.32259365		1	-6.26822308734	-6.5	4854.88663518	4964.03114009
2	-6.17633539588	-6.0	4835.67180727	4856.67469831		2	-6.18432535336	-6.0	4837.3990152	4856.69648884
3	-6.09280564816	-6.0	4818.14495063	4853.62060985		3	-6.10116108539	-6.0	4819.96132078	4853.65769113
4	-6.00738613881	-6.0	4800.03496586	4850.48591096		4	-6.01419945467	-6.0	4801.47759638	4850.41501476
5	-5.92638640561	-6.0	4782.86049458	4847.66940643		5	-5.92725210487	-6.0	4782.8599766	4847.21237805
6	-5.84693448248	-6.0	4765.93144194	4844.98923504		6	-5.85208973022	-6.0	4766.94532494	4844.77771376
7	-5.78668193008	-6.0	4753.31619976	4843.37702423		7	-5.7885039505	-6.0	4753.58276724	4842.99810398
8	-5.72654963863	-5.5	4740.63810397	4733.52073121		8	-5.73013087914	-5.5	4741.29948118	4733.25609321
9	-5.67211172835	-5.5	4729.14756916	4731.6466607		9	-5.67330899129	-5.5	4729.2766145	4731.26799813
10	-5.61827955034	-5.5	4717.70987427	4729.83491035		10	-5.62294605656	-5.5	4718.6129637	4729.6063445
11	-5.579152756	-5.5	4709.44902332	4728.68421732		11	-5.57827238087	-5.5	4709.13565458	4728.22270226
12	-5.53196921653	-5.5	4699.34274137	4727.22865967		12	-5.53403049686	-5.5	4699.68503342	4726.88991992
13	-5.4952130626	-5.5	4691.48362848	4726.2407914		13	-5.49667393765	-5.5	4691.69384463	4725.87337272
14	-5.46038450683	-5.5	4683.99313705	4725.36010402		14	-5.4647742089	-5.5	4684.84934262	4725.10242954
15	-5.42460983337	-5.5	4676.23564269	4724.47224023		15	-5.42497634063	-5.5	4676.19098003	4724.04401268
16	-5.37462408616	-5.5	4665.17728649	4723.0083969		16	-5.3758501388	-5.5	4665.33200071	4722.61572348
17	-5.33646850462	-5.5	4656.76050889	4722.10161803		17	-5.33450318425	-5.5	4656.18685764	4721.57062889
18	-5.30936042159	-5.5	4650.78650827	4721.67305626		18	-5.30978991786	-5.5	4650.75027673	4721.2318987
19	-5.28875566177	-5.5	4646.23162474	4721.52026876		19	-5.29123783745	-5.5	4646.65504839	4721.15070794
20	-5.26144330471	-5.5	4640.11743073	4721.13801269		20	-5.2646638647	-5.5	4640.70957501	4720.79130806
21	-5.23022908056	-5.0	4633.05383849	4603.4230649		21	-5.2307063509	-5.0	4633.00912971	4602.99941671
22	-5.1974036417	-5.0	4625.55699432	4602.12353518		22	-5.19878854085	-5.0	4625.72490748	4601.73333328
23	-5.17630911238	-5.0	4620.74184529	4601.31348139		23	-5.17652936711	-5.0	4620.63997611	4600.87437803
24	-5.15690988905	-5.0	4616.28276667	4600.58596509		24	-5.15841541736	-5.0	4616.48005457	4600.19174083
25	-5.13385599186	-5.0	4610.92666825	4599.7352477		25	-5.13705079339	-5.0	4611.52238708	4599.40157703
26	-5.11465852039	-5.0	4606.44134887	4599.0552809		26	-5.11766457136	-5.0	4606.99256358	4598.70745464
27	-5.09469059002	-5.0	4601.73450642	4598.36431726		27	-5.09569730443	-5.0	4601.80760893	4597.93164947
28	-5.06824387971	-5.0	4595.41958022	4597.43484977		28	-5.0697933124	-5.0	4595.62488259	4597.01970014
29	-5.04840825205	-5.0	4590.66449042	4596.79805349		29	-5.04876245833	-5.0	4590.57941515	4596.33032284
30	-5.03504606549	-5.0	4587.44709322	4596.43453945		30	-5.03640632254	-5.0	4587.60623434	4596.00093676
31	-5.02447353867	-5.0	4584.88362945	4596.19368887		31	-5.02751880639	-5.0	4585.45360304	4595.81788437
32	-5.00962457381	-5.0	4581.24197681	4595.8027759		32	-5.01206700577	-5.0	4581.66282069	4595.39579849
33	-4.98991276327	-5.0	4576.34960783	4595.23712954		33	-4.99160411022	-5.0	4576.58174866	4594.79267413
34	-4.97198865348	-5.0	4571.86625153	4594.76913911		34	-4.97407233491	-5.0	4572.19780916	4594.33439457
35	-4.96207037557	-5.0	4569.3752469	4594.64345028		35	-4.96306693061	-5.0	4569.43208843	4594.15960052
36	-4.94732428314	-5.0	4565.62688427	4594.34302355		36	-4.94987226172	-5.0	4566.08141391	4593.91585345
37	-4.93295633456	-5.0	4561.94175083	4594.08055278		37	-4.93577592335	-5.0	4562.46670553	4593.65660562
38	-4.92004606275	-5.0	4558.60252037	4593.90043269		38	-4.9215115987	-5.0	4558.77440345	4593.41318353
39	-4.90725721583	-5.0	4555.26373506	4593.74768479		39	-4.9088318424	-5.0	4555.46446559	4593.25837317
40	-4.89463232239	-5.0	4551.93666408	4593.62486668		40	-4.89725200287	-5.0	4552.41482331	4593.17148651
41	-4.88379204213	-5.0	4549.05539406	4593.59946749		41	-4.88615081156	-5.0	4549.46390194	4593.12679659
42	-4.87182871297	-5.0	4545.84258121	4593.5502925		42	-4.87400013526	-5.0	4546.20058375	4593.06146027
43	-4.85612235512	-5.0	4541.57370114	4593.3675708		43	-4.85830047711	-5.0	4541.93376292	4592.87079216
44	-4.84425932846	-5.0	4538.32468559	4593.38006548		44	-4.84619095832	-5.0	4538.61694295	4592.8644002
45	-4.83349621271	-5.0	4535.34914757	4593.46651144		45	-4.8353665976	-5.0	4535.62452921	4592.93999624
46	-4.82107675338	-5.0	4531.87756201	4593.50874959		46	-4.82356863804	-5.0	4532.32801374	4593.00064458
47	-4.80993276494	-5.0	4528.73277494	4593.63659232		47	-4.81224155866	-5.0	4529.13141221	4593.11092517
48	-4.79941619079	-5.0	4525.73525831	4593.82152507		48	-4.80162562572	-5.0	4526.10558409	4593.28198447
49	-4.79098763034	-5.0	4523.31040335	4594.12751993		49	-4.79351822292	-5.0	4523.77366545	4593.59223352
50	-4.78099785169	-5.0	4520.40339801	4594.39336581		50	-4.78369783698	-5.0	4520.91638945	4593.85506586
51	-4.7698076997	-5.0	4517.10995927	4594.63764869		51	-4.77217502119	-5.0	4517.52464366	4594.0734053
52	-4.75654695198	-5.0	4513.16026319	4594.82318219		52	-4.75900518956	-5.0	4513.60247672	4594.2524412
53	-4.74576538788	-4.5	4509.91802855	4445.20603434		53	-4.74821683055	-4.5	4510.35840227	4444.68648246
54	-4.73756442621	-4.5	4507.42775342	4444.30457017		54	-4.74016159445	-4.5	4507.91272767	4443.78110808
55	-4.7268827824	-4.5	4504.14343122	4443.29444785		55	-4.72952710857	-4.5	4504.64321547	4442.76217235
56	-4.71477275716	-4.5	4500.37467969	4442.22686427		56	-4.71753233263	-4.5	4500.91082678	4441.68859007
57	-4.70381519146	-4.5	4496.92731259	4441.22489678		57	-4.70650442287	-4.5	4497.44146205	4440.67142906
58	-4.69451993713	-4.5	4493.97125809	4440.31118855		58	-4.69724871722	-4.5	4494.49826832	4439.74745745
59	-4.68332888527	-4.5	4490.36676013	4439.31612458		59	-4.68631324153	-4.5	4490.97682151	4438.75199993
60	-4.67388923735	-4.5	4487.29263031	4438.41716569		60	-4.67671014688	-4.5	4487.84946569	4437.83177557
61	-4.66392304085	-4.5	4484.00677738	4437.50290814		61	-4.66651273399	-4.5	4484.4872814	4436.89293246
62	-4.65534479451	-4.5	4481.1456765	4436.66758756		62	-4.65830305376	-4.5	4481.74982766	4436.0620436
63	-4.64667371709	-4.5	4478.21744	4435.83751697		63	-4.64981656382	-4.5	4478.88443262	4435.2262788
64	-4.63707343577	-4.5	4474.93302827	4434.97250261		64	-4.64041653904	-4.5	4475.66913276	4434.35554374
65	-4.62499216356	-4.5	4470.74204059	4433.99695415		65	-4.62835317776	-4.5	4471.48479682	4433.36431575
66	-4.61518429777	-4.5	4467.29925091	4433.15740679		66	-4.61840410209	-4.5	4467.99255698	4432.50047493
67	-4.60321955891	-4.5	4463.03987546	4432.22431699		67	-4.60642154522	-4.5	4463.72724183	4431.54921
68	-4.59382318898	-4.5	4459.65417974	4431.44727086		68	-4.59722449336	-4.5	4460.41401093	4430.76456668
69	-4.58460564177	-4.5	4456.28822783	4430.69791467		69	-4.58821880113	-4.5	4457.12608978	4430.00713525
70	-4.57358984783	-4.5	4452.20714403	4429.87356227		70	-4.57748372113	-4.5	4453.14995066	4429.17725311
71	-4.56148018049	-4.5	4447.65614284	4429.01679616		71	-4.56534392429	-4.5	4448.58811003	4428.29696213
72	-4.54963826507	-4.5	4443.14338951	4428.20564769		72	-4.55329817676	-4.5	4443.99784374	4427.45225003
73	-4.53789928696	-4.5	4438.60585299	4427.43275402		73	-4.54190324872	-4.5	4439.59450216	4426.67548792
74	-4.52492999249	-4.5	4433.51704146	4426.62663623		74	-4.52987699567	-4.5	4434.87821672	4425.89681429
75	-4.51268620975	-4.5	4428.64324136	4425.90249413		75	-4.51652525731	-4.5	4429.56169194	4425.08148536
76	-4.49639523103	-4.5	4422.04983956	4424.99000855		76	-4.50082183886	-4.5	4423.20857637	4424.17699592
77	-4.4890709767	-4.5	4419.05094251	4424.6471619		77	-4.49326508584	-4.5	4420.11467135	4423.79177361
78	-4.48268981704	-4.5	4416.39841509	4424.38788731		78	-4.48570709713	-4.5	4416.9720528	4423.43687668
79	-4.4743825644	-4.5	4412.88800495	4424.04836445		79	-4.47908881545	-4.5	4414.17755667	4423.16802058
80	-4.46904488315	-4.5	4410.59859159	4423.91834859		80	-4.47396270475	-4.5	4411.97942558	4423.0155979
81	-4.46366768908	-4.5	4408.25437344	4423.81570114		81	-4.46847226601	-4.5	4409.58616449	4422.86958702
82	-4.45661415355	-4.5	4405.12623739	4423.64744434		82	-4.46166065118	-4.5	4406.56612781	4422.67773908
83	-4.45442176901	-4.5	4404.13905438	4423.80598955		83	-4.45958347336	-4.5	4405.63103489	4422.80214008
84	-4.44808130355	-4.5	4401.23077496	4423.74176273		84	-4.45380140493	-4.5	4402.97990652	4422.72803775
85	-4.44388591944	-4.5	4399.27390745	4423.85078709		85	-4.44994294744	-4.5	4401.18076707	4422.80883672
86	-4.44409316172	-4.5	4399.37217394	4424.25905713		86	-4.45052247644	-4.5	4401.45546607	4423.18638785
87	-4.43301173526	-4.5	4394.00355043	4423.99400083		87	-4.43959418595	-4.5	4396.16255906	4422.87411154
88	-4.42792952498	-4.5	4391.50011204	4424.18557349		88	-4.43409106821	-4.5	4393.45214022	4422.97900208
89	-4.42174967817	-4.5	4388.39727706	4424.36207559		89	-4.42863675142	-4.5	4390.71487312	4423.13978948
90	-4.41728336109	-4.5	4386.11246883	4424.71087204		90	-4.42511588678	-4.5	4388.91468879	4423.47819129
91	-4.41715855071	-4.5	4386.04743164	4425.38924949		91	-4.42492491143	-4.5	4388.81520183	4424.07218221
92	-4.40747326281	-4.5	4380.88628933	4425.49172342		92	-4.41530012596	-4.5	4383.68803254	4424.095486
93	-4.40157542303	-4.5	4377.68182126	4425.94847523		93	-4.40964607895	-4.5	4380.61725098	4424.47941959
94	-4.40137827255	-4.5	4377.57259296	4426.85829419		94	-4.41029897902	-4.5	4380.97878168	4425.34687929
95	-4.40244261278	-4.5	4378.17481608	4427.89329976		95	-4.41234518164	-4.5	4382.13587468	4426.33430548
96	-4.41490715447	-4.5	4385.36668955	4429.67882813		96	-4.4262135471	-4.5	4390.13232833	4428.07873568
97	-4.4139650203	-4.5	4384.80940671	4430.53908945		97	-4.42581274787	-4.5	4389.89538234	4428.82600749
98	-4.41270578639	-4.5	4384.04739461	4431.43610208		98	-4.42437899009	-4.5	4389.02815571	4429.54902861
99	-4.41949407658	-4.5	4388.24625061	4432.91291771		99	-4.43198612679	-4.5	4393.73041148	4430.90509732
100	-4.42616778518	-4.5	4392.47403985	4434.35137879		100	-4.44072954587	-4.5	4399.26447747	4432.27945665
101	-4.43487697628	-4.5	4398.12612255	4435.88075242		101	-4.45345437756	-4.5	4407.51291277	4433.82212974
102	-4.45227944805	-4.5	4409.69344934	4437.86846179		102	-4.47076611957	-4.5	4419.01216518	4435.49223604
103	-4.46917329885	-4.5	4421.21568365	4439.59459925		103	-4.48924135157	-4.5	4431.60110637	4436.9810824
104	-4.49911941625	-4.5	4442.15678908	4441.82324204		104	-4.52613511142	-4.5	4457.36171806	4439.21906334
105	-4.54830568837	-4.5	4477.43683264	4444.55947922		105	-4.58061774565	-4.5	4496.38713881	4441.69405309
106	-4.59620558558	-4.5	4512.76413462	4446.17785699		106	-4.63410119196	-4.5	4535.77396967	4442.91884298
107	-4.57254046491	-4.5	4494.72342918	4442.74610105		107	-4.61417538679	-4.5	4520.60816431	4438.89066389
108	-4.58865693976	-4.5	4507.33302796	4441.84226616		108	-4.63407023221	-4.5	4536.14734366	4437.18635698
109	-4.58951045436	-4.5	4508.02134257	4439.58609088		109	-4.6385572346	-4.5	4539.7589034	4433.94749294
110	-4.64847380091	-4.5	4556.93214203	4439.58406111		110	-4.72464657909	-4.5	4610.96615357	4433.6241226
111	-4.71336198077	-4.5	4612.46753976	4437.47323578		111	-4.84209334451	-5.0	4711.11970388	4840.20503711
112	-4.75569332018	-5.0	4649.88986501	4858.39547023		112	-4.92753640743	-5.0	4786.36181147	4847.97156692
113	-4.82011606601	-5.0	4708.71065079	4868.93653374		113	-5.04013590906	-5.0	4888.69378318	4853.05396955
