Column 1: energy in eV
Column 2: alpha *1e3 in 1/cm, linear interpolation
Column 3: energy in eV
Column 4: alpha *1e3 in 1/cm, spline interpolation
Column 5: lambda in nm
Column 6: alpha *1e3 in 1/cm, linear interpolation
Column 7: lambda in nm
Column 8: alpha *1e3 in 1/cm, spline interpolation
0.205612250415	-0.120997652126	0.205612250415	-0.131144218174	6029.99999999	-0.120997652126	6029.99999999	-0.131144218174
0.27189514693	-0.173536784705	0.27189514693	-0.134654062688	4560.0	-0.173536784705	4560.0	-0.134654062688
0.33968270411	-0.161527966093	0.33968270411	-0.167524288107	3650.0	-0.161527966093	3650.0	-0.167524288107
0.406505531148	-0.188114462401	0.406505531148	-0.213183314235	3050.0	-0.188114462401	3050.0	-0.213183314235
0.484313230469	-0.106118669913	0.484313230469	-0.108526262824	2560.0	-0.106118669913	2560.0	-0.108526262824
0.542363022747	-0.136058136027	0.542363022747	-0.142114430319	2286.0	-0.136058136027	2286.0	-0.142114430319
0.610158400591	-0.0309125389736	0.610158400591	-0.0284319722655	2032.0	-0.0309125389736	2032.0	-0.0284319722655
0.67603155398	-0.0123030856779	0.67603155398	0.00902247267844	1834.0	-0.0123030856779	1834.0	0.00902247267844
0.743756370726	0.00873411634401	0.743756370726	0.0128438286022	1667.0	0.00873411634401	1667.0	0.0128438286022
0.809824866101	0.000359827843635	0.809824866101	-0.00168315532125	1531.0	0.000359827843635	1531.0	-0.00168315532125
0.876833005658	-0.00857126986582	0.876833005658	-0.0105559722274	1414.0	-0.00857126986582	1414.0	-0.0105559722274
0.942129080547	-0.0136328103257	0.942129080547	-0.016729222947	1316.0	-0.0136328103257	1316.0	-0.016729222947
1.00882170057	0.000325508499195	1.00882170057	-0.0016456946742	1229.0	0.000325508499195	1229.0	-0.0016456946742
1.0734561645	0.0224937644546	1.0734561645	0.0209379940664	1155.0	0.0224937644546	1155.0	0.0209379940664
1.13956054228	0.0469482321023	1.13956054228	0.0494453067097	1088.0	0.0469482321023	1088.0	0.0494453067097
1.20372997087	0.0618119467262	1.20372997087	0.0662017173317	1030.0	0.0618119467262	1030.0	0.0662017173317
1.26902954964	0.0724055172307	1.26902954964	0.0730596088851	977.000000001	0.0724055172307	977.000000001	0.0730596088851
1.33316330108	0.0684712291504	1.33316330108	0.0672878349168	929.999999997	0.0684712291504	929.999999997	0.0672878349168
1.39621832207	0.0679143882089	1.39621832207	0.0670544094519	888.000000001	0.0679143882089	888.000000001	0.0670544094519
1.46035555948	0.0758802750268	1.46035555948	0.0757108332189	849.000000001	0.0758802750268	849.000000001	0.0757108332189
1.52314726044	0.0894180693565	1.52314726044	0.0898709691821	814.000000001	0.0894180693565	814.000000001	0.0898709691821
1.58547553708	0.0911632664015	1.58547553708	0.093042864153	782.000000002	0.0911632664015	782.000000002	0.093042864153
1.64872589096	0.0955682867758	1.64872589096	0.0959748782145	751.999999999	0.0955682867758	751.999999999	0.0959748782145
1.71012671724	0.102158296779	1.71012671724	0.0997662869028	725.000000001	0.102158296779	725.000000001	0.0997662869028
1.77373658083	0.118250396901	1.77373658083	0.117246540483	699.0	0.118250396901	699.0	0.117246540483
1.83408560651	0.132900964468	1.83408560651	0.131369959076	676.0	0.132900964468	676.0	0.131369959076
1.89288835115	0.14982546993	1.89288835115	0.149077095956	654.999999998	0.14982546993	654.999999998	0.149077095956
1.95250688189	0.177326069771	1.95250688189	0.178081942386	635.0	0.177326069771	635.0	0.178081942386
2.01273030844	0.20503536975	2.01273030844	0.206312561396	616.0	0.20503536975	616.0	0.206312561396
2.06985287145	0.219493321027	2.06985287145	0.220660222312	599.000000001	0.219493321027	599.000000001	0.220660222312
2.13031249141	0.2412969274	2.13031249141	0.240734937745	582.0	0.2412969274	582.0	0.240734937745
2.18666996473	0.25897859841	2.18666996473	0.256384004106	566.999999999	0.25897859841	566.999999999	0.256384004106
2.2460903442	0.294374936208	2.2460903442	0.292709431841	552.000000001	0.294374936208	552.000000001	0.292709431841
2.30026320965	0.323435310664	2.30026320965	0.323283590431	538.999999999	0.323435310664	538.999999999	0.323283590431
2.35711382129	0.364725326106	2.35711382129	0.365457968273	526.000000001	0.364725326106	526.000000001	0.365457968273
2.41214371595	0.400016080704	2.41214371595	0.400597973831	514.000000001	0.400016080704	514.000000001	0.400597973831
2.46489437376	0.429379376158	2.46489437376	0.426916021025	502.999999999	0.429379376158	502.999999999	0.426916021025
2.52000380081	0.47234343647	2.52000380081	0.47077813604	492.000000001	0.47234343647	492.000000001	0.47077813604
2.57228603734	0.523964357094	2.57228603734	0.523630065614	482.000000001	0.523964357094	482.000000001	0.523630065614
2.62123016913	0.571150553757	2.62123016913	0.569463500484	473.000000001	0.571150553757	473.000000001	0.569463500484
2.67784421166	0.638895296168	2.67784421166	0.639520403328	463.000000001	0.638895296168	463.000000001	0.639520403328
2.72492718681	0.682644994052	2.72492718681	0.681765143585	455.000000001	0.682644994052	455.000000001	0.681765143585
2.77369545861	0.748400585937	2.77369545861	0.743199124488	447.0	0.748400585937	447.0	0.743199124488
2.82424116173	0.832532503999	2.82424116173	0.82674145171	439.0	0.832532503999	439.0	0.82674145171
2.8700043287	0.927463323517	2.8700043287	0.920579494322	432.000000001	0.927463323517	432.000000001	0.920579494322
2.91727498824	1.0694487447	2.91727498824	1.05732771243	424.999999999	1.0694487447	424.999999999	1.05732771243
2.9661288756	1.27182513616	2.9661288756	1.25730454188	418.0	1.27182513616	418.0	1.25730454188
3.00932492718	1.50130139065	3.00932492718	1.48313176973	412.000000001	1.50130139065	412.000000001	1.48313176973
3.05379770936	1.8359700501	3.05379770936	1.81537711372	406.0	1.8359700501	406.0	1.81537711372
3.09187498753	2.22135039544	3.09187498753	2.19300443451	401.0	2.22135039544	401.0	2.19300443451
3.13884017722	2.87571773232	3.13884017722	2.85948235355	394.999999999	2.87571773232	394.999999999	2.85948235355
3.17095107417	3.46171474521	3.17095107417	3.42717080413	391.0	3.46171474521	391.0	3.42717080413
3.22036849351	4.64133276062	3.22036849351	4.64390131512	385.0	4.64133276062	385.0	4.64390131512
3.21202556995	5.17442465618	3.21202556995	5.17438317852	386.0	5.17442465618	386.0	5.17438317852
3.22036849351	5.34638817797	3.22036849351	5.3463367316	385.0	5.34638817797	385.0	5.3463367316
3.22875486979	5.24597095079	3.22875486979	5.24592591743	384.0	5.24597095079	384.0	5.24592591743
3.23718503916	5.01859887201	3.23718503916	5.01856764646	383.0	5.01859887201	383.0	5.01856764646
3.24565934555	4.87050020447	3.24565934555	4.87047796155	382.0	4.87050020447	382.0	4.87047796155
3.25417813648	5.00016084311	3.25417813648	5.00013120453	381.0	5.00016084311	381.0	5.00013120453
3.26274176316	5.46972295671	3.26274176316	5.46966566957	380.0	5.46972295671	380.0	5.46966566957
3.27135058047	6.16745546121	3.27135058047	6.16735652975	379.0	6.16745546121	379.0	6.16735652975
3.28000494709	6.88557165678	3.28000494709	6.88542953626	378.0	6.88557165678	378.0	6.88542953626
3.28870522546	7.43806806313	3.28870522546	7.43789250505	377.0	7.43806806313	377.0	7.43789250505
3.29745178191	7.76332696267	3.29745178191	7.76313173472	376.0	7.76332696267	376.0	7.76313173472
3.30624498667	7.91947665585	3.30624498667	7.91927205056	375.0	7.91947665585	375.0	7.91927205056
3.3150852139	8.05153205129	3.3150852139	8.05131970425	374.0	8.05153205129	374.0	8.05131970425
3.32397284182	8.3339211551	3.32397284182	8.33369170923	373.0	8.3339211551	373.0	8.33369170923
3.33290825269	8.8493633833	3.33290825269	8.84910244034	372.0	8.8493633833	372.0	8.84910244034
3.34189183288	9.54950828911	3.34189183288	9.54920412395	371.0	9.54950828911	371.0	9.54920412395
3.35092397297	10.3112788765	3.35092397297	10.3109276204	370.0	10.3112788765	370.0	10.3109276204
3.36000506775	11.0062594385	3.36000506775	11.0058650702	369.0	11.0062594385	369.0	11.0058650702
3.3691355163	11.6050688698	3.3691355163	11.6046373257	368.0	11.6050688698	368.0	11.6046373257
3.37831572207	12.1412409754	3.37831572207	12.1407759752	367.0	12.1412409754	367.0	12.1407759752
3.3875460929	12.7022805624	3.3875460929	12.701781004	366.0	12.7022805624	366.0	12.701781004
3.3968270411	13.3768843677	3.3968270411	13.3763428407	365.0	13.3768843677	365.0	13.3763428407
3.40615898352	14.158881391	3.40615898352	14.1582911026	364.0	14.158881391	364.0	14.1582911026
3.4155423416	14.9949473422	3.4155423416	14.994304703	363.0	14.9949473422	363.0	14.994304703
3.42497754144	15.8621852086	3.42497754144	15.8614882851	362.0	15.8621852086	362.0	15.8614882851
3.43446501385	16.7040167724	3.43446501385	16.7032673886	361.0	16.7040167724	361.0	16.7032673886
3.44400519444	17.5432191006	3.44400519444	17.5424173205	360.0	17.5432191006	360.0	17.5424173205
3.45359852368	18.4667176717	3.45359852368	18.4658592463	359.0	18.4667176717	359.0	18.4658592463
3.46324544693	19.3436432571	3.46324544693	19.3427299021	358.0	19.3436432571	358.0	19.3427299021
3.47294641457	20.2568139286	3.47294641457	20.2558433275	357.0	20.2568139286	357.0	20.2558433275
3.48270188202	21.1620692758	3.48270188202	21.1610418983	356.0	21.1620692758	356.0	21.1610418983
3.49251230986	21.9966117794	3.49251230986	21.9955323073	355.0	21.9966117794	355.0	21.9955323073
3.50237816384	22.8095499053	3.50237816384	22.8084196585	354.0	22.8095499053	354.0	22.8084196585
3.51229991501	23.4887925225	3.51229991501	23.4876198801	353.0	23.4887925225	353.0	23.4876198801
3.52227803977	24.1177153129	3.52227803977	24.1165033755	352.0	24.1177153129	352.0	24.1165033755
3.53231301994	24.6440392984	3.53231301994	24.6427947769	351.0	24.6440392984	351.0	24.6427947769
3.54240534286	25.029174179	3.54240534286	25.0279057733	350.0	25.029174179	350.0	25.0279057733
3.55255550143	25.3182912697	3.55255550143	25.317005061	349.0	25.3182912697	349.0	25.317005061
3.56276399425	25.6284410422	3.56276399425	25.6271357054	348.0	25.6284410422	348.0	25.6271357054
3.57303132565	25.7488753109	3.57303132565	25.7475629436	347.0	25.7488753109	347.0	25.7475629436
3.58335800578	25.8522079433	3.58335800578	25.8508895578	346.0	25.8522079433	346.0	25.8508895578
3.59374455072	25.9491760463	3.59374455072	25.9478521463	345.0	25.9491760463	345.0	25.9478521463
3.60419148256	26.0011744169	3.60419148256	25.9998478417	344.0	26.0011744169	344.0	25.9998478417
3.61469932945	26.0211978344	3.61469932945	26.019870437	343.0	26.0211978344	343.0	26.019870437
3.62526862573	26.0524880554	3.62526862573	26.0511591845	342.0	26.0524880554	342.0	26.0511591845
3.63589991202	26.0504743276	3.63589991202	26.0491462584	341.0	26.0504743276	341.0	26.0491462584
3.64659373529	25.9919351016	3.64659373529	25.990611334	340.0	25.9919351016	340.0	25.990611334
3.65735064897	26.0536182609	3.65735064897	26.052291103	339.0	26.0536182609	339.0	26.052291103
3.66817121302	26.0262606236	3.66817121302	26.0249357262	338.0	26.0262606236	338.0	26.0249357262
3.67905599407	26.0205799766	3.67905599407	26.0192560298	337.0	26.0205799766	337.0	26.0192560298
3.69000556548	25.9718970364	3.69000556548	25.9705767567	336.0	25.9718970364	336.0	25.9705767567
3.70102050746	25.9930848384	3.70102050746	25.9917639517	335.0	25.9930848384	335.0	25.9917639517
3.71210140719	25.9816158869	3.71210140719	25.9802964736	334.0	25.9816158869	334.0	25.9802964736
3.72324885886	25.9906538109	3.72324885886	25.9893340984	333.0	25.9906538109	333.0	25.9893340984
3.73446346386	25.9517497235	3.73446346386	25.9504331707	332.0	25.9517497235	332.0	25.9504331707
3.74574583082	25.9328867011	3.74574583082	25.9315721555	331.0	25.9328867011	331.0	25.9315721555
3.75709657576	25.9519123767	3.75709657576	25.9505971084	330.0	25.9519123767	330.0	25.9505971084
3.76851632219	25.9161102921	3.76851632219	25.9147980466	329.0	25.9161102921	329.0	25.9147980466
3.78000570122	25.8901637844	3.78000570122	25.8888537778	328.0	25.8901637844	328.0	25.8888537778
3.79156535168	25.8841179105	3.79156535168	25.8828089203	327.0	25.8841179105	327.0	25.8828089203
3.80319592025	25.8802152283	3.80319592025	25.8789070541	326.0	25.8802152283	326.0	25.8789070541
3.81489806154	25.8814923699	3.81489806154	25.8801850152	325.0	25.8814923699	325.0	25.8801850152
3.82667243827	25.8487032771	3.82667243827	25.847398576	324.0	25.8487032771	324.0	25.847398576
3.83851972136	25.8692769033	3.83851972136	25.867971606	323.0	25.8692769033	323.0	25.867971606
3.85044059006	25.8504797445	3.85044059006	25.8491763885	322.0	25.8504797445	322.0	25.8491763885
3.86243573209	25.8052961926	3.86243573209	25.8039963787	321.0	25.8052961926	321.0	25.8039963787
3.87450584375	25.8217220468	3.87450584375	25.820421973	320.0	25.8217220468	320.0	25.820421973
3.88665163009	25.8036142896	3.88665163009	25.8023161677	319.0	25.8036142896	319.0	25.8023161677
3.89887380503	25.8069209176	3.89887380503	25.8056233465	318.0	25.8069209176	318.0	25.8056233465
3.91117309148	25.7592025028	3.91117309148	25.7579087489	317.0	25.7592025028	317.0	25.7579087489
3.92355022152	25.7770540721	3.92355022152	25.7757597775	316.0	25.7770540721	316.0	25.7757597775
3.93600593651	25.6990739546	3.93600593651	25.6977853772	315.0	25.6990739546	315.0	25.6977853772
3.94854098726	25.7522923566	3.94854098726	25.7510011668	314.0	25.7522923566	314.0	25.7510011668
3.96115613419	25.7125305808	3.96115613419	25.7112428288	313.0	25.7125305808	313.0	25.7112428288
3.97385214744	25.686521049	3.97385214744	25.6852357319	312.0	25.686521049	312.0	25.6852357319
3.98662980707	25.6985746986	3.98662980707	25.6972894895	311.0	25.6985746986	311.0	25.6972894895
3.99948990323	25.6785626377	3.99948990323	25.6772794674	310.0	25.6785626377	310.0	25.6772794674
4.01243323625	25.6732563659	4.01243323625	25.671974343	309.0	25.6732563659	309.0	25.671974343
4.02546061688	25.6170607299	4.02546061688	25.6157829389	308.0	25.6170607299	308.0	25.6157829389
4.03857286645	25.649585412	4.03857286645	25.6483064944	307.0	25.649585412	307.0	25.6483064944
4.05177081699	25.6132212402	4.05177081699	25.6119455206	306.0	25.6132212402	306.0	25.6119455206
4.06505531148	25.605081822	4.06505531148	25.6038076726	305.0	25.605081822	305.0	25.6038076726
4.07842720395	25.5814149791	4.07842720395	25.5801430824	304.0	25.5814149791	304.0	25.5801430824
4.09188735974	25.5493774272	4.09188735974	25.5481085454	303.0	25.5493774272	303.0	25.5481085454
4.10543665563	25.5410731509	4.10543665563	25.5398057802	302.0	25.5410731509	302.0	25.5398057802
4.11907598007	25.5320943571	4.11907598007	25.5308283831	301.0	25.5320943571	301.0	25.5308283831
4.13280623333	25.4986903638	4.13280623333	25.497427499	300.0	25.4986903638	300.0	25.497427499
4.14662832776	25.4562088872	4.14662832776	25.4549496319	299.0	25.4562088872	299.0	25.4549496319
4.16054318792	25.4623734837	4.16054318792	25.4611147919	298.0	25.4623734837	298.0	25.4611147919
4.17455175084	25.4319132568	4.17455175084	25.4306574941	297.0	25.4319132568	297.0	25.4306574941
4.18865496622	25.4483636238	4.18865496622	25.4471077916	296.0	25.4483636238	296.0	25.4471077916
4.20285379661	25.41263121	4.20285379661	25.4113787847	295.0	25.41263121	295.0	25.4113787847
4.21714921769	25.3866117788	4.21714921769	25.3853620639	294.0	25.3866117788	294.0	25.3853620639
4.23154221843	25.3722988892	4.23154221843	25.3710511105	293.0	25.3722988892	293.0	25.3710511105
4.24603380137	25.315061235	4.24603380137	25.3138180565	292.0	25.315061235	292.0	25.3138180565
4.26062498282	25.3207682847	4.26062498282	25.3195257337	291.0	25.3207682847	291.0	25.3195257337
4.2753167931	25.3179197622	4.2753167931	25.3166786156	290.0	25.3179197622	290.0	25.3166786156
4.29011027682	25.2691152485	4.29011027682	25.2678781304	289.0	25.2691152485	289.0	25.2678781304
4.30500649306	25.3019483562	4.30500649306	25.3007103094	288.0	25.3019483562	288.0	25.3007103094
4.32000651568	25.2528292424	4.32000651568	25.2515953314	287.0	25.2528292424	287.0	25.2515953314
4.33511143357	25.2113362115	4.33511143357	25.2101058386	286.0	25.2113362115	286.0	25.2101058386
4.35032235088	25.1951640945	4.35032235088	25.1939360747	285.0	25.1951640945	285.0	25.1939360747
4.36564038732	25.1824501702	4.36564038732	25.18122414	284.0	25.1824501702	284.0	25.18122414
4.38106667845	25.1355991796	4.38106667845	25.1343772674	283.0	25.1355991796	283.0	25.1343772674
4.39660237589	25.1158008579	4.39660237589	25.1145814958	282.0	25.1158008579	282.0	25.1145814958
4.41224864769	25.1007488929	4.41224864769	25.0995316544	281.0	25.1007488929	281.0	25.0995316544
4.42800667857	25.0651258209	4.42800667857	25.0639120466	280.0	25.0651258209	280.0	25.0639120466
4.44387767025	25.0644266222	4.44387767025	25.0632141708	279.0	25.0644266222	279.0	25.0632141708
4.45986284173	25.0063838496	4.45986284173	25.0051763222	278.0	25.0063838496	278.0	25.0051763222
4.4759634296	25.0046076503	4.4759634296	25.0034013497	277.0	25.0046076503	277.0	25.0034013497
4.49218068841	24.9595310286	4.49218068841	24.9583289425	276.0	24.9595310286	276.0	24.9583289425
4.50851589091	24.9653659197	4.50851589091	24.9641648861	275.0	24.9653659197	275.0	24.9641648861
4.52497032847	24.9406480172	4.52497032847	24.9394497348	274.0	24.9406480172	274.0	24.9394497348
4.54154531136	24.9411920812	4.54154531136	24.9399951373	273.0	24.9411920812	273.0	24.9399951373
4.55824216912	24.8848380576	4.55824216912	24.8836461582	272.0	24.8848380576	272.0	24.8836461582
4.57506225092	24.8528813702	4.57506225092	24.8516926968	271.0	24.8528813702	271.0	24.8516926968
4.59200692593	24.8337544006	4.59200692593	24.8325683219	270.0	24.8337544006	270.0	24.8325683219
4.60907758364	24.8275621848	4.60907758364	24.8263778245	269.0	24.8275621848	269.0	24.8263778245
4.62627563433	24.7904067032	4.62627563433	24.7892263463	268.0	24.7904067032	268.0	24.7892263463
4.64360250936	24.7618268455	4.64360250936	24.7606496029	267.0	24.7618268455	267.0	24.7606496029
4.66105966165	24.7330279991	4.66105966165	24.7318540394	266.0	24.7330279991	266.0	24.7318540394
4.67864856604	24.7184061465	4.67864856604	24.7172346732	265.0	24.7184061465	265.0	24.7172346732
4.6963707197	24.6479777897	4.6963707197	24.6468124739	264.0	24.6479777897	264.0	24.6468124739
4.71422764259	24.6446170853	4.71422764259	24.6434534136	263.0	24.6446170853	263.0	24.6434534136
4.73222087786	24.6331060936	4.73222087786	24.6319445707	262.0	24.6331060936	262.0	24.6319445707
4.75035199234	24.6016705894	4.75035199234	24.6005126399	261.0	24.6016705894	261.0	24.6005126399
4.76862257692	24.6201399783	4.76862257692	24.6189825049	260.0	24.6201399783	260.0	24.6189825049
4.7870342471	24.5424415356	4.7870342471	24.541290509	259.0	24.5424415356	259.0	24.541290509
4.80558864341	24.5149665324	4.80558864341	24.5138190741	258.0	24.5149665324	258.0	24.5138190741
4.82428743191	24.5386740825	4.82428743191	24.5375265885	257.0	24.5386740825	257.0	24.5375265885
4.84313230469	24.4609692645	4.84313230469	24.4598284841	256.0	24.4609692645	256.0	24.4598284841
4.86212498039	24.4323323231	4.86212498039	24.4311948809	255.0	24.4323323231	255.0	24.4311948809
4.88126720472	24.4111513559	4.88126720472	24.410017157	254.0	24.4111513559	254.0	24.410017157
4.90056075099	24.3637044299	4.90056075099	24.3625746758	253.0	24.3637044299	253.0	24.3625746758
4.92000742063	24.3754848001	4.92000742063	24.3743560612	252.0	24.3754848001	252.0	24.3743560612
4.93960904382	24.3369022001	4.93960904382	24.335777867	251.0	24.3369022001	251.0	24.335777867
4.95936748	24.2882717386	4.95936748	24.2871521834	250.0	24.2882717386	250.0	24.2871521834
