Column 1: energy in eV
Column 2: k *1e-3, linear interpolation
Column 3: energy in eV
Column 4: k *1e-3, spline interpolation
Column 5: lambda in nm
Column 6: k *1e-3, linear interpolation
Column 7: lambda in nm
Column 8: k *1e-3, spline interpolation
0.255637498969	6.51289965208	0.25616567562	6.29243825758	4850.0	6.51289965208	4840.0	6.29243825758
0.289007428904	3.44539156302	0.289007428904	3.0150057078	4290.0	3.44539156302	4290.0	3.0150057078
0.314680677665	1.18972506945	0.314680677665	0.980795615613	3940.0	1.18972506945	3940.0	0.980795615613
0.342497754144	0.274721265218	0.342497754144	0.170838559346	3620.0	0.274721265218	3620.0	0.170838559346
0.371210140719	0.223127634328	0.370102050746	0.0505937417314	3340.0	0.223127634328	3350.0	0.0505937417314
0.398662980707	0.158401517847	0.398662980707	0.18111260164	3110.0	0.158401517847	3110.0	0.18111260164
0.42753167931	0.150647363069	0.42753167931	0.202684277756	2900.0	0.150647363069	2900.0	0.202684277756
0.455824216912	0.104078541019	0.455824216912	0.107192604293	2720.0	0.104078541019	2720.0	0.107192604293
0.486212498039	0.0474949467959	0.486212498039	0.0457261559738	2550.0	0.0474949467959	2550.0	0.0457261559738
0.51233135124	0.0792064998903	0.51233135124	0.0847208017617	2420.0	0.0792064998903	2420.0	0.0847208017617
0.541415663755	0.128325302632	0.541415663755	0.124808634892	2290.0	0.128325302632	2290.0	0.124808634892
0.568995810005	0.0905331863093	0.568995810005	0.101966370283	2179.0	0.0905331863093	2179.0	0.101966370283
0.596938791526	0.0627541161931	0.596938791526	0.0723309015652	2077.0	0.0627541161931	2077.0	0.0723309015652
0.625235436208	0.0885037167632	0.625235436208	0.0846179038207	1983.0	0.0885037167632	1983.0	0.0846179038207
0.653235969442	0.120549284981	0.653235969442	0.122626932076	1898.0	0.120549284981	1898.0	0.122626932076
0.681606305662	0.172898459563	0.681606305662	0.18187108533	1819.0	0.172898459563	1819.0	0.18187108533
0.709697693188	0.220277761306	0.709697693188	0.230731933874	1747.0	0.220277761306	1747.0	0.230731933874
0.737562088043	0.233762746932	0.737562088043	0.246590968185	1681.0	0.233762746932	1681.0	0.246590968185
0.765807208153	0.227973455654	0.765807208153	0.240314583255	1619.0	0.227973455654	1619.0	0.240314583255
0.793752797695	0.205017549916	0.793752797695	0.207638524454	1562.0	0.205017549916	1562.0	0.207638524454
0.821631457919	0.17567408844	0.821631457919	0.17927684375	1509.0	0.17567408844	1509.0	0.17927684375
0.849206760274	0.155878600289	0.849206760274	0.163011268143	1460.0	0.155878600289	1460.0	0.163011268143
0.877453552725	0.157115395274	0.877453552725	0.161802190596	1413.0	0.157115395274	1413.0	0.161802190596
0.905655127831	0.140489560856	0.905655127831	0.144302697647	1369.0	0.140489560856	1369.0	0.144302697647
0.932913370956	0.109868893155	0.932913370956	0.112695533999	1329.0	0.109868893155	1329.0	0.112695533999
0.961117728682	0.114166249839	0.961117728682	0.115359834291	1290.0	0.114166249839	1290.0	0.115359834291
0.988709625199	0.126051513609	0.988709625199	0.129708713838	1254.0	0.126051513609	1254.0	0.129708713838
1.01626382787	0.131822337862	1.01626382787	0.138326600056	1220.0	0.131822337862	1220.0	0.138326600056
1.04363793771	0.127179638477	1.04363793771	0.133056121772	1188.0	0.127179638477	1188.0	0.133056121772
1.07160057908	0.127352582786	1.07160057908	0.131539502253	1157.0	0.127352582786	1157.0	0.131539502253
1.09915059397	0.127193907789	1.09915059397	0.130256814454	1128.0	0.127193907789	1128.0	0.130256814454
1.12610524069	0.117270807706	1.12610524069	0.121718226374	1101.0	0.117270807706	1101.0	0.121718226374
1.15334127442	0.111419052381	1.15334127442	0.115382634085	1075.0	0.111419052381	1075.0	0.115382634085
1.18080178095	0.1121846853	1.18080178095	0.112916859813	1050.0	0.1121846853	1050.0	0.112916859813
1.20842287524	0.114815244425	1.20842287524	0.117407930314	1026.0	0.114815244425	1026.0	0.117407930314
1.23613346959	0.13009417304	1.23613346959	0.134208321172	1003.0	0.13009417304	1003.0	0.134208321172
1.26256809572	0.135196279331	1.26256809572	0.13839608274	982.0	0.135196279331	982.0	0.13839608274
1.2901580333	0.142831883061	1.2901580333	0.14777800266	961.0	0.142831883061	961.0	0.14777800266
1.31757903294	0.145551216194	1.31757903294	0.149400557509	941.0	0.145551216194	941.0	0.149400557509
1.34327396533	0.141740323836	1.34327396533	0.143702279855	923.0	0.141740323836	923.0	0.143702279855
1.37150649336	0.152423523117	1.37150649336	0.155010724992	904.0	0.152423523117	904.0	0.155010724992
1.39779241263	0.151704338654	1.39779241263	0.156863102172	887.0	0.151704338654	887.0	0.156863102172
1.4251055977	0.157110446848	1.4251055977	0.162427771959	870.0	0.157110446848	870.0	0.162427771959
1.45180546838	0.149611502366	1.45180546838	0.153498019329	854.0	0.149611502366	854.0	0.153498019329
1.47776146603	0.109282279854	1.47776146603	0.112564101486	839.0	0.109282279854	839.0	0.112564101486
1.50466246359	0.0999758890061	1.50466246359	0.100439114399	824.0	0.0999758890061	824.0	0.100439114399
1.53256102596	0.103288565892	1.53256102596	0.103961109742	809.0	0.103288565892	809.0	0.103961109742
1.55759028894	0.100473789446	1.55759028894	0.102925777975	796.0	0.100473789446	796.0	0.102925777975
1.58547553708	0.112645306385	1.58547553708	0.115908127604	782.0	0.112645306385	782.0	0.115908127604
1.61018424675	0.106271403467	1.61018424675	0.109900598533	770.0	0.106271403467	770.0	0.109900598533
1.63783602378	0.112481747781	1.63783602378	0.115093272965	757.0	0.112481747781	757.0	0.115093272965
1.66421727517	0.113149194226	1.66421727517	0.115046129239	745.0	0.113149194226	745.0	0.115046129239
1.68915786104	0.10901778585	1.68915786104	0.111206597042	734.0	0.10901778585	734.0	0.111206597042
1.71485735823	0.111117868961	1.71485735823	0.113589783109	723.0	0.111117868961	723.0	0.113589783109
1.74135094101	0.118652580218	1.74135094101	0.120990503951	712.0	0.118652580218	712.0	0.120990503951
1.76867599144	0.127007423481	1.76867599144	0.129223994183	701.0	0.127007423481	701.0	0.129223994183
1.79427188133	0.128961232568	1.79427188133	0.131849996159	691.0	0.128961232568	691.0	0.131849996159
1.81794995601	0.12681733425	1.81794995601	0.128845436018	682.0	0.12681733425	682.0	0.128845436018
1.84500278274	0.136491434445	1.84500278274	0.138113776807	672.0	0.136491434445	672.0	0.138113776807
1.87004806938	0.13682251583	1.87004806938	0.139655207256	663.0	0.13682251583	663.0	0.139655207256
1.89578267584	0.144272771291	1.89578267584	0.14687710436	654.0	0.144272771291	654.0	0.14687710436
1.92223545736	0.152959995264	1.92223545736	0.155036416811	645.0	0.152959995264	645.0	0.155036416811
1.94637656201	0.151270667941	1.94637656201	0.15320723319	637.0	0.151270667941	637.0	0.15320723319
1.97113174881	0.152403621961	1.97113174881	0.154200090882	629.0	0.152403621961	629.0	0.154200090882
1.9965247504	0.161917458854	1.9965247504	0.163550210335	621.0	0.161917458854	621.0	0.163550210335
2.02258053834	0.173260939103	2.02258053834	0.176286412673	613.0	0.173260939103	613.0	0.176286412673
2.04594367987	0.172482720104	2.04594367987	0.175499500253	606.0	0.172482720104	606.0	0.175499500253
2.06985287145	0.171261948427	2.06985287145	0.172863444737	599.0	0.171261948427	599.0	0.172863444737
2.09432748311	0.172377898059	2.09432748311	0.173459306724	592.0	0.172377898059	592.0	0.173459306724
2.11938781197	0.180312660716	2.11938781197	0.181924790405	585.0	0.180312660716	585.0	0.181924790405
2.14505513841	0.193622527259	2.14505513841	0.196249314996	578.0	0.193622527259	578.0	0.196249314996
2.16755571678	0.195088328795	2.16755571678	0.196830229803	572.0	0.195088328795	572.0	0.196830229803
2.19441038938	0.205869994434	2.19441038938	0.207094245083	565.0	0.205869994434	565.0	0.207094245083
2.21796398927	0.210736297994	2.21796398927	0.213548888933	559.0	0.210736297994	559.0	0.213548888933
2.24202869801	0.223915133721	2.24202869801	0.225494165446	553.0	0.223915133721	553.0	0.225494165446
2.26662133455	0.23382601942	2.26662133455	0.233800265913	547.0	0.23382601942	547.0	0.233800265913
2.28753112546	0.22882428929	2.28753112546	0.232182652669	542.0	0.22882428929	542.0	0.232182652669
2.31313781716	0.250920053126	2.31313781716	0.252697780797	536.0	0.250920053126	536.0	0.252697780797
2.33491877589	0.262682920531	2.33491877589	0.261912169095	531.0	0.262682920531	531.0	0.261912169095
2.3616035619	0.276246189839	2.3616035619	0.280182616859	525.0	0.276246189839	525.0	0.280182616859
2.38431128846	0.287644355531	2.38431128846	0.290323821836	520.0	0.287644355531	520.0	0.290323821836
2.40745994175	0.301566858445	2.40745994175	0.303896091696	515.0	0.301566858445	515.0	0.303896091696
2.4310624902	0.305245653475	2.4310624902	0.307950234977	510.0	0.305245653475	510.0	0.307950234977
2.45028037549	0.296913256204	2.45028037549	0.296537897798	506.0	0.296913256204	506.0	0.296537897798
2.47473427146	0.309750314174	2.47473427146	0.30779979648	501.0	0.309750314174	501.0	0.30779979648
2.49968118952	0.343866389596	2.49968118952	0.343155010383	496.0	0.343866389596	496.0	0.343155010383
2.52000380081	0.369655217673	2.52000380081	0.371439608356	492.0	0.369655217673	492.0	0.371439608356
2.54065956967	0.394015088524	2.54065956967	0.396920080181	488.0	0.394015088524	488.0	0.396920080181
2.56696039337	0.431777848825	2.56696039337	0.434872712237	483.0	0.431777848825	483.0	0.434872712237
2.58839638831	0.453836594367	2.58839638831	0.45574407004	479.0	0.453836594367	479.0	0.45574407004
2.61019341053	0.478797765678	2.61019341053	0.477550623282	475.0	0.478797765678	475.0	0.477550623282
2.63236065817	0.503472427537	2.63236065817	0.504454900367	471.0	0.503472427537	471.0	0.504454900367
2.65490764454	0.540569054979	2.65490764454	0.54208683467	467.0	0.540569054979	467.0	0.54208683467
2.67784421166	0.586356502344	2.67784421166	0.586969754928	463.0	0.586356502344	463.0	0.586969754928
2.69530841304	0.603561516489	2.69530841304	0.605829646151	460.0	0.603561516489	460.0	0.605829646151
2.7189514693	0.646109495296	2.7189514693	0.645807084529	456.0	0.646109495296	456.0	0.645807084529
2.73695777042	0.677360599451	2.73695777042	0.674844612976	453.0	0.677360599451	453.0	0.674844612976
2.76134046771	0.745891552663	2.76134046771	0.745903726499	449.0	0.745891552663	449.0	0.745903726499
2.77991450673	0.79611326674	2.77991450673	0.798434043068	446.0	0.79611326674	446.0	0.798434043068
2.80507210407	0.880682815045	2.80507210407	0.881512906078	442.0	0.880682815045	442.0	0.881512906078
2.82424116173	0.927709973932	2.82424116173	0.928512767945	439.0	0.927709973932	439.0	0.928512767945
2.84367401376	0.981174179865	2.84367401376	0.98059172212	436.0	0.981174179865	436.0	0.98059172212
2.86337614319	1.04974791895	2.86337614319	1.0481577655	433.0	1.04974791895	433.0	1.0481577655
2.88335318605	1.12677763686	2.88335318605	1.12705159452	430.0	1.12677763686	430.0	1.12705159452
2.90361093677	1.21224002467	2.90361093677	1.21058219143	427.0	1.21224002467	427.0	1.21058219143
2.92415535377	1.30403323797	2.92415535377	1.30302819146	424.0	1.30403323797	424.0	1.30302819146
2.94499256532	1.41310990488	2.94499256532	1.4132951248	421.0	1.41310990488	421.0	1.4132951248
2.9661288756	1.53675231075	2.9661288756	1.53656437109	418.0	1.53675231075	418.0	1.53656437109
2.98038911058	1.60726060016	2.98038911058	1.60689319814	416.0	1.60726060016	416.0	1.60689319814
3.00203842615	1.74161664067	3.00203842615	1.73861841968	413.0	1.74161664067	413.0	1.73861841968
3.01664688564	1.83844816374	3.01664688564	1.83445115532	411.0	1.83844816374	411.0	1.83445115532
3.03882811275	2.03512151843	3.03882811275	2.03088073726	408.0	2.03512151843	408.0	2.03088073726
3.05379770936	2.17076584765	3.05379770936	2.16772929046	406.0	2.17076584765	406.0	2.16772929046
3.07653069479	2.42149543643	3.07653069479	2.41673649384	403.0	2.42149543643	403.0	2.41673649384
3.09187498753	2.60259711943	3.09187498753	2.59764112346	401.0	2.60259711943	401.0	2.59764112346
3.11518057789	2.94046810625	3.11518057789	2.93514966836	398.0	2.94046810625	398.0	2.93514966836
3.13091381313	3.18266705447	3.13091381313	3.17872665529	396.0	3.18266705447	396.0	3.17872665529
3.14680677665	3.45250678205	3.14680677665	3.44898896484	394.0	3.45250678205	394.0	3.44898896484
3.16286191327	3.76450501527	3.16286191327	3.75551864751	392.0	3.76450501527	392.0	3.75551864751
3.17908171795	4.1226091451	3.17908171795	4.11397526094	390.0	4.1226091451	390.0	4.11397526094
