Column 1: energy in eV
Column 2: alpha *1e3 in 1/cm, linear interpolation
Column 3: energy in eV
Column 4: alpha *1e3 in 1/cm, spline interpolation
Column 5: lambda in nm
Column 6: alpha *1e3 in 1/cm, linear interpolation
Column 7: lambda in nm
Column 8: alpha *1e3 in 1/cm, spline interpolation
0.279874011287	0.104784505217	0.279243664414	0.0888893154135	4430.0	0.104784505217	4440.0	0.0888893154135
0.311518057789	0.0636926089493	0.311518057789	0.0584903020455	3980.0	0.0636926089493	3980.0	0.0584903020455
0.342497754144	0.0514480252655	0.342497754144	0.047828772877	3620.0	0.0514480252655	3620.0	0.047828772877
0.373446346386	0.0507810039243	0.373446346386	0.0489315757157	3320.0	0.0507810039243	3320.0	0.0489315757157
0.403857286645	0.0488443573371	0.403857286645	0.0492786524279	3070.0	0.0488443573371	3070.0	0.0492786524279
0.435032235088	0.0496789248762	0.435032235088	0.0500007948785	2850.0	0.0496789248762	2850.0	0.0500007948785
0.466105966165	0.050290048455	0.466105966165	0.0491864571401	2660.0	0.050290048455	2660.0	0.0491864571401
0.498128513459	0.0508202371333	0.498128513459	0.0497835668893	2489.0	0.0508202371333	2489.0	0.0497835668893
0.527816888037	0.0438215780982	0.527816888037	0.0441061275298	2349.0	0.0438215780982	2349.0	0.0441061275298
0.557482855216	0.0485817325965	0.557482855216	0.0476973713777	2224.0	0.0485817325965	2224.0	0.0476973713777
0.589558663814	0.0466288351634	0.589558663814	0.0461634635072	2103.0	0.0466288351634	2103.0	0.0461634635072
0.619920935	0.0435044822097	0.619920935	0.0429049719743	2000.0	0.0435044822097	2000.0	0.0429049719743
0.650835627297	0.0453783346595	0.650835627297	0.0444019990979	1905.0	0.0453783346595	1905.0	0.0444019990979
0.681981226623	0.0510631154007	0.681981226623	0.0503962843173	1818.0	0.0510631154007	1818.0	0.0503962843173
0.712552798851	0.0539504472011	0.712552798851	0.0540166404655	1740.0	0.0539504472011	1740.0	0.0540166404655
0.742865110845	0.054052667805	0.742865110845	0.0542112224154	1669.0	0.054052667805	1669.0	0.0542112224154
0.773450948222	0.0545836904454	0.773450948222	0.0539197846224	1603.0	0.0545836904454	1603.0	0.0539197846224
0.804047905318	0.0548354721456	0.804047905318	0.0543375916521	1542.0	0.0548354721456	1542.0	0.0543375916521
0.834910350168	0.0556586413067	0.834910350168	0.055490895874	1485.0	0.0556586413067	1485.0	0.055490895874
0.865207166783	0.055306350567	0.865207166783	0.0547373041619	1433.0	0.055306350567	1433.0	0.0547373041619
0.895192685921	0.0527331827476	0.895192685921	0.0521301498521	1385.0	0.0527331827476	1385.0	0.0521301498521
0.925946131441	0.0541215469491	0.925946131441	0.0537842751494	1339.0	0.0541215469491	1339.0	0.0537842751494
0.956668109568	0.0561473539654	0.956668109568	0.0555851525015	1296.0	0.0561473539654	1296.0	0.0555851525015
0.986349936356	0.0557086251852	0.986349936356	0.0551867022661	1257.0	0.0557086251852	1257.0	0.0551867022661
1.01626382787	0.0550099560195	1.01626382787	0.0546965489942	1220.0	0.0550099560195	1220.0	0.0546965489942
1.04716374155	0.0566341052928	1.04716374155	0.0559959714355	1184.0	0.0566341052928	1184.0	0.0559959714355
1.07718668115	0.0582400508168	1.07718668115	0.0575564877198	1151.0	0.0582400508168	1151.0	0.0575564877198
1.10700166964	0.0589633008051	1.10700166964	0.0586787948666	1120.0	0.0589633008051	1120.0	0.0586787948666
1.13642701192	0.0588910005632	1.13642701192	0.0587588207171	1091.0	0.0588910005632	1091.0	0.0587588207171
1.16636111947	0.060475405441	1.16636111947	0.0599270466816	1063.0	0.060475405441	1063.0	0.0599270466816
1.19675856178	0.0596435435059	1.19675856178	0.0591652736799	1036.0	0.0596435435059	1036.0	0.0591652736799
1.22635199802	0.0600868051269	1.22635199802	0.0596975621272	1011.0	0.0600868051269	1011.0	0.0596975621272
1.2561721074	0.0611915218476	1.2561721074	0.0605701351229	987.0	0.0611915218476	987.0	0.0605701351229
1.28614301867	0.0615920789797	1.28614301867	0.0610957857266	964.0	0.0615920789797	964.0	0.0610957857266
1.31478459173	0.0613365980823	1.31478459173	0.0608491436135	943.0	0.0613365980823	943.0	0.0608491436135
1.34473087852	0.06296268857	1.34473087852	0.0623610177539	922.0	0.06296268857	922.0	0.0623610177539
1.37454752772	0.0646358260916	1.37454752772	0.0641668467303	902.0	0.0646358260916	902.0	0.0641668467303
1.40412442809	0.0657126301372	1.40412442809	0.0661341407912	883.0	0.0657126301372	883.0	0.0661341407912
1.43334320231	0.0647839933509	1.43334320231	0.0650122133333	865.0	0.0647839933509	865.0	0.0650122133333
1.46207767689	0.0576032478862	1.46207767689	0.0569508394587	848.0	0.0576032478862	848.0	0.0569508394587
1.49198780987	0.0546565663359	1.49198780987	0.053924163079	831.0	0.0546565663359	831.0	0.053924163079
1.5212783681	0.0537464584169	1.5212783681	0.0525535997414	815.0	0.0537464584169	815.0	0.0525535997414
1.5498023375	0.054637536405	1.5498023375	0.0537120941376	800.0	0.054637536405	800.0	0.0537120941376
1.5794163949	0.0562767724158	1.5794163949	0.055961089739	785.0	0.0562767724158	785.0	0.055961089739
1.60809581064	0.0570413285436	1.60809581064	0.0567660402447	771.0	0.0570413285436	771.0	0.0567660402447
1.63567529024	0.0574705977336	1.63567529024	0.0569209624754	758.0	0.0574705977336	758.0	0.0569209624754
1.66421727517	0.0586136300601	1.66421727517	0.0580454757812	745.0	0.0586136300601	745.0	0.0580454757812
1.69377304645	0.0602882114933	1.69377304645	0.0599012121088	732.0	0.0602882114933	732.0	0.0599012121088
1.72200259722	0.0613691371314	1.72200259722	0.0608318833745	720.0	0.0613691371314	720.0	0.0608318833745
1.74871913963	0.0614600232899	1.74871913963	0.0609398021866	709.0	0.0614600232899	709.0	0.0609398021866
1.77882621234	0.064128606507	1.77882621234	0.0638080482066	697.0	0.064128606507	697.0	0.0638080482066
1.80471887918	0.0641406888635	1.80471887918	0.0636314746754	687.0	0.0641406888635	687.0	0.0636314746754
1.83408560651	0.0658187757165	1.83408560651	0.0652783817234	676.0	0.0658187757165	676.0	0.0652783817234
1.86162442943	0.0662793781451	1.86162442943	0.0658888146086	666.0	0.0662793781451	666.0	0.0658888146086
1.89000285061	0.0684345079882	1.89000285061	0.0677632496789	656.0	0.0684345079882	656.0	0.0677632496789
1.91629346213	0.0691008642707	1.91629346213	0.0684490756839	647.0	0.0691008642707	647.0	0.0684490756839
1.94637656201	0.072591127825	1.94637656201	0.0722792751506	637.0	0.072591127825	637.0	0.0722792751506
1.97113174881	0.0729388969815	1.97113174881	0.0726042115837	629.0	0.0729388969815	629.0	0.0726042115837
1.99974495161	0.0756628502399	1.99974495161	0.0752078115878	620.0	0.0756628502399	620.0	0.0752078115878
2.0258854085	0.0756454649143	2.0258854085	0.0750917368888	612.0	0.0756454649143	612.0	0.0750917368888
2.05271832781	0.0762931184552	2.05271832781	0.0757838330536	604.0	0.0762931184552	604.0	0.0757838330536
2.08027159396	0.0790541865289	2.08027159396	0.0785833444568	596.0	0.0790541865289	596.0	0.0785833444568
2.10857460884	0.0823218429412	2.10857460884	0.0817881042196	588.0	0.0823218429412	588.0	0.0817881042196
2.1339791222	0.0825405383266	2.1339791222	0.0820361261149	581.0	0.0825405383266	581.0	0.0820361261149
2.16000325784	0.0835293685693	2.16000325784	0.0830245962787	574.0	0.0835293685693	574.0	0.0830245962787
2.18666996473	0.0866764732937	2.18666996473	0.085934364111	567.0	0.0866764732937	567.0	0.085934364111
2.21400333929	0.0904922571434	2.21400333929	0.0899437011889	560.0	0.0904922571434	560.0	0.0899437011889
2.24202869801	0.0940216691271	2.24202869801	0.093751497155	553.0	0.0940216691271	553.0	0.093751497155
2.26662133455	0.0957954184754	2.26662133455	0.0954261151693	547.0	0.0957954184754	547.0	0.0954261151693
2.29175946396	0.0979281383326	2.29175946396	0.097291481198	541.0	0.0979281383326	541.0	0.097291481198
2.31746143925	0.100524037814	2.31746143925	0.099622269735	535.0	0.100524037814	535.0	0.099622269735
2.34374644612	0.103816130193	2.34374644612	0.103286048679	529.0	0.103816130193	529.0	0.103286048679
2.37063455067	0.1101039001	2.37063455067	0.10983994655	523.0	0.1101039001	523.0	0.10983994655
2.39351712355	0.113095398264	2.39351712355	0.112605110727	518.0	0.113095398264	518.0	0.112605110727
2.42156615234	0.117065689241	2.42156615234	0.11676929276	512.0	0.117065689241	512.0	0.11676929276
2.44544747535	0.119032316207	2.44544747535	0.11832858785	507.0	0.119032316207	507.0	0.11832858785
2.46980452191	0.1237265554	2.46980452191	0.122497588167	502.0	0.1237265554	502.0	0.122497588167
2.4946516499	0.129496305069	2.4946516499	0.1291065846	497.0	0.129496305069	497.0	0.1291065846
2.52000380081	0.135784200073	2.52000380081	0.136376951567	492.0	0.135784200073	492.0	0.136376951567
2.54587652977	0.141716905554	2.54587652977	0.141411756445	487.0	0.141716905554	487.0	0.141411756445
2.56696039337	0.141674659517	2.56696039337	0.140029972552	483.0	0.141674659517	483.0	0.140029972552
2.59381144351	0.146409166883	2.59381144351	0.145108255136	478.0	0.146409166883	478.0	0.145108255136
2.61570014768	0.155751441814	2.61570014768	0.155001025791	474.0	0.155751441814	474.0	0.155001025791
2.64358607676	0.176118363619	2.64358607676	0.175048413405	469.0	0.176118363619	469.0	0.175048413405
2.66632660215	0.183847894874	2.66632660215	0.183909233135	465.0	0.183847894874	465.0	0.183909233135
2.68946175705	0.190565513491	2.68946175705	0.191355738174	461.0	0.190565513491	461.0	0.191355738174
2.71300190372	0.203016369423	2.71300190372	0.201785025479	457.0	0.203016369423	457.0	0.201785025479
2.73695777042	0.212651990933	2.73695777042	0.211271085163	453.0	0.212651990933	453.0	0.211271085163
2.75520415556	0.21634150595	2.75520415556	0.215455760148	450.0	0.21634150595	450.0	0.215455760148
2.77991450673	0.23557851666	2.77991450673	0.233530497075	446.0	0.23557851666	446.0	0.233530497075
2.80507210407	0.260796304877	2.80507210407	0.26057339928	442.0	0.260796304877	442.0	0.26057339928
2.82424116173	0.27580056182	2.82424116173	0.276663772064	439.0	0.27580056182	439.0	0.276663772064
2.8502111954	0.296753998403	2.8502111954	0.295338185231	435.0	0.296753998403	435.0	0.295338185231
2.8700043287	0.30829080954	2.8700043287	0.306976382454	432.0	0.30829080954	432.0	0.306976382454
2.89007428904	0.328098498018	2.89007428904	0.326945328186	429.0	0.328098498018	429.0	0.326945328186
2.91727498824	0.370755346684	2.91727498824	0.368157763346	425.0	0.370755346684	425.0	0.368157763346
2.93801390995	0.396852448947	2.93801390995	0.39595054889	422.0	0.396852448947	422.0	0.39595054889
2.95904980907	0.425489202609	2.95904980907	0.426623632164	419.0	0.425489202609	419.0	0.426623632164
2.98038911058	0.465148896657	2.98038911058	0.462951110279	416.0	0.465148896657	416.0	0.462951110279
3.00203842615	0.503709669383	3.00203842615	0.500889473903	413.0	0.503709669383	413.0	0.500889473903
3.01664688564	0.527556774503	3.01664688564	0.526507135163	411.0	0.527556774503	411.0	0.526507135163
3.03882811275	0.592033415234	3.03882811275	0.588664011778	408.0	0.592033415234	408.0	0.588664011778
3.06133795062	0.670166851799	3.06133795062	0.667852654335	405.0	0.670166851799	405.0	0.667852654335
3.08418375622	0.75050716463	3.08418375622	0.749826582015	402.0	0.75050716463	402.0	0.749826582015
3.099604675	0.806540025004	3.099604675	0.804202401281	400.0	0.806540025004	400.0	0.804202401281
3.12302738035	0.915444979384	3.12302738035	0.911541646648	397.0	0.915444979384	397.0	0.911541646648
3.13884017722	1.00074649898	3.13884017722	0.998268668817	395.0	1.00074649898	395.0	0.998268668817
3.16286191327	1.15930085887	3.16286191327	1.15765775618	392.0	1.15930085887	392.0	1.15765775618
3.17908171795	1.27111341309	3.17908171795	1.2699991517	390.0	1.27111341309	390.0	1.2699991517
3.19546873711	1.39595362664	3.19546873711	1.39390749594	388.0	1.39595362664	388.0	1.39390749594
3.21202556995	1.54203461667	3.21202556995	1.53934696029	386.0	1.54203461667	386.0	1.53934696029
3.23718503916	1.81493459706	3.23718503916	1.81145118953	383.0	1.81493459706	383.0	1.81145118953
3.25417813648	2.01582329604	3.25417813648	2.01705686917	381.0	2.01582329604	381.0	2.01705686917
3.27135058047	2.24601833086	3.27135058047	2.24652829508	379.0	2.24601833086	379.0	2.24652829508
3.28870522546	2.50900859603	3.28870522546	2.50750644124	377.0	2.50900859603	377.0	2.50750644124
3.30624498667	2.80889139589	3.30624498667	2.81070309625	375.0	2.80889139589	375.0	2.81070309625
3.26274176316	2.11475600443	3.26274176316	2.11504991476	380.0	2.11475600443	380.0	2.11504991476
3.27135058047	2.18716427668	3.27135058047	2.18748251328	379.0	2.18716427668	379.0	2.18748251328
3.28000494709	2.3834451139	3.28000494709	2.38383941117	378.0	2.3834451139	378.0	2.38383941117
3.28870522546	2.56604491652	3.28870522546	2.56650961506	377.0	2.56604491652	377.0	2.56650961506
3.29745178191	2.65676835965	3.29745178191	2.65726471005	376.0	2.65676835965	376.0	2.65726471005
3.30624498667	2.77299829667	3.30624498667	2.77353698568	375.0	2.77299829667	375.0	2.77353698568
3.3150852139	2.98417720989	3.3150852139	2.9847988796	374.0	2.98417720989	374.0	2.9847988796
3.32397284182	3.18530445922	3.32397284182	3.1860043087	373.0	3.18530445922	373.0	3.1860043087
3.33290825269	3.33324403452	3.33290825269	3.33399880555	372.0	3.33324403452	372.0	3.33399880555
3.34189183288	3.51572458	3.34189183288	3.51654980371	371.0	3.51572458	371.0	3.51654980371
3.35092397297	3.75789370074	3.35092397297	3.75881420782	370.0	3.75789370074	370.0	3.75881420782
3.36000506775	3.98666188485	3.36000506775	3.98767174864	369.0	3.98666188485	369.0	3.98767174864
3.3691355163	4.20239811483	3.3691355163	4.20349181548	368.0	4.20239811483	368.0	4.20349181548
3.37831572207	4.45449968285	3.37831572207	4.45569230681	367.0	4.45449968285	367.0	4.45569230681
3.3875460929	4.72765863543	3.3875460929	4.72895929188	366.0	4.72765863543	366.0	4.72895929188
3.3968270411	4.99716079481	3.3968270411	4.99856796123	365.0	4.99716079481	365.0	4.99856796123
3.40615898352	5.28148865088	3.40615898352	5.28300809458	364.0	5.28148865088	364.0	5.28300809458
3.4155423416	5.58427870204	3.4155423416	5.58591830412	363.0	5.58427870204	363.0	5.58591830412
3.42497754144	5.90413366514	3.42497754144	5.90589993224	362.0	5.90413366514	362.0	5.90589993224
3.43446501385	6.23362613599	3.43446501385	6.23552376552	361.0	6.23362613599	361.0	6.23552376552
3.44400519444	6.5866334942	3.44400519444	6.58867181812	360.0	6.5866334942	360.0	6.58867181812
3.45359852368	7.01882623459	3.45359852368	7.02103674451	359.0	7.01882623459	359.0	7.02103674451
3.46324544693	7.43133494162	3.46324544693	7.43371134804	358.0	7.43133494162	358.0	7.43371134804
3.47294641457	7.8657042169	3.47294641457	7.86825558414	357.0	7.8657042169	357.0	7.86825558414
3.48270188202	8.3200826112	3.48270188202	8.32281753552	356.0	8.3200826112	356.0	8.32281753552
3.49251230986	8.79920263249	3.49251230986	8.80213138361	355.0	8.79920263249	355.0	8.80213138361
3.50237816384	9.32392797668	3.50237816384	9.32706962889	354.0	9.32392797668	354.0	9.32706962889
3.51229991501	9.85803071197	3.51229991501	9.86138911036	353.0	9.85803071197	353.0	9.86138911036
3.52227803977	10.4269594223	3.52227803977	10.4305491009	352.0	10.4269594223	352.0	10.4305491009
3.53231301994	11.0064548951	3.53231301994	11.0102802098	351.0	11.0064548951	351.0	11.0102802098
3.54240534286	11.6248622362	3.54240534286	11.6289393715	350.0	11.6248622362	350.0	11.6289393715
3.55255550143	12.2580642728	3.55255550143	12.2623990748	349.0	12.2580642728	349.0	12.2623990748
3.56276399425	12.8047455875	3.56276399425	12.8092997984	348.0	12.8047455875	348.0	12.8092997984
3.57303132565	13.3637318609	3.57303132565	13.3685103251	347.0	13.3637318609	347.0	13.3685103251
3.58335800578	13.8192885715	3.58335800578	13.8242458	346.0	13.8192885715	346.0	13.8242458
3.59374455072	14.1075587637	3.59374455072	14.1126213063	345.0	14.1075587637	345.0	14.1126213063
3.60419148256	14.320228488	3.60419148256	14.3253622601	344.0	14.320228488	344.0	14.3253622601
3.61469932945	14.5582941699	3.61469932945	14.5635107853	343.0	14.5582941699	343.0	14.5635107853
3.62526862573	14.591556884	3.62526862573	14.5967647078	342.0	14.591556884	342.0	14.5967647078
3.63589991202	14.6349792546	3.63589991202	14.6401829575	341.0	14.6349792546	341.0	14.6401829575
3.64659373529	14.5894282375	3.64659373529	14.5945881473	340.0	14.5894282375	340.0	14.5945881473
3.65735064897	14.5854556075	3.65735064897	14.5905900947	339.0	14.5854556075	339.0	14.5905900947
3.66817121302	14.6623177764	3.66817121302	14.6674604703	338.0	14.6623177764	338.0	14.6674604703
3.67905599407	14.6476674135	3.67905599407	14.6527775094	337.0	14.6476674135	337.0	14.6527775094
3.69000556548	14.6600173563	3.69000556548	14.6651058679	336.0	14.6600173563	336.0	14.6651058679
3.70102050746	14.6288501227	3.70102050746	14.6338981349	335.0	14.6288501227	335.0	14.6338981349
3.71210140719	14.5691924939	3.71210140719	14.5741856809	334.0	14.5691924939	334.0	14.5741856809
3.72324885886	14.797524048	3.72324885886	14.802588022	333.0	14.797524048	333.0	14.802588022
3.73446346386	14.6679272205	3.73446346386	14.6729042241	332.0	14.6679272205	332.0	14.6729042241
3.74574583082	14.6075969316	3.74574583082	14.6125175708	331.0	14.6075969316	331.0	14.6125175708
3.75709657576	14.7453589165	3.75709657576	14.7503073278	330.0	14.7453589165	330.0	14.7503073278
3.76851632219	14.6934030628	3.76851632219	14.6982952036	329.0	14.6934030628	329.0	14.6982952036
3.78000570122	14.6744479305	3.78000570122	14.6792984873	328.0	14.6744479305	328.0	14.6792984873
3.79156535168	14.6829438523	3.79156535168	14.6877634362	327.0	14.6829438523	327.0	14.6877634362
3.80319592025	14.7030905826	3.80319592025	14.7078827007	326.0	14.7030905826	326.0	14.7078827007
3.81489806154	14.6505740241	3.81489806154	14.655306164	325.0	14.6505740241	325.0	14.655306164
3.82667243827	14.7796846488	3.82667243827	14.7844359358	324.0	14.7796846488	324.0	14.7844359358
3.83851972136	14.6968144978	3.83851972136	14.7014892336	323.0	14.6968144978	323.0	14.7014892336
3.85044059006	14.6911632099	3.85044059006	14.6957948896	322.0	14.6911632099	322.0	14.6957948896
3.86243573209	14.8018047432	3.86243573209	14.8064434655	321.0	14.8018047432	321.0	14.8064434655
3.87450584375	14.7188657037	3.87450584375	14.7234261778	320.0	14.7188657037	320.0	14.7234261778
3.88665163009	14.5890116418	3.88665163009	14.5934712193	319.0	14.5890116418	319.0	14.5934712193
3.89887380503	14.7555571508	3.89887380503	14.7600445707	318.0	14.7555571508	318.0	14.7600445707
3.91117309148	14.6967851546	3.91117309148	14.7012003289	317.0	14.6967851546	317.0	14.7012003289
3.92355022152	14.7554526811	3.92355022152	14.7598449303	316.0	14.7554526811	316.0	14.7598449303
3.93600593651	14.7036196433	3.93600593651	14.7079397308	315.0	14.7036196433	315.0	14.7079397308
3.94854098726	14.671437609	3.94854098726	14.6756938568	314.0	14.671437609	314.0	14.6756938568
3.96115613419	14.6615723715	3.96115613419	14.6657712752	313.0	14.6615723715	313.0	14.6657712752
3.97385214744	14.6432461049	3.97385214744	14.6473825875	312.0	14.6432461049	312.0	14.6473825875
3.98662980707	14.6349676931	3.98662980707	14.6390451925	311.0	14.6349676931	311.0	14.6390451925
3.99948990323	14.7576853635	3.99948990323	14.7617591839	310.0	14.7576853635	310.0	14.7617591839
4.01243323625	14.6694864909	4.01243323625	14.6734651346	309.0	14.6694864909	309.0	14.6734651346
4.02546061688	14.7424894692	4.02546061688	14.7464387801	308.0	14.7424894692	308.0	14.7464387801
4.03857286645	14.6649756721	4.03857286645	14.6688287	307.0	14.6649756721	307.0	14.6688287
4.05177081699	14.7205545397	4.05177081699	14.724369237	306.0	14.7205545397	306.0	14.724369237
4.06505531148	14.6321620399	4.06505531148	14.6358713209	305.0	14.6321620399	305.0	14.6358713209
4.07842720395	14.6815695215	4.07842720395	14.685232976	304.0	14.6815695215	304.0	14.685232976
4.09188735974	14.6519954407	4.09188735974	14.655577509	303.0	14.6519954407	303.0	14.655577509
4.10543665563	14.7816290555	4.10543665563	14.7851954498	302.0	14.7816290555	302.0	14.7851954498
4.11907598007	14.7476644368	4.11907598007	14.7511424538	301.0	14.7476644368	301.0	14.7511424538
4.13280623333	14.58645506	4.13280623333	14.5897878056	300.0	14.58645506	300.0	14.5897878056
4.14662832776	14.674753758	4.14662832776	14.6780477455	299.0	14.674753758	299.0	14.6780477455
4.16054318792	14.4749249528	4.16054318792	14.4780523257	298.0	14.4749249528	298.0	14.4780523257
4.17455175084	14.5916113331	4.17455175084	14.5947068982	297.0	14.5916113331	297.0	14.5947068982
4.18865496622	14.618189435	4.18865496622	14.6212123511	296.0	14.618189435	296.0	14.6212123511
4.20285379661	14.665414776	4.20285379661	14.6683708407	295.0	14.665414776	295.0	14.6683708407
4.21714921769	14.6182492178	4.21714921769	14.621095766	294.0	14.6182492178	294.0	14.621095766
4.23154221843	14.6659142474	4.23154221843	14.6686907638	293.0	14.6659142474	293.0	14.6686907638
4.24603380137	14.621204814	4.24603380137	14.6238670573	292.0	14.621204814	292.0	14.6238670573
4.26062498282	14.637919702	4.26062498282	14.6404919776	291.0	14.637919702	291.0	14.6404919776
4.2753167931	14.6098018378	4.2753167931	14.6122623322	290.0	14.6098018378	290.0	14.6122623322
4.29011027682	14.6530249775	4.29011027682	14.6554035988	289.0	14.6530249775	289.0	14.6554035988
4.30500649306	14.5730170125	4.30500649306	14.575255604	288.0	14.5730170125	288.0	14.575255604
4.32000651568	14.6073547823	4.32000651568	14.6094995541	287.0	14.6073547823	287.0	14.6094995541
4.33511143357	14.6774048242	4.33511143357	14.6794707215	286.0	14.6774048242	286.0	14.6794707215
4.35032235088	14.6248885164	4.35032235088	14.6268180068	285.0	14.6248885164	285.0	14.6268180068
4.36564038732	14.621388747	4.36564038732	14.6231974019	284.0	14.621388747	284.0	14.6231974019
4.38106667845	14.6203653627	4.38106667845	14.6220544417	283.0	14.6203653627	283.0	14.6220544417
4.39660237589	14.6211281735	4.39660237589	14.622693261	282.0	14.6211281735	282.0	14.622693261
4.41224864769	14.6012398144	4.41224864769	14.602670013	281.0	14.6012398144	281.0	14.602670013
4.42800667857	14.5606602231	4.42800667857	14.5619412882	280.0	14.5606602231	280.0	14.5619412882
4.44387767025	14.565871801	4.44387767025	14.5670219307	279.0	14.565871801	279.0	14.5670219307
4.45986284173	14.5775757467	4.45986284173	14.5785916971	278.0	14.5775757467	278.0	14.5785916971
4.4759634296	14.5535344925	4.4759634296	14.5544013044	277.0	14.5535344925	277.0	14.5544013044
4.49218068841	14.5506338132	4.49218068841	14.5513527107	276.0	14.5506338132	276.0	14.5513527107
4.50851589091	14.5355061279	4.50851589091	14.5360673463	275.0	14.5355061279	275.0	14.5360673463
4.52497032847	14.5930214207	4.52497032847	14.5934541841	274.0	14.5930214207	274.0	14.5934541841
4.54154531136	14.4484991848	4.54154531136	14.4487124984	273.0	14.4484991848	273.0	14.4487124984
4.55824216912	14.4932302405	4.55824216912	14.493302967	272.0	14.4932302405	272.0	14.493302967
4.57506225092	14.4658813999	4.57506225092	14.465775255	271.0	14.4658813999	271.0	14.465775255
4.59200692593	14.4188925231	4.59200692593	14.4185965962	270.0	14.4188925231	270.0	14.4185965962
4.60907758364	14.3869486089	4.60907758364	14.3864633445	269.0	14.3869486089	269.0	14.3864633445
4.62627563433	14.4393182071	4.62627563433	14.4386781509	268.0	14.4393182071	268.0	14.4386781509
4.64360250936	14.4260242806	4.64360250936	14.4251942681	267.0	14.4260242806	267.0	14.4251942681
4.66105966165	14.3686425239	4.66105966165	14.3675955087	266.0	14.3686425239	266.0	14.3675955087
4.67864856604	14.4604025099	4.67864856604	14.4592000791	265.0	14.4604025099	265.0	14.4592000791
4.6963707197	14.2614843034	4.6963707197	14.2600020894	264.0	14.2614843034	264.0	14.2600020894
4.71422764259	14.3142871923	4.71422764259	14.3126178047	263.0	14.3142871923	263.0	14.3126178047
4.73222087786	14.2151784042	4.73222087786	14.2132586969	262.0	14.2151784042	262.0	14.2132586969
4.75035199234	14.1968513016	4.75035199234	14.1947044715	261.0	14.1968513016	261.0	14.1947044715
4.76862257692	14.0938095434	4.76862257692	14.0914007223	260.0	14.0938095434	260.0	14.0914007223
4.7870342471	14.1392133058	4.7870342471	14.1365978849	259.0	14.1392133058	259.0	14.1365978849
4.80558864341	14.1572637158	4.80558864341	14.1544241177	258.0	14.1572637158	258.0	14.1544241177
4.82428743191	14.148946902	4.82428743191	14.1458624878	257.0	14.148946902	257.0	14.1458624878
4.84313230469	14.1090772732	4.84313230469	14.1057359793	256.0	14.1090772732	256.0	14.1057359793
4.86212498039	14.1050993972	4.86212498039	14.1015003958	255.0	14.1050993972	255.0	14.1015003958
4.88126720472	13.997666441	4.88126720472	13.9937700876	254.0	13.997666441	254.0	13.9937700876
4.90056075099	13.9409680852	4.90056075099	13.9367831034	253.0	13.9409680852	253.0	13.9367831034
4.92000742063	13.9324266499	4.92000742063	13.9279681011	252.0	13.9324266499	252.0	13.9279681011
4.93960904382	13.9401201156	4.93960904382	13.9353903735	251.0	13.9401201156	251.0	13.9353903735
4.95936748	13.8998494886	4.95936748	13.8948159196	250.0	13.8998494886	250.0	13.8948159196
