Column 1: energy in eV
Column 2: alpha *1e3 in 1/cm, linear interpolation
Column 3: energy in eV
Column 4: alpha *1e3 in 1/cm, spline interpolation
Column 5: lambda in nm
Column 6: alpha *1e3 in 1/cm, linear interpolation
Column 7: lambda in nm
Column 8: alpha *1e3 in 1/cm, spline interpolation
0.255637498969	0.168749506809	0.25616567562	0.163374196721	4850.0	0.168749506809	4840.0	0.163374196721
0.289007428904	0.100923233782	0.289007428904	0.0883162683651	4290.0	0.100923233782	4290.0	0.0883162683651
0.314680677665	0.0379454978476	0.314680677665	0.0312818304638	3940.0	0.0379454978476	3940.0	0.0312818304638
0.342497754144	0.00953660009495	0.342497754144	0.00593044378996	3620.0	0.00953660009495	3620.0	0.00593044378996
0.371210140719	0.00839492379421	0.370102050746	0.0018978498787	3340.0	0.00839492379421	3350.0	0.0018978498787
0.398662980707	0.00640042501331	0.398662980707	0.00731809670464	3110.0	0.00640042501331	3110.0	0.00731809670464
0.42753167931	0.0065278986083	0.42753167931	0.00878277845511	2900.0	0.0065278986083	2900.0	0.00878277845511
0.455824216912	0.00480841735089	0.455824216912	0.00495228673775	2720.0	0.00480841735089	2720.0	0.00495228673775
0.486212498039	0.00234054550489	0.486212498039	0.002253379697	2550.0	0.00234054550489	2550.0	0.002253379697
0.51233135124	0.00411296790367	0.51233135124	0.00439930989125	2420.0	0.00411296790367	2420.0	0.00439930989125
0.541415663755	0.00704184852436	0.541415663755	0.00684887144946	2290.0	0.00704184852436	2290.0	0.00684887144946
0.568995810005	0.00522108110171	0.568995810005	0.0058804368939	2179.0	0.00522108110171	2179.0	0.0058804368939
0.596938791526	0.0037967813272	0.596938791526	0.00437620084708	2077.0	0.0037967813272	2077.0	0.00437620084708
0.625235436208	0.00560852499039	0.625235436208	0.00536227907222	1983.0	0.00560852499039	1983.0	0.00536227907222
0.653235969442	0.00798138562889	0.653235969442	0.00811894349717	1898.0	0.00798138562889	1898.0	0.00811894349717
0.681606305662	0.0119445086395	0.681606305662	0.0125643730747	1819.0	0.0119445086395	1819.0	0.0125643730747
0.709697693188	0.0158448310628	0.709697693188	0.0165968116407	1747.0	0.0158448310628	1747.0	0.0165968116407
0.737562088043	0.0174750107899	0.737562088043	0.0184339886756	1681.0	0.0174750107899	1681.0	0.0184339886756
0.765807208153	0.0176948667942	0.765807208153	0.0186527616875	1619.0	0.0176948667942	1619.0	0.0186527616875
0.793752797695	0.0164937676997	0.793752797695	0.016704626454	1562.0	0.0164937676997	1562.0	0.016704626454
0.821631457919	0.0146294612503	0.821631457919	0.0149294848319	1509.0	0.0146294612503	1509.0	0.0149294848319
0.849206760274	0.013416631932	0.849206760274	0.0140305480124	1460.0	0.013416631932	1460.0	0.0140305480124
0.877453552725	0.0139728965763	0.877453552725	0.0143897119126	1413.0	0.0139728965763	1413.0	0.0143897119126
0.905655127831	0.0128958647857	0.905655127831	0.0132458815141	1369.0	0.0128958647857	1369.0	0.0132458815141
0.932913370956	0.0103886623806	0.932913370956	0.010655935642	1329.0	0.0103886623806	1329.0	0.010655935642
0.961117728682	0.0111213597452	0.961117728682	0.0112376312536	1290.0	0.0111213597452	1290.0	0.0112376312536
0.988709625199	0.0126316589833	0.988709625199	0.0129981480861	1254.0	0.0126316589833	1254.0	0.0129981480861
1.01626382787	0.0135781012527	1.01626382787	0.0142480600175	1220.0	0.0135781012527	1220.0	0.0142480600175
1.04363793771	0.0134527480783	1.04363793771	0.0140743479688	1188.0	0.0134527480783	1188.0	0.0140743479688
1.07160057908	0.0138319771304	1.07160057908	0.0142867254601	1157.0	0.0138319771304	1157.0	0.0142867254601
1.09915059397	0.0141699094429	1.09915059397	0.0145111294811	1128.0	0.0141699094429	1128.0	0.0145111294811
1.12610524069	0.0133848177282	1.12610524069	0.0138924281848	1101.0	0.0133848177282	1101.0	0.0138924281848
1.15334127442	0.0130244940067	1.15334127442	0.0134878227198	1075.0	0.0130244940067	1075.0	0.0134878227198
1.18080178095	0.0134262317403	1.18080178095	0.0135138581811	1050.0	0.0134262317403	1050.0	0.0135138581811
1.20842287524	0.0140624845382	1.20842287524	0.0143800347504	1026.0	0.0140624845382	1026.0	0.0143800347504
1.23613346959	0.016299218277	1.23613346959	0.0168146710208	1003.0	0.016299218277	1003.0	0.0168146710208
1.26256809572	0.0173006777164	1.26256809572	0.0177101473247	982.0	0.0173006777164	982.0	0.0177101473247
1.2901580333	0.018677194361	1.2901580333	0.0193239661819	961.0	0.018677194361	961.0	0.0193239661819
1.31757903294	0.0194373063344	1.31757903294	0.0199513578709	941.0	0.0194373063344	941.0	0.0199513578709
1.34327396533	0.0192975237305	1.34327396533	0.0195646382101	923.0	0.0192975237305	923.0	0.0195646382101
1.37150649336	0.0211881690468	1.37150649336	0.0215478121621	904.0	0.0211881690468	904.0	0.0215478121621
1.39779241263	0.0214923668921	1.39779241263	0.0222232229719	887.0	0.0214923668921	887.0	0.0222232229719
1.4251055977	0.0226931965802	1.4251055977	0.0234612365575	870.0	0.0226931965802	870.0	0.0234612365575
1.45180546838	0.0220149131956	1.45180546838	0.0225868032724	854.0	0.0220149131956	854.0	0.0225868032724
1.47776146603	0.0163680766416	1.47776146603	0.0168596211817	839.0	0.0163680766416	839.0	0.0168596211817
1.50466246359	0.0152467727397	1.50466246359	0.0153174166955	824.0	0.0152467727397	824.0	0.0153174166955
1.53256102596	0.016044034601	1.53256102596	0.0161485022806	809.0	0.016044034601	809.0	0.0161485022806
1.55759028894	0.0158616944122	1.55759028894	0.0162487873342	796.0	0.0158616944122	796.0	0.0162487873342
1.58547553708	0.0181015686446	1.58547553708	0.0186258886022	782.0	0.0181015686446	782.0	0.0186258886022
1.61018424675	0.0173434524892	1.61018424675	0.017935735739	770.0	0.0173434524892	770.0	0.017935735739
1.63783602378	0.0186722236455	1.63783602378	0.019105742712	757.0	0.0186722236455	757.0	0.019105742712
1.66421727517	0.0190855665686	1.66421727517	0.0194055341981	745.0	0.0190855665686	745.0	0.0194055341981
1.68915786104	0.0186642765743	1.68915786104	0.0190390097165	734.0	0.0186642765743	734.0	0.0190390097165
1.71485735823	0.0193132548165	1.71485735823	0.019742895056	723.0	0.0193132548165	723.0	0.019742895056
1.74135094101	0.0209414648507	1.74135094101	0.0213540942903	712.0	0.0209414648507	712.0	0.0213540942903
1.76867599144	0.0227677939264	1.76867599144	0.0231651441252	701.0	0.0227677939264	701.0	0.0231651441252
1.79427188133	0.0234525997589	1.79427188133	0.0239779438095	691.0	0.0234525997589	691.0	0.0239779438095
1.81794995601	0.0233670619137	1.81794995601	0.0237407551463	682.0	0.0233670619137	682.0	0.0237407551463
1.84500278274	0.0255238385553	1.84500278274	0.0258272158676	672.0	0.0255238385553	672.0	0.0258272158676
1.87004806938	0.0259330685114	1.87004806938	0.0264699712308	663.0	0.0259330685114	663.0	0.0264699712308
1.89578267584	0.0277214849176	1.89578267584	0.028221897984	654.0	0.0277214849176	654.0	0.028221897984
1.92223545736	0.0298008060412	1.92223545736	0.0302053499592	645.0	0.0298008060412	645.0	0.0302053499592
1.94637656201	0.0298418096771	1.94637656201	0.0302238441612	637.0	0.0298418096771	637.0	0.0302238441612
1.97113174881	0.0304477010577	1.97113174881	0.0308066055769	629.0	0.0304477010577	629.0	0.0308066055769
1.9965247504	0.0327651336054	1.9965247504	0.0330955323208	621.0	0.0327651336054	621.0	0.0330955323208
2.02258053834	0.0355181268151	2.02258053834	0.0361383425109	613.0	0.0355181268151	613.0	0.0361383425109
2.04594367987	0.0357670261617	2.04594367987	0.0363926033467	606.0	0.0357670261617	606.0	0.0363926033467
2.06985287145	0.0359289001013	2.06985287145	0.0362648766651	599.0	0.0359289001013	599.0	0.0362648766651
2.09432748311	0.0365906174447	2.09432748311	0.0368201678176	592.0	0.0365906174447	592.0	0.0368201678176
2.11938781197	0.0387329183081	2.11938781197	0.0390792194901	585.0	0.0387329183081	585.0	0.0390792194901
2.14505513841	0.0420957169001	2.14505513841	0.0426668101221	578.0	0.0420957169001	578.0	0.0426668101221
2.16755571678	0.0428593049332	2.16755571678	0.0432419862904	572.0	0.0428593049332	572.0	0.0432419862904
2.19441038938	0.0457882946625	2.19441038938	0.0460605847047	565.0	0.0457882946625	565.0	0.0460605847047
2.21796398927	0.047373710599	2.21796398927	0.0480059835888	559.0	0.047373710599	559.0	0.0480059835888
2.24202869801	0.0508824693762	2.24202869801	0.0512412885058	553.0	0.0508824693762	553.0	0.0512412885058
2.26662133455	0.0537174482507	2.26662133455	0.0537115318318	547.0	0.0537174482507	547.0	0.0537115318318
2.28753112546	0.0530533362506	2.28753112546	0.0538319790343	542.0	0.0530533362506	542.0	0.0538319790343
2.31313781716	0.0588275071298	2.31313781716	0.0592442904277	536.0	0.0588275071298	536.0	0.0592442904277
2.33491877589	0.0621651776544	2.33491877589	0.061982775617	531.0	0.0621651776544	531.0	0.061982775617
2.3616035619	0.0661221333775	2.3616035619	0.0670643543458	525.0	0.0661221333775	525.0	0.0670643543458
2.38431128846	0.0695124149371	2.38431128846	0.0701599373726	520.0	0.0695124149371	520.0	0.0701599373726
2.40745994175	0.0735844836549	2.40745994175	0.0741528333301	515.0	0.0735844836549	515.0	0.0741528333301
2.4310624902	0.075212353137	2.4310624902	0.0758787604609	510.0	0.075212353137	510.0	0.0758787604609
2.45028037549	0.0737375892842	2.45028037549	0.0736443700581	506.0	0.0737375892842	506.0	0.0736443700581
2.47473427146	0.0776933582002	2.47473427146	0.0772041181157	501.0	0.0776933582002	501.0	0.0772041181157
2.49968118952	0.0871200099493	2.49968118952	0.0869397790049	496.0	0.0871200099493	496.0	0.0869397790049
2.52000380081	0.0944151313985	2.52000380081	0.0948708898262	492.0	0.0944151313985	492.0	0.0948708898262
2.54065956967	0.101461877665	2.54065956967	0.102209935079	488.0	0.101461877665	488.0	0.102209935079
2.56696039337	0.112337069801	2.56696039337	0.113142270643	483.0	0.112337069801	483.0	0.113142270643
2.58839638831	0.119062188793	2.58839638831	0.119562607295	479.0	0.119062188793	479.0	0.119562607295
2.61019341053	0.126668424691	2.61019341053	0.126338486722	475.0	0.126668424691	475.0	0.126338486722
2.63236065817	0.134327412283	2.63236065817	0.134589537924	471.0	0.134327412283	471.0	0.134589537924
2.65490764454	0.145460194594	2.65490764454	0.145868609628	467.0	0.145460194594	467.0	0.145868609628
2.67784421166	0.159144127875	2.67784421166	0.159310571919	463.0	0.159144127875	463.0	0.159310571919
2.69530841304	0.164882124017	2.69530841304	0.165501736146	460.0	0.164882124017	460.0	0.165501736146
2.7189514693	0.178053758231	2.7189514693	0.177970420385	456.0	0.178053758231	456.0	0.177970420385
2.73695777042	0.18790208239	2.73695777042	0.187204139376	453.0	0.18790208239	453.0	0.187204139376
2.76134046771	0.208756117792	2.76134046771	0.20875952494	449.0	0.208756117792	449.0	0.20875952494
2.77991450673	0.224310635894	2.77991450673	0.224964531307	446.0	0.224310635894	446.0	0.224964531307
2.80507210407	0.250384313293	2.80507210407	0.250620314007	442.0	0.250384313293	442.0	0.250620314007
2.82424116173	0.265556887359	2.82424116173	0.265786687065	439.0	0.265556887359	439.0	0.265786687065
2.84367401376	0.282793540858	2.84367401376	0.282625665173	436.0	0.282793540858	436.0	0.282625665173
2.86337614319	0.304654073929	2.86337614319	0.304192585301	433.0	0.304654073929	433.0	0.304192585301
2.88335318605	0.3292908229	2.88335318605	0.32937088461	430.0	0.3292908229	430.0	0.32937088461
2.90361093677	0.356755443175	2.90361093677	0.356267552145	427.0	0.356755443175	427.0	0.356267552145
2.92415535377	0.386485022684	2.92415535377	0.386187150349	424.0	0.386485022684	424.0	0.386187150349
2.94499256532	0.42179721576	2.94499256532	0.421852501797	421.0	0.42179721576	421.0	0.421852501797
2.9661288756	0.461995193287	2.9661288756	0.461938692822	418.0	0.461995193287	418.0	0.461938692822
2.98038911058	0.485515201332	2.98038911058	0.48540421792	416.0	0.485515201332	416.0	0.48540421792
3.00203842615	0.529922522391	3.00203842615	0.529010252268	413.0	0.529922522391	413.0	0.529010252268
3.01664688564	0.562107566443	3.01664688564	0.560885476683	411.0	0.562107566443	411.0	0.560885476683
3.03882811275	0.626815961907	3.03882811275	0.625509804363	408.0	0.626815961907	408.0	0.625509804363
3.05379770936	0.671887885678	3.05379770936	0.670948021073	406.0	0.671887885678	406.0	0.670948021073
3.07653069479	0.755072185984	3.07653069479	0.753588249598	403.0	0.755072185984	403.0	0.753588249598
3.09187498753	0.815591021512	3.09187498753	0.814037932181	401.0	0.815591021512	401.0	0.814037932181
3.11518057789	0.928417387007	3.11518057789	0.926738154303	398.0	0.928417387007	398.0	0.926738154303
3.13091381313	1.00996398355	3.13091381313	1.00871356647	396.0	1.00996398355	396.0	1.00871356647
3.14680677665	1.10115430893	3.14680677665	1.10003232429	394.0	1.10115430893	394.0	1.10003232429
3.16286191327	1.20678992861	3.16286191327	1.2039091626	392.0	1.20678992861	392.0	1.2039091626
3.17908171795	1.32836498501	3.17908171795	1.32558302121	390.0	1.32836498501	390.0	1.32558302121
3.18725416452	1.38203255081	3.18725416452	1.38203018639	389.0	1.38203255081	389.0	1.38203018639
3.19546873711	1.4942624196	3.19546873711	1.49422121437	388.0	1.4942624196	388.0	1.49422121437
3.20372576227	1.5693790005	3.20372576227	1.56931363999	387.0	1.5693790005	387.0	1.56931363999
3.21202556995	1.61121518522	3.21202556995	1.61113817279	386.0	1.61121518522	386.0	1.61113817279
3.22036849351	1.6929545954	3.22036849351	1.69285039722	385.0	1.6929545954	385.0	1.69285039722
3.22875486979	1.81411640779	3.22875486979	1.81397037319	384.0	1.81411640779	384.0	1.81397037319
3.23718503916	1.91040337982	3.23718503916	1.91022510449	383.0	1.91040337982	383.0	1.91022510449
3.24565934555	1.98145464454	3.24565934555	1.98125395522	382.0	1.98145464454	382.0	1.98125395522
3.25417813648	2.08559112521	3.25417813648	2.08535488651	381.0	2.08559112521	381.0	2.08535488651
3.26274176316	2.22224159199	3.26274176316	2.22195717945	380.0	2.22224159199	380.0	2.22195717945
3.27135058047	2.3444602743	3.27135058047	2.34413368777	379.0	2.3444602743	379.0	2.34413368777
3.28000494709	2.45389673466	3.28000494709	2.45353311731	378.0	2.45389673466	378.0	2.45353311731
3.28870522546	2.59623898114	3.28870522546	2.59582514449	377.0	2.59623898114	377.0	2.59582514449
3.29745178191	2.75839204125	3.29745178191	2.75792031667	376.0	2.75839204125	376.0	2.75792031667
3.30624498667	2.90824267304	3.30624498667	2.90771753204	375.0	2.90824267304	375.0	2.90771753204
3.3150852139	3.06369470063	3.3150852139	3.06311460245	374.0	3.06369470063	374.0	3.06311460245
3.32397284182	3.24726770937	3.32397284182	3.24662087683	373.0	3.24726770937	373.0	3.24662087683
3.33290825269	3.44032713103	3.33290825269	3.43961065561	372.0	3.44032713103	372.0	3.43961065561
3.34189183288	3.63235244709	3.34189183288	3.63156611179	371.0	3.63235244709	371.0	3.63156611179
3.35092397297	3.84576467382	3.35092397297	3.84490014156	370.0	3.84576467382	370.0	3.84490014156
3.36000506775	4.0772161553	3.36000506775	4.076266574	369.0	4.0772161553	369.0	4.076266574
3.3691355163	4.3155902671	3.3691355163	4.31455284641	368.0	4.3155902671	368.0	4.31455284641
3.37831572207	4.56551884855	3.37831572207	4.56438855973	367.0	4.56551884855	367.0	4.56438855973
3.3875460929	4.8357448961	3.3875460929	4.83451437957	366.0	4.8357448961	366.0	4.83451437957
3.3968270411	5.11394838831	3.3968270411	5.11261406761	365.0	5.11394838831	365.0	5.11261406761
3.40615898352	5.4035009138	3.40615898352	5.40205934805	364.0	5.4035009138	364.0	5.40205934805
3.4155423416	5.71125040232	3.4155423416	5.70969352073	363.0	5.71125040232	363.0	5.70969352073
3.42497754144	6.0351406862	3.42497754144	6.033462205	362.0	6.0351406862	362.0	6.033462205
3.43446501385	6.37668489888	3.43446501385	6.37487849856	361.0	6.37668489888	361.0	6.37487849856
3.44400519444	6.73677218258	3.44400519444	6.73483057189	360.0	6.73677218258	360.0	6.73483057189
3.45359852368	7.1713428099	3.45359852368	7.16923816203	359.0	7.1713428099	359.0	7.16923816203
3.46324544693	7.59497493352	3.46324544693	7.59270930346	358.0	7.59497493352	358.0	7.59270930346
3.47294641457	8.04515481113	3.47294641457	8.04271748971	357.0	8.04515481113	357.0	8.04271748971
3.48270188202	8.52183639494	3.48270188202	8.51921761062	356.0	8.52183639494	356.0	8.51921761062
3.49251230986	9.03891099105	3.49251230986	9.0360941623	355.0	9.03891099105	355.0	9.0360941623
3.50237816384	9.58290675221	3.50237816384	9.57988167858	354.0	9.58290675221	354.0	9.57988167858
3.51229991501	10.1992793847	3.51229991501	10.1960174247	353.0	10.1992793847	353.0	10.1960174247
3.52227803977	10.8236827136	3.52227803977	10.8201803235	352.0	10.8236827136	352.0	10.8201803235
3.53231301994	11.5444653979	3.53231301994	11.5406842685	351.0	11.5444653979	351.0	11.5406842685
3.54240534286	12.3037393638	3.54240534286	12.2996637088	350.0	12.3037393638	350.0	12.2996637088
3.55255550143	13.1877957947	3.55255550143	13.1833758772	349.0	13.1877957947	349.0	13.1833758772
3.56276399425	14.1458395326	3.56276399425	14.141045579	348.0	14.1458395326	348.0	14.141045579
3.57303132565	15.3901520929	3.57303132565	15.3848677458	347.0	15.3901520929	347.0	15.3848677458
3.58335800578	16.333080283	3.58335800578	16.3274292904	346.0	16.333080283	346.0	16.3274292904
3.59374455072	18.3095188211	3.59374455072	18.3030818694	345.0	18.3095188211	345.0	18.3030818694
3.60419148256	19.8196538223	3.60419148256	19.8126200116	344.0	19.8196538223	344.0	19.8126200116
3.61469932945	24.1091395229	3.61469932945	24.1003619197	343.0	24.1091395229	343.0	24.1003619197
3.62526862573	20.4065574824	3.62526862573	20.3993195186	342.0	20.4065574824	342.0	20.3993195186
3.63589991202	20.2938256611	3.63589991202	20.2866512285	341.0	20.2938256611	341.0	20.2866512285
3.64659373529	20.9478870929	3.64659373529	20.940461906	340.0	20.9478870929	340.0	20.940461906
3.65735064897	23.0074032774	3.65735064897	22.9991681053	339.0	23.0074032774	339.0	22.9991681053
3.66817121302	19.6393883969	3.66817121302	19.6325347415	338.0	19.6393883969	338.0	19.6325347415
3.67905599407	21.2551240572	3.67905599407	21.2476330994	337.0	21.2551240572	337.0	21.2476330994
3.69000556548	21.6560173677	3.69000556548	21.6483865403	336.0	21.6560173677	336.0	21.6483865403
3.70102050746	20.0430722909	3.70102050746	20.0361146406	335.0	20.0430722909	335.0	20.0361146406
3.71210140719	20.6503679344	3.71210140719	20.643185128	334.0	20.6503679344	334.0	20.643185128
3.72324885886	22.0614629279	3.72324885886	22.0537325602	333.0	22.0614629279	333.0	22.0537325602
3.73446346386	22.5580084879	3.73446346386	22.5501008687	332.0	22.5580084879	332.0	22.5501008687
3.74574583082	21.8117887968	3.74574583082	21.8042034061	331.0	21.8117887968	331.0	21.8042034061
3.75709657576	19.528871744	3.75709657576	19.5222347436	330.0	19.528871744	330.0	19.5222347436
3.76851632219	21.1229838299	3.76851632219	21.1157266684	329.0	21.1229838299	329.0	21.1157266684
3.78000570122	20.6919141824	3.78000570122	20.6848526326	328.0	20.6919141824	328.0	20.6848526326
3.79156535168	21.8053877917	3.79156535168	21.7979006617	327.0	21.8053877917	327.0	21.7979006617
3.80319592025	20.8618066133	3.80319592025	20.8547282449	326.0	20.8618066133	326.0	20.8547282449
3.81489806154	19.403448784	3.81489806154	19.396989786	325.0	19.403448784	325.0	19.396989786
3.82667243827	18.8366640823	3.82667243827	18.8304609007	324.0	18.8366640823	324.0	18.8304609007
3.83851972136	21.5314436322	3.83851972136	21.5241795954	323.0	21.5314436322	323.0	21.5241795954
3.85044059006	20.5135949249	3.85044059006	20.506771076	322.0	20.5135949249	322.0	20.506771076
3.86243573209	20.994908956	3.86243573209	20.9879180014	321.0	20.994908956	321.0	20.9879180014
3.87450584375	20.9212580346	3.87450584375	20.9143247128	320.0	20.9212580346	320.0	20.9143247128
3.88665163009	20.5133362234	3.88665163009	20.5066032173	319.0	20.5133362234	319.0	20.5066032173
3.89887380503	20.4346158806	3.89887380503	20.4279457644	318.0	20.4346158806	318.0	20.4279457644
3.91117309148	19.4817589596	3.91117309148	19.4755102655	317.0	19.4817589596	317.0	19.4755102655
3.92355022152	24.5619316229	3.92355022152	24.5536825559	316.0	24.5619316229	316.0	24.5536825559
3.93600593651	20.0985916898	3.93600593651	20.0921609833	315.0	20.0985916898	315.0	20.0921609833
3.94854098726	20.495932625	3.94854098726	20.4893767931	314.0	20.495932625	314.0	20.4893767931
3.96115613419	19.2767459166	3.96115613419	19.2707208314	313.0	19.2767459166	313.0	19.2707208314
3.97385214744	23.5375002907	3.97385214744	23.5298062495	312.0	23.5375002907	312.0	23.5298062495
3.98662980707	23.1979024088	3.98662980707	23.1903431225	311.0	23.1979024088	311.0	23.1903431225
3.99948990323	21.5617297525	3.99948990323	21.5548970064	310.0	21.5617297525	310.0	21.5548970064
4.01243323625	21.0680337798	4.01243323625	21.0614395669	309.0	21.0680337798	309.0	21.0614395669
4.02546061688	20.4345876016	4.02546061688	20.4282909037	308.0	20.4345876016	308.0	20.4282909037
4.03857286645	18.8221001517	4.03857286645	18.8165003503	307.0	18.8221001517	307.0	18.8165003503
4.05177081699	21.4987336362	4.05177081699	21.4920914118	306.0	21.4987336362	306.0	21.4920914118
4.06505531148	20.4502238257	4.06505531148	20.4440520843	305.0	20.4502238257	305.0	20.4440520843
4.07842720395	21.8697750255	4.07842720395	21.8630746622	304.0	21.8697750255	304.0	21.8630746622
4.09188735974	20.5176418923	4.09188735974	20.5115372123	303.0	20.5176418923	303.0	20.5115372123
4.10543665563	20.1249868566	4.10543665563	20.1190917474	302.0	20.1249868566	302.0	20.1190917474
4.11907598007	21.5136607901	4.11907598007	21.5072510157	301.0	21.5136607901	301.0	21.5072510157
4.13280623333	18.9072905559	4.13280623333	18.9019902071	300.0	18.9072905559	300.0	18.9019902071
4.14662832776	19.9255394883	4.14662832776	19.9198787463	299.0	19.9255394883	299.0	19.9198787463
4.16054318792	21.4082263956	4.16054318792	21.4020196236	298.0	21.4082263956	298.0	21.4020196236
4.17455175084	20.2582255071	4.17455175084	20.2525388789	297.0	20.2582255071	297.0	20.2525388789
4.18865496622	20.6120449644	4.18865496622	20.6062731222	296.0	20.6120449644	296.0	20.6062731222
4.20285379661	21.5353223439	4.20285379661	21.5292317527	295.0	21.5353223439	295.0	21.5292317527
4.21714921769	20.2662971065	4.21714921769	20.2607832964	294.0	20.2662971065	294.0	20.2607832964
4.23154221843	22.9152845312	4.23154221843	22.9087533922	293.0	22.9152845312	293.0	22.9087533922
4.24603380137	22.9615432675	4.24603380137	22.9550735822	292.0	22.9615432675	292.0	22.9550735822
4.26062498282	20.6900894393	4.26062498282	20.6845931557	291.0	20.6900894393	291.0	20.6845931557
4.2753167931	22.0002174619	4.2753167931	21.9942618073	290.0	22.0002174619	290.0	21.9942618073
4.29011027682	24.4018416863	4.29011027682	24.3949730252	289.0	24.4018416863	289.0	24.3949730252
4.30500649306	20.2656403712	4.30500649306	20.2605200908	288.0	20.2656403712	288.0	20.2605200908
4.32000651568	20.1847092957	4.32000651568	20.1796931762	287.0	20.1847092957	287.0	20.1796931762
4.33511143357	20.8051343191	4.33511143357	20.7999384166	286.0	20.8051343191	286.0	20.7999384166
4.35032235088	22.9739793046	4.35032235088	22.9679887501	285.0	22.9739793046	285.0	22.9679887501
4.36564038732	19.0907074283	4.36564038732	19.0863603044	284.0	19.0907074283	284.0	19.0863603044
4.38106667845	20.0648274912	4.38106667845	20.0601629831	283.0	20.0648274912	283.0	20.0601629831
4.39660237589	20.3101292908	4.39660237589	20.3054475873	282.0	20.3101292908	282.0	20.3054475873
4.41224864769	21.6414393451	4.41224864769	21.6363016966	281.0	21.6414393451	281.0	21.6363016966
4.42800667857	19.7780851815	4.42800667857	19.7737885845	280.0	19.7780851815	280.0	19.7737885845
4.44387767025	21.1187469224	4.44387767025	21.1139927975	279.0	21.1187469224	279.0	21.1139927975
4.45986284173	24.9051818729	4.45986284173	24.8990410843	278.0	24.9051818729	278.0	24.8990410843
4.4759634296	18.751410249	4.4759634296	18.7478008926	277.0	18.751410249	277.0	18.7478008926
4.49218068841	19.3207201028	4.49218068841	19.3169744459	276.0	19.3207201028	276.0	19.3169744459
4.50851589091	21.6316618391	4.50851589091	21.6270755396	275.0	21.6316618391	275.0	21.6270755396
4.52497032847	19.4219163712	4.52497032847	19.4183256135	274.0	19.4219163712	274.0	19.4183256135
4.54154531136	19.0907902731	4.54154531136	19.0874363614	273.0	19.0907902731	273.0	19.0874363614
4.55824216912	18.9258731343	4.55824216912	18.9226907445	272.0	18.9258731343	272.0	18.9226907445
4.57506225092	19.8317655656	4.57506225092	19.8283222231	271.0	19.8317655656	271.0	19.8283222231
4.59200692593	19.5212231031	4.59200692593	19.5180152371	270.0	19.5212231031	270.0	19.5180152371
4.60907758364	21.7448136161	4.60907758364	21.7408154897	269.0	21.7448136161	269.0	21.7408154897
4.62627563433	20.8577030693	4.62627563433	20.8541821851	268.0	20.8577030693	268.0	20.8541821851
4.64360250936	19.3265356595	4.64360250936	19.3237531801	267.0	19.3265356595	267.0	19.3237531801
4.66105966165	21.2543000632	4.66105966165	21.2508613287	266.0	21.2543000632	266.0	21.2508613287
4.67864856604	21.2462617748	4.67864856604	21.2429482156	265.0	21.2462617748	265.0	21.2429482156
4.6963707197	24.1084140609	4.6963707197	24.1040604113	264.0	24.1084140609	264.0	24.1040604113
4.71422764259	23.3231639087	4.71422764259	23.3192647918	263.0	23.3231639087	263.0	23.3192647918
4.73222087786	19.8482531996	4.73222087786	19.8458982045	262.0	19.8482531996	262.0	19.8458982045
4.75035199234	19.167752534	4.75035199234	19.1658133629	261.0	19.167752534	261.0	19.1658133629
4.76862257692	20.2888711731	4.76862257692	20.2866176603	260.0	20.2888711731	260.0	20.2866176603
4.7870342471	24.1540527287	4.7870342471	24.1503480118	259.0	24.1540527287	259.0	24.1503480118
4.80558864341	22.0698255867	4.80558864341	22.0671409207	258.0	22.0698255867	258.0	22.0671409207
4.82428743191	18.8709525498	4.82428743191	18.8697158969	257.0	18.8709525498	257.0	18.8697158969
4.84313230469	19.6813159992	4.84313230469	19.6799074282	256.0	19.6813159992	256.0	19.6799074282
4.86212498039	20.0691502485	4.86212498039	20.0677442528	255.0	20.0691502485	255.0	20.0677442528
4.88126720472	20.2212959085	4.88126720472	20.219993363	254.0	20.2212959085	254.0	20.219993363
4.90056075099	18.9636978095	4.90056075099	18.9630710491	253.0	18.9636978095	253.0	18.9630710491
4.92000742063	20.6541530778	4.92000742063	20.6530121521	252.0	20.6541530778	252.0	20.6530121521
4.93960904382	19.8787589513	4.93960904382	19.8781099814	251.0	19.8787589513	251.0	19.8781099814
4.95936748	29.7859569983	4.95936748	29.782986939	250.0	29.7859569983	250.0	29.782986939
