Column 1: energy in eV
Column 2: alpha *1e3 in 1/cm, linear interpolation
Column 3: energy in eV
Column 4: alpha *1e3 in 1/cm, spline interpolation
Column 5: lambda in nm
Column 6: alpha *1e3 in 1/cm, linear interpolation
Column 7: lambda in nm
Column 8: alpha *1e3 in 1/cm, spline interpolation
0.354240534286	-0.0080284699192	0.354240534286	-0.00806097282955	3500.0	-0.0080284699192	3500.0	-0.00806097282955
0.423154221843	-0.0446335074289	0.423154221843	-0.0627465061673	2930.0	-0.0446335074289	2930.0	-0.0627465061673
0.501757130716	0.00914151992619	0.501757130716	0.00573648419499	2471.0	0.00914151992619	2471.0	0.00573648419499
0.564848232346	-0.0172801159836	0.564848232346	-0.0158777953127	2195.0	-0.0172801159836	2195.0	-0.0158777953127
0.636469132444	0.0217403072146	0.636469132444	0.0225909302248	1948.0	0.0217403072146	1948.0	0.0225909302248
0.7072686081	0.0389366691219	0.7072686081	0.043069143794	1753.0	0.0389366691219	1753.0	0.043069143794
0.777817986198	0.0434637364524	0.777817986198	0.0463052359618	1594.0	0.0434637364524	1594.0	0.0463052359618
0.847465393028	0.0459372356711	0.847465393028	0.045258799697	1463.0	0.0459372356711	1463.0	0.045258799697
0.916365018477	0.0461556437142	0.916365018477	0.0466700793637	1353.0	0.0461556437142	1353.0	0.0466700793637
0.985565874404	0.0485603596062	0.985565874404	0.0498018461197	1258.0	0.0485603596062	1258.0	0.0498018461197
1.0533915633	0.0458607624802	1.0533915633	0.0466061943115	1177.0	0.0458607624802	1177.0	0.0466061943115
1.1230451721	0.0473743944996	1.1230451721	0.0468042223726	1104.0	0.0473743944996	1104.0	0.0468042223726
1.19101044188	0.0466599249202	1.19101044188	0.0470568715496	1041.0	0.0466599249202	1041.0	0.0470568715496
1.25872271066	0.0513419727283	1.25872271066	0.0520690157193	985.0	0.0513419727283	985.0	0.0520690157193
1.32603408556	0.0558986982653	1.32603408556	0.0569498329506	935.000000001	0.0558986982653	935.000000001	0.0569498329506
1.39464777278	0.0556981242521	1.39464777278	0.0572637231059	888.999999999	0.0556981242521	888.999999999	0.0572637231059
1.46035555948	0.0429326101142	1.46035555948	0.042916352843	849.000000001	0.0429326101142	849.000000001	0.042916352843
1.52689885468	0.0434559792971	1.52689885468	0.0424761135809	812.0	0.0434559792971	812.0	0.0424761135809
1.59362708226	0.0478073073769	1.59362708226	0.0479054166357	778.000000001	0.0478073073769	778.000000001	0.0479054166357
1.65754260695	0.0517244574342	1.65754260695	0.0521301958149	748.000000001	0.0517244574342	748.000000001	0.0521301958149
1.72200259722	0.0576585803195	1.72200259722	0.0581603271212	720.000000001	0.0576585803195	720.000000001	0.0581603271212
1.78651566282	0.0624829582712	1.78651566282	0.0632773540005	694.000000002	0.0624829582712	694.000000002	0.0632773540005
1.85051025373	0.0676898777495	1.85051025373	0.0683319197079	670.0	0.0676898777495	670.0	0.0683319197079
1.91333621914	0.0728383679908	1.91333621914	0.0728531151723	647.999999999	0.0728383679908	647.999999999	0.0728531151723
1.9774192504	0.0801447982466	1.9774192504	0.0802248752392	627.0	0.0801447982466	627.0	0.0802248752392
2.03921360197	0.0867222948041	2.03921360197	0.0870084968154	608.000000001	0.0867222948041	608.000000001	0.0870084968154
2.10142689831	0.0978095509284	2.10142689831	0.0976810018433	589.999999999	0.0978095509284	589.999999999	0.0976810018433
2.16000325784	0.105344958076	2.16000325784	0.105301703193	574.0	0.105344958076	574.0	0.105301703193
2.22193883513	0.119460372074	2.22193883513	0.119936609158	557.999999999	0.119460372074	557.999999999	0.119936609158
2.28331836096	0.137053128039	2.28331836096	0.136860343101	542.999999999	0.137053128039	542.999999999	0.136860343101
2.33932428302	0.14845313445	2.33932428302	0.147913195907	530.0	0.14845313445	530.0	0.147913195907
2.39814675048	0.168252113047	2.39814675048	0.16807919132	517.000000001	0.168252113047	517.000000001	0.16807919132
2.45513241584	0.190807293983	2.45513241584	0.190578905362	505.0	0.190807293983	505.0	0.190578905362
2.50980135628	0.213477344282	2.50980135628	0.213174431514	493.999999999	0.213477344282	493.999999999	0.213174431514
2.56696039337	0.242396537909	2.56696039337	0.242774429461	483.000000001	0.242396537909	483.000000001	0.242774429461
2.62123016913	0.270479100726	2.62123016913	0.270099706136	473.000000001	0.270479100726	473.000000001	0.270099706136
2.67784421166	0.308260881924	2.67784421166	0.306491526744	463.000000001	0.308260881924	463.000000001	0.306491526744
2.73092922907	0.345507442095	2.73092922907	0.343957680098	454.000000001	0.345507442095	454.000000001	0.343957680098
2.77991450673	0.385987026725	2.77991450673	0.384243256159	445.999999999	0.385987026725	445.999999999	0.384243256159
2.83068920091	0.445424393622	2.83068920091	0.441264413388	438.000000001	0.445424393622	438.000000001	0.441264413388
2.88335318605	0.525656536509	2.88335318605	0.519413511737	429.999999999	0.525656536509	429.999999999	0.519413511737
2.93106825059	0.62039299597	2.93106825059	0.611237028644	423.0	0.62039299597	423.0	0.611237028644
2.98038911058	0.767787662666	2.98038911058	0.75514028365	416.0	0.767787662666	416.0	0.75514028365
3.02400456098	0.947889584274	3.02400456098	0.930544192668	409.999999999	0.947889584274	409.999999999	0.930544192668
3.07653069479	1.26984960587	3.07653069479	1.24865232851	403.0	1.26984960587	403.0	1.24865232851
3.11518057789	1.58333408482	3.11518057789	1.55760054425	398.0	1.58333408482	398.0	1.55760054425
3.17095107417	2.26013140505	3.17095107417	2.23291437202	391.0	2.26013140505	391.0	2.23291437202
3.21202556995	2.76631729415	3.21202556995	2.76635016785	386.0	2.76631729415	386.0	2.76635016785
3.22036849351	3.10594593321	3.22036849351	3.10590458524	385.0	3.10594593321	385.0	3.10590458524
3.22875486979	3.46424797513	3.22875486979	3.46412850842	384.0	3.46424797513	384.0	3.46412850842
3.23718503916	3.77856096206	3.23718503916	3.77837259232	383.0	3.77856096206	383.0	3.77837259232
3.24565934555	3.99800724774	3.24565934555	3.99777078973	382.0	3.99800724774	382.0	3.99777078973
3.25417813648	4.12989535926	3.25417813648	4.12963004146	381.0	4.12989535926	381.0	4.12963004146
3.26274176316	4.2092512549	3.26274176316	4.20896900514	380.0	4.2092512549	380.0	4.20896900514
3.27135058047	4.30145183658	3.27135058047	4.30115009954	379.0	4.30145183658	379.0	4.30115009954
3.28000494709	4.47859312988	3.28000494709	4.47825275974	378.0	4.47859312988	378.0	4.47825275974
3.28870522546	4.76707931931	3.28870522546	4.766674801	377.0	4.76707931931	377.0	4.766674801
3.29745178191	5.16089789297	3.29745178191	5.16040529674	376.0	5.16089789297	376.0	5.16040529674
3.30624498667	5.60731022017	3.30624498667	5.60671668576	375.0	5.60731022017	375.0	5.60671668576
3.3150852139	6.03686744158	3.3150852139	6.03617717635	374.0	6.03686744158	374.0	6.03617717635
3.32397284182	6.40704034918	3.32397284182	6.40626604087	373.0	6.40704034918	373.0	6.40626604087
3.33290825269	6.72553364227	3.33290825269	6.72468791635	372.0	6.72553364227	372.0	6.72468791635
3.34189183288	7.0292524503	3.34189183288	7.02833780547	371.0	7.0292524503	371.0	7.02833780547
3.35092397297	7.37227122532	3.35092397297	7.37127869606	370.0	7.37227122532	370.0	7.37127869606
3.36000506775	7.8044968085	3.36000506775	7.80340602856	369.0	7.8044968085	369.0	7.80340602856
3.3691355163	8.33074828638	3.3691355163	8.3295372398	368.0	8.33074828638	368.0	8.3295372398
3.37831572207	8.91489795824	3.37831572207	8.91355253291	367.0	8.91489795824	367.0	8.91355253291
3.3875460929	9.51934903212	3.3875460929	9.51786507393	366.0	9.51934903212	366.0	9.51786507393
3.3968270411	10.1143246454	3.3968270411	10.1127036726	365.0	10.1143246454	365.0	10.1127036726
3.40615898352	10.7046863859	3.40615898352	10.7029303478	364.0	10.7046863859	364.0	10.7029303478
3.4155423416	11.3091533477	3.4155423416	11.3072579559	363.0	11.3091533477	363.0	11.3072579559
3.42497754144	11.9695390167	3.42497754144	11.9674912377	362.0	11.9695390167	362.0	11.9674912377
3.43446501385	12.7015986047	3.43446501385	12.6993822931	361.0	12.7015986047	361.0	12.6993822931
3.44400519444	13.496355534	3.44400519444	13.4939560074	360.0	13.496355534	360.0	13.4939560074
3.45359852368	14.5174696905	3.45359852368	14.5148362107	359.0	14.5174696905	359.0	14.5148362107
3.46324544693	15.4686574814	3.46324544693	15.4658037094	358.0	15.4686574814	358.0	15.4658037094
3.47294641457	16.4691159459	3.47294641457	16.4660301648	357.0	16.4691159459	357.0	16.4660301648
3.48270188202	17.5337598156	3.48270188202	17.5304276929	356.0	17.5337598156	356.0	17.5304276929
3.49251230986	18.6729763898	3.49251230986	18.6693800677	355.0	18.6729763898	355.0	18.6693800677
3.50237816384	19.8973584477	3.50237816384	19.8934784447	354.0	19.8973584477	354.0	19.8934784447
3.51229991501	21.2147579177	3.51229991501	21.210572898	353.0	21.2147579177	353.0	21.210572898
3.52227803977	22.6134789463	3.52227803977	22.6089694006	352.0	22.6134789463	352.0	22.6089694006
3.53231301994	24.0993297325	3.53231301994	24.0944757414	351.0	24.0993297325	351.0	24.0944757414
3.54240534286	25.6513438134	3.54240534286	25.6461295029	350.0	25.6513438134	350.0	25.6461295029
3.55255550143	27.4070165681	3.55255550143	27.4013949202	349.0	27.4070165681	349.0	27.4013949202
3.56276399425	29.2230739116	3.56276399425	29.2170307425	348.0	29.2230739116	348.0	29.2170307425
3.57303132565	31.090178404	3.57303132565	31.0837012979	347.0	31.090178404	347.0	31.0837012979
3.58335800578	33.1771457216	3.58335800578	33.1701843494	346.0	33.1771457216	346.0	33.1701843494
3.59374455072	35.401338106	3.59374455072	35.3938600064	345.0	35.401338106	345.0	35.3938600064
3.60419148256	37.7485187753	3.60419148256	37.7404958046	344.0	37.7485187753	344.0	37.7404958046
3.61469932945	40.5788578687	3.61469932945	40.5701768169	343.0	40.5788578687	343.0	40.5701768169
3.62526862573	42.6080840686	3.62526862573	42.5989316818	342.0	42.6080840686	342.0	42.5989316818
3.63589991202	46.7971717074	3.63589991202	46.787045174	341.0	46.7971717074	341.0	46.787045174
3.64659373529	59.1846866261	3.64659373529	59.1717132715	340.0	59.1846866261	340.0	59.1717132715
3.65735064897	52.3626159032	3.65735064897	52.3511913245	339.0	52.3626159032	339.0	52.3511913245
3.66817121302	59.6349766871	3.66817121302	59.6217559219	338.0	59.6349766871	338.0	59.6217559219
3.67905599407	50.2566463469	3.67905599407	50.2457180847	337.0	50.2566463469	337.0	50.2457180847
3.69000556548	49.1191830221	3.69000556548	49.1085213046	336.0	49.1191830221	336.0	49.1085213046
3.70102050746	49.2374237014	3.70102050746	49.2267392671	335.0	49.2374237014	335.0	49.2267392671
3.71210140719	54.5364426886	3.71210140719	54.5245426571	334.0	54.5364426886	334.0	54.5245426571
3.72324885886	53.6644406498	3.72324885886	53.652722592	333.0	53.6644406498	333.0	53.652722592
3.73446346386	50.8538103118	3.73446346386	50.8427522028	332.0	50.8538103118	332.0	50.8427522028
3.74574583082	51.1682581578	3.74574583082	51.1571351639	331.0	51.1682581578	331.0	51.1571351639
3.75709657576	50.2233618467	3.75709657576	50.2124619569	330.0	50.2233618467	330.0	50.2124619569
3.76851632219	47.3896343604	3.76851632219	47.3793948559	329.0	47.3896343604	329.0	47.3793948559
3.78000570122	62.7470386977	3.78000570122	62.7334657571	328.0	62.7470386977	328.0	62.7334657571
3.79156535168	48.5437543021	3.79156535168	48.5332519296	327.0	48.5437543021	327.0	48.5332519296
3.80319592025	47.3442309591	3.80319592025	47.3340071696	326.0	47.3442309591	326.0	47.3340071696
3.81489806154	50.6991917383	3.81489806154	50.6881901094	325.0	50.6991917383	325.0	50.6881901094
3.82667243827	52.1604326815	3.82667243827	52.1490971477	324.0	52.1604326815	324.0	52.1490971477
3.83851972136	47.3805876234	3.83851972136	47.3703596925	323.0	47.3805876234	323.0	47.3703596925
3.85044059006	50.4285475547	3.85044059006	50.4176130672	322.0	50.4285475547	322.0	50.4176130672
3.86243573209	53.7161506787	3.86243573209	53.7044430112	321.0	53.7161506787	321.0	53.7044430112
3.87450584375	52.3444356647	3.87450584375	52.333059382	320.0	52.3444356647	320.0	52.333059382
3.88665163009	51.2215181942	3.88665163009	51.21041004	319.0	51.2215181942	319.0	51.21041004
3.89887380503	53.0117622772	3.89887380503	53.0002304731	318.0	53.0117622772	318.0	53.0002304731
3.91117309148	62.7847701878	3.91117309148	62.7710119517	317.0	62.7847701878	317.0	62.7710119517
3.92355022152	56.0334205648	3.92355022152	56.0212010311	316.0	56.0334205648	316.0	56.0212010311
3.93600593651	47.7116909634	3.93600593651	47.7014046638	315.0	47.7116909634	315.0	47.7014046638
3.94854098726	49.0669664744	3.94854098726	49.0563677114	314.0	49.0669664744	314.0	49.0563677114
3.96115613419	62.935139913	3.96115613419	62.9207504437	313.0	62.935139913	313.0	62.9207504437
3.97385214744	47.2652445551	3.97385214744	47.2550725507	312.0	47.2652445551	312.0	47.2550725507
3.98662980707	49.3580185028	3.98662980707	49.3473620993	311.0	49.3580185028	311.0	49.3473620993
3.99948990323	51.3896469956	3.99948990323	51.3785183507	310.0	51.3896469956	310.0	51.3785183507
4.01243323625	51.6244471223	4.01243323625	51.6132658885	309.0	51.6244471223	309.0	51.6132658885
4.02546061688	50.1204923457	4.02546061688	50.109667615	308.0	50.1204923457	308.0	50.109667615
4.03857286645	46.8318215091	4.03857286645	46.821764883	307.0	46.8318215091	307.0	46.821764883
4.05177081699	52.8391607512	4.05177081699	52.8277081308	306.0	52.8391607512	306.0	52.8277081308
4.06505531148	54.4203815309	4.06505531148	54.4085690395	305.0	54.4203815309	305.0	54.4085690395
4.07842720395	51.8749798332	4.07842720395	51.8637442036	304.0	51.8749798332	304.0	51.8637442036
4.09188735974	49.6957999085	4.09188735974	49.6850847857	303.0	49.6957999085	303.0	49.6850847857
4.10543665563	49.9471080805	4.10543665563	49.9363394204	302.0	49.9471080805	302.0	49.9363394204
4.11907598007	53.3472552536	4.11907598007	53.3357139107	301.0	53.3472552536	301.0	53.3357139107
4.13280623333	48.4315020388	4.13280623333	48.4210911294	300.0	48.4315020388	300.0	48.4210911294
4.14662832776	48.4651488684	4.14662832776	48.4547359664	299.0	48.4651488684	299.0	48.4547359664
4.16054318792	49.1708012975	4.16054318792	49.1602247507	298.0	49.1708012975	298.0	49.1602247507
4.17455175084	48.5703478021	4.17455175084	48.5599135169	297.0	48.5703478021	297.0	48.5599135169
4.18865496622	51.5666431262	4.18865496622	51.5555206749	296.0	51.5666431262	296.0	51.5555206749
4.20285379661	53.1332761972	4.20285379661	53.1217873461	295.0	53.1332761972	295.0	53.1217873461
4.21714921769	50.2751650569	4.21714921769	50.2643437304	294.0	50.2751650569	294.0	50.2643437304
4.23154221843	51.1474177417	4.23154221843	51.1364005434	293.0	51.1474177417	293.0	51.1364005434
4.24603380137	56.0105019769	4.24603380137	55.9983776975	292.0	56.0105019769	292.0	55.9983776975
4.26062498282	50.5375126749	4.26062498282	50.5266431818	291.0	50.5375126749	291.0	50.5266431818
4.2753167931	52.0932904359	4.2753167931	52.0820573891	290.0	52.0932904359	290.0	52.0820573891
4.29011027682	60.1912380257	4.29011027682	60.1779859335	289.0	60.1912380257	289.0	60.1779859335
4.30500649306	48.1671104413	4.30500649306	48.1568030911	288.0	48.1671104413	288.0	48.1568030911
4.32000651568	48.9015581176	4.32000651568	48.8910835141	287.0	48.9015581176	287.0	48.8910835141
4.33511143357	51.6654780857	4.33511143357	51.6543566978	286.0	51.6654780857	286.0	51.6543566978
4.35032235088	50.0717664373	4.35032235088	50.0610215634	285.0	50.0717664373	285.0	50.0610215634
4.36564038732	52.6709471571	4.36564038732	52.6595968778	284.0	52.6709471571	284.0	52.6595968778
4.38106667845	61.306107589	4.38106667845	61.2926913147	283.0	61.306107589	283.0	61.2926913147
4.39660237589	56.8291241211	4.39660237589	56.8168031624	282.0	56.8291241211	282.0	56.8168031624
4.41224864769	50.9691312928	4.41224864769	50.9581941915	281.0	50.9691312928	281.0	50.9581941915
4.42800667857	46.1418257904	4.42800667857	46.1320204045	280.0	46.1418257904	280.0	46.1320204045
4.44387767025	47.2193138079	4.44387767025	47.2092607547	279.0	47.2193138079	279.0	47.2092607547
4.45986284173	52.6586564153	4.45986284173	52.6473387946	278.0	52.6586564153	278.0	52.6473387946
4.4759634296	53.5553781925	4.4759634296	53.5438630673	277.0	53.5553781925	277.0	53.5438630673
4.49218068841	50.0903135785	4.49218068841	50.079603713	276.0	50.0903135785	276.0	50.079603713
4.50851589091	52.7421896518	4.50851589091	52.7308759249	275.0	52.7421896518	275.0	52.7308759249
4.52497032847	51.7988537929	4.52497032847	51.7877559123	274.0	51.7988537929	274.0	51.7877559123
4.54154531136	49.8278157526	4.54154531136	49.8171816562	273.0	49.8278157526	273.0	49.8171816562
4.55824216912	48.8060526084	4.55824216912	48.7956609179	272.0	48.8060526084	272.0	48.7956609179
4.57506225092	45.4063816816	4.57506225092	45.3967855714	271.0	45.4063816816	271.0	45.3967855714
4.59200692593	57.3838347017	4.59200692593	57.3714499446	270.0	57.3838347017	270.0	57.3714499446
4.60907758364	48.519934895	4.60907758364	48.5096202115	269.0	48.519934895	269.0	48.5096202115
4.62627563433	49.38644636	4.62627563433	49.3759374396	268.0	49.38644636	268.0	49.3759374396
4.64360250936	46.6022764966	4.64360250936	46.5924207423	267.0	46.6022764966	267.0	46.5924207423
4.66105966165	45.6831608375	4.66105966165	45.6735233488	266.0	45.6831608375	266.0	45.6735233488
4.67864856604	48.39141158	4.67864856604	48.3811472448	265.0	48.39141158	265.0	48.3811472448
4.6963707197	47.4470189046	4.6963707197	47.4369803865	264.0	47.4470189046	264.0	47.4369803865
4.71422764259	47.3344784544	4.71422764259	47.324471646	263.0	47.3344784544	263.0	47.324471646
4.73222087786	48.8578738739	4.73222087786	48.8475163016	262.0	48.8578738739	262.0	48.8475163016
4.75035199234	47.1130515761	4.75035199234	47.1031066934	261.0	47.1130515761	261.0	47.1031066934
4.76862257692	51.9153009709	4.76862257692	51.9042409212	260.0	51.9153009709	260.0	51.9042409212
4.7870342471	58.5558959674	4.7870342471	58.5432239225	259.0	58.5558959674	259.0	58.5432239225
4.80558864341	49.472189144	4.80558864341	49.4617100084	258.0	49.472189144	258.0	49.4617100084
4.82428743191	47.6877718682	4.82428743191	47.6777132794	257.0	47.6877718682	257.0	47.6777132794
4.84313230469	50.3212952362	4.84313230469	50.3106259526	256.0	50.3212952362	256.0	50.3106259526
4.86212498039	50.6420955398	4.86212498039	50.6313632613	255.0	50.6420955398	255.0	50.6313632613
4.88126720472	47.3785595442	4.88126720472	47.3685905292	254.0	47.3785595442	254.0	47.3685905292
4.90056075099	56.8066158649	4.90056075099	56.7944660553	253.0	56.8066158649	253.0	56.7944660553
4.92000742063	51.7354708781	4.92000742063	51.724496808	252.0	51.7354708781	252.0	51.724496808
4.93960904382	50.5862708964	4.93960904382	50.5755718485	251.0	50.5862708964	251.0	50.5755718485
4.95936748	46.6195401127	4.95936748	46.6097711965	250.0	46.6195401127	250.0	46.6097711965
