Column 1: energy in eV
Column 2: alpha *1e3 in 1/cm, linear interpolation
Column 3: energy in eV
Column 4: alpha *1e3 in 1/cm, spline interpolation
Column 5: lambda in nm
Column 6: alpha *1e3 in 1/cm, linear interpolation
Column 7: lambda in nm
Column 8: alpha *1e3 in 1/cm, spline interpolation
0.139151725028	0.149488163107	0.139151725028	0.118250777325	8910.0	0.149488163107	8910.0	0.118250777325
0.159773436856	0.0376936469662	0.159773436856	0.0248722693876	7759.99999998	0.0376936469662	7759.99999998	0.0248722693876
0.17890936075	0.0102147331428	0.17890936075	0.00197673988259	6930.00000001	0.0102147331428	6930.00000001	0.00197673988259
0.198692607372	0.0152147607101	0.198692607372	0.0129869929625	6239.99999999	0.0152147607101	6239.99999999	0.0129869929625
0.217898395431	0.0120760952792	0.217898395431	0.0135758694752	5689.99999999	0.0120760952792	5689.99999999	0.0135758694752
0.237517599617	0.00758805741692	0.237517599617	0.00781143878268	5220.0	0.00758805741692	5220.0	0.00781143878268
0.257228603734	0.00235415908327	0.257228603734	0.000170648773805	4820.00000001	0.00235415908327	4820.00000001	0.000170648773805
0.276750417411	-0.00176260440094	0.276750417411	-0.00508639538751	4480.0	-0.00176260440094	4480.0	-0.00508639538751
0.297324189448	0.00121661946983	0.297324189448	-0.000980862216143	4170.00000001	0.00121661946983	4170.00000001	-0.000980862216143
0.315481391858	0.00187978979609	0.315481391858	0.000281784650585	3929.99999999	0.00187978979609	3929.99999999	0.000281784650585
0.335092397297	0.0102839477936	0.335092397297	0.00971111899615	3700.0	0.0102839477936	3700.0	0.00971111899615
0.354240534286	0.0135672822551	0.354240534286	0.0137825362392	3500.0	0.0135672822551	3500.0	0.0137825362392
0.374574583082	0.0138173666409	0.374574583082	0.0129271073496	3310.0	0.0138173666409	3310.0	0.0129271073496
0.393600593651	0.0094925440473	0.393600593651	0.00771086069534	3150.0	0.0094925440473	3150.0	0.00771086069534
0.413280623333	0.0092675481198	0.413280623333	0.00752492374362	3000.0	0.0092675481198	3000.0	0.00752492374362
0.432000651568	0.00950455665824	0.432000651568	0.00800084912224	2870.0	0.00950455665824	2870.0	0.00800084912224
0.452497032847	0.0124491138856	0.452497032847	0.0118698159886	2740.0	0.0124491138856	2740.0	0.0118698159886
0.471422764259	0.0121239502644	0.471422764259	0.0101702562953	2630.0	0.0121239502644	2630.0	0.0101702562953
0.492000742063	0.0142714021012	0.492000742063	0.0126876414011	2520.0	0.0142714021012	2520.0	0.0126876414011
0.511064249794	0.00627394654056	0.511064249794	0.00538324980446	2426.0	0.00627394654056	2426.0	0.00538324980446
0.530981528908	0.014516204448	0.530981528908	0.01275685352	2335.0	0.014516204448	2335.0	0.01275685352
0.550307088327	0.0149947435684	0.550307088327	0.0142827163791	2253.0	0.0149947435684	2253.0	0.0142827163791
0.56978027114	0.014082446776	0.56978027114	0.0126331460895	2176.0	0.014082446776	2176.0	0.0126331460895
0.589278455323	0.0178887036677	0.589278455323	0.0161021814362	2104.0	0.0178887036677	2104.0	0.0161021814362
0.6089596611	0.0220298226602	0.6089596611	0.0210675494038	2036.0	0.0220298226602	2036.0	0.0210675494038
0.628086053698	0.0234549721854	0.628086053698	0.0227111019932	1974.0	0.0234549721854	1974.0	0.0227111019932
0.647437007833	0.0223436290297	0.647437007833	0.0211709859897	1915.0	0.0223436290297	1915.0	0.0211709859897
0.666940220549	0.0222314631656	0.666940220549	0.020847716092	1859.0	0.0222314631656	1859.0	0.020847716092
0.686512663344	0.0234603326703	0.686512663344	0.0218380455651	1806.0	0.0234603326703	1806.0	0.0218380455651
0.706060290433	0.0240692038671	0.706060290433	0.0228338109002	1756.0	0.0240692038671	1756.0	0.0228338109002
0.725477981276	0.0243123694887	0.725477981276	0.0232213182291	1709.0	0.0243123694887	1709.0	0.0232213182291
0.744649771772	0.0238759328944	0.744649771772	0.0227279980517	1665.0	0.0238759328944	1665.0	0.0227279980517
0.764390795314	0.024442745046	0.764390795314	0.0232605642376	1622.0	0.024442745046	1622.0	0.0232605642376
0.783222912192	0.0220599909146	0.783222912192	0.0209050768183	1583.0	0.0220599909146	1583.0	0.0209050768183
0.801967574386	0.0197932084951	0.801967574386	0.0184898141996	1546.0	0.0197932084951	1546.0	0.0184898141996
0.822176306366	0.0205358789486	0.822176306366	0.0181573831844	1508.0	0.0205358789486	1508.0	0.0181573831844
0.841141024423	0.0202418578094	0.841141024423	0.0185953423215	1474.0	0.0202418578094	1474.0	0.0185953423215
0.860403795975	0.0241576304922	0.860403795975	0.02335425891	1441.0	0.0241576304922	1441.0	0.02335425891
0.879944549326	0.0294098242616	0.879944549326	0.028208266771	1409.0	0.0294098242616	1409.0	0.028208266771
0.899087650471	0.0283629143485	0.899087650471	0.028126378585	1379.0	0.0283629143485	1379.0	0.028126378585
0.918401385185	0.0252085255504	0.918401385185	0.0242709392949	1350.0	0.0252085255504	1350.0	0.0242709392949
0.937144270597	0.0234272401264	0.937144270597	0.020637616906	1323.0	0.0234272401264	1323.0	0.020637616906
0.956668109568	0.0225828816629	0.956668109568	0.0209031166711	1296.0	0.0225828816629	1296.0	0.0209031166711
0.97548534225	0.0256185253881	0.97548534225	0.0247986609494	1271.0	0.0256185253881	1271.0	0.0247986609494
0.995057680578	0.0305507849709	0.995057680578	0.0292038442825	1246.0	0.0305507849709	1246.0	0.0292038442825
1.01377094849	0.0283671723274	1.01377094849	0.0279679680065	1223.0	0.0283671723274	1223.0	0.0279679680065
1.03320155833	0.0264856784241	1.03320155833	0.0254239455056	1200.0	0.0264856784241	1200.0	0.0254239455056
1.05160463953	0.0249747160482	1.05160463953	0.0229459897981	1178.99999999	0.0249747160482	1178.99999999	0.0229459897981
1.07067518998	0.0233257385636	1.07067518998	0.0219997999687	1158.0	0.0233257385636	1158.0	0.0219997999687
1.09045019349	0.0247592510591	1.09045019349	0.0233423847285	1137.0	0.0247592510591	1137.0	0.0233423847285
1.10898199463	0.024764014261	1.10898199463	0.0232355198095	1118.0	0.024764014261	1118.0	0.0232355198095
1.12815456779	0.0249370525428	1.12815456779	0.023727622871	1099.0	0.0249370525428	1099.0	0.023727622871
1.14693975023	0.0262817580372	1.14693975023	0.0250495972587	1081.0	0.0262817580372	1081.0	0.0250495972587
1.16526491541	0.0262371997034	1.16526491541	0.025136565945	1064.0	0.0262371997034	1064.0	0.025136565945
1.18418516714	0.0251050506809	1.18418516714	0.0240609659831	1047.0	0.0251050506809	1047.0	0.0240609659831
1.20372997087	0.0254398819189	1.20372997087	0.0239335979784	1030.0	0.0254398819189	1030.0	0.0239335979784
1.22272373767	0.0246467610891	1.22272373767	0.0228528991992	1014.0	0.0246467610891	1014.0	0.0228528991992
1.24108295295	0.0253823816702	1.24108295295	0.0237559403328	999.000000002	0.0253823816702	999.000000002	0.0237559403328
1.26000190041	0.0277436325441	1.26000190041	0.0264790238065	983.999999997	0.0277436325441	983.999999997	0.0264790238065
1.27818749485	0.0310147766247	1.27818749485	0.0297715463509	969.999999996	0.0310147766247	969.999999996	0.0297715463509
1.29690572176	0.0317538794755	1.29690572176	0.0309107533896	955.999999998	0.0317538794755	955.999999998	0.0309107533896
1.31618032909	0.031827204527	1.31618032909	0.0310322342041	941.999999998	0.031827204527	941.999999998	0.0310322342041
1.33459835307	0.0319786032209	1.33459835307	0.0304149156504	928.999999998	0.0319786032209	928.999999998	0.0304149156504
1.35353915939	0.0301432239338	1.35353915939	0.0287130316828	915.999999999	0.0301432239338	915.999999999	0.0287130316828
1.37150649336	0.0290518365655	1.37150649336	0.0278983421959	904.000000002	0.0290518365655	904.000000002	0.0278983421959
1.38995725336	0.0297983359383	1.38995725336	0.0282212663484	892.000000002	0.0297983359383	892.000000002	0.0282212663484
1.40891121591	0.0322680836438	1.40891121591	0.0291568003619	879.999999999	0.0322680836438	879.999999999	0.0291568003619
1.4267455351	0.0323331498642	1.4267455351	0.03127355197	868.999999999	0.0323331498642	868.999999999	0.03127355197
1.44672330222	0.0430415103712	1.44672330222	0.0426439038036	856.999999998	0.0430415103712	856.999999998	0.0426439038036
1.46380386068	0.0487533702038	1.46380386068	0.0473516164786	847.000000003	0.0487533702038	847.000000003	0.0473516164786
1.4830644378	0.0462570695783	1.4830644378	0.046699980193	835.999999999	0.0462570695783	835.999999999	0.046699980193
1.50101921308	0.0434424015885	1.50101921308	0.0419277541056	825.999999997	0.0434424015885	825.999999997	0.0419277541056
1.51941405637	0.0437019994393	1.51941405637	0.0412881794652	816.000000001	0.0437019994393	816.000000001	0.0412881794652
1.53826534739	0.0452392287874	1.53826534739	0.0439212658903	806.000000002	0.0452392287874	806.000000002	0.0439212658903
1.55759028894	0.0476518954649	1.55759028894	0.0464610535554	796.000000002	0.0476518954649	796.000000002	0.0464610535554
1.57540263024	0.0481076583657	1.57540263024	0.0470527462205	787.000000001	0.0481076583657	787.000000001	0.0470527462205
1.59362708226	0.0491078483925	1.59362708226	0.0477998593229	778.000000001	0.0491078483925	778.000000001	0.0477998593229
1.61018424675	0.0482935069691	1.61018424675	0.0470255044061	770.000000002	0.0482935069691	770.000000002	0.0470255044061
1.62922716163	0.0487748740543	1.62922716163	0.0475157200812	761.0	0.0487748740543	761.0	0.0475157200812
1.64653634794	0.0482682158577	1.64653634794	0.0468731606068	753.000000001	0.0482682158577	753.000000001	0.0468731606068
1.66645412634	0.049878509849	1.66645412634	0.0486443149629	744.000000002	0.049878509849	744.000000002	0.0486443149629
1.68456775815	0.0496349636109	1.68456775815	0.0484755919362	736.000000001	0.0496349636109	736.000000001	0.0484755919362
1.7007433059	0.0480382392484	1.7007433059	0.0466228508823	728.999999999	0.0480382392484	728.999999999	0.0466228508823
1.71961424411	0.0480686423318	1.71961424411	0.0463169956074	720.999999998	0.0480686423318	720.999999998	0.0463169956074
1.73647320728	0.0479394087509	1.73647320728	0.0465183492549	714.000000001	0.0479394087509	714.000000001	0.0465183492549
1.75614995751	0.0518121013862	1.75614995751	0.0507684680234	705.999999999	0.0518121013862	705.999999999	0.0507684680234
1.77373658083	0.053123532478	1.77373658083	0.051962136088	699.0	0.053123532478	699.0	0.051962136088
1.79167900289	0.0524986591861	1.79167900289	0.0511979599438	692.0	0.0524986591861	692.0	0.0511979599438
1.80734966472	0.0500296052369	1.80734966472	0.0487041812231	686.000000001	0.0500296052369	686.000000001	0.0487041812231
1.82598213549	0.0517064286286	1.82598213549	0.0502681407238	679.000000001	0.0517064286286	679.000000001	0.0502681407238
1.84500278274	0.054077629927	1.84500278274	0.0524978114412	671.999999999	0.054077629927	671.999999999	0.0524978114412
1.86162442943	0.0529369640735	1.86162442943	0.0517702892368	666.0	0.0529369640735	666.0	0.0517702892368
1.87854828788	0.0528484629971	1.87854828788	0.0516263024002	660.0	0.0528484629971	660.0	0.0516263024002
1.89578267584	0.0547321371461	1.89578267584	0.0529422981358	654.0	0.0547321371461	654.0	0.0529422981358
1.91333621914	0.0555996647025	1.91333621914	0.0542286663988	647.999999999	0.0555996647025	647.999999999	0.0542286663988
1.93121786604	0.057112554643	1.93121786604	0.0559033827422	642.000000001	0.057112554643	642.000000001	0.0559033827422
1.94943690252	0.0604487968152	1.94943690252	0.0589897695935	635.999999999	0.0604487968152	635.999999999	0.0589897695935
1.96800296825	0.063421719104	1.96800296825	0.0624060808317	630.000000001	0.063421719104	630.000000001	0.0624060808317
1.983746992	0.0627011611573	1.983746992	0.0616950183312	625.0	0.0627011611573	625.0	0.0616950183312
1.99974495161	0.0622820408757	1.99974495161	0.060782196017	620.000000001	0.0622820408757	620.000000001	0.060782196017
2.01928643322	0.0628632528685	2.01928643322	0.0615414313146	614.000000001	0.0628632528685	614.000000001	0.0615414313146
2.03586513957	0.0628403840146	2.03586513957	0.061456336606	609.000000001	0.0628403840146	609.000000001	0.061456336606
2.05271832781	0.0643637142741	2.05271832781	0.0625642741123	604.000000001	0.0643637142741	604.000000001	0.0625642741123
2.06985287145	0.0645888172398	2.06985287145	0.0634515309312	599.000000001	0.0645888172398	599.000000001	0.0634515309312
2.08727587542	0.0666357876726	2.08727587542	0.0655404417613	594.0	0.0666357876726	594.0	0.0655404417613
2.10499468591	0.0689865867488	2.10499468591	0.0679973687854	589.0	0.0689865867488	589.0	0.0679973687854
2.11938781197	0.0663898522578	2.11938781197	0.0653958584102	584.999999999	0.0663898522578	584.999999999	0.0653958584102
2.13765839655	0.0651408728061	2.13765839655	0.0632104695649	580.0	0.0651408728061	580.0	0.0632104695649
2.15624673043	0.0655126331123	2.15624673043	0.0635505494584	575.000000001	0.0655126331123	575.000000001	0.0635505494584
2.17135178634	0.0674115806441	2.17135178634	0.0655723033538	571.0	0.0674115806441	571.0	0.0655723033538
2.18666996473	0.0705596593811	2.18666996473	0.0695252324723	566.999999999	0.0705596593811	566.999999999	0.0695252324723
2.20612432384	0.0764768086716	2.20612432384	0.0757331166457	562.000000001	0.0764768086716	562.000000001	0.0757331166457
2.22193883513	0.0772539011644	2.22193883513	0.0760800267887	557.999999999	0.0772539011644	557.999999999	0.0760800267887
2.2379817148	0.0770395818924	2.2379817148	0.0755564139122	554.0	0.0770395818924	554.0	0.0755564139122
2.25425794545	0.0784494305977	2.25425794545	0.0766992944735	550.000000001	0.0784494305977	550.000000001	0.0766992944735
2.27077265568	0.0805591449511	2.27077265568	0.0799541945728	545.999999999	0.0805591449511	545.999999999	0.0799541945728
2.28753112546	0.0827917535643	2.28753112546	0.0816051854143	542.0	0.0827917535643	542.0	0.0816051854143
2.30453879182	0.0822590621282	2.30453879182	0.0801578673342	538.0	0.0822590621282	538.0	0.0801578673342
2.32180125468	0.0821607873279	2.32180125468	0.0805480376976	534.0	0.0821607873279	534.0	0.0805480376976
2.33491877589	0.0846663965219	2.33491877589	0.0828455133806	531.000000001	0.0846663965219	531.000000001	0.0828455133806
2.35264111954	0.0929189890208	2.35264111954	0.0915468404218	527.000000001	0.0929189890208	527.000000001	0.0915468404218
2.36611043893	0.094332859396	2.36611043893	0.0932711484957	524.0	0.094332859396	524.0	0.0932711484957
2.38431128846	0.0983704843625	2.38431128846	0.097630351615	520.0	0.0983704843625	520.0	0.097630351615
2.40279432171	0.104155715165	2.40279432171	0.103898515709	515.999999999	0.104155715165	515.999999999	0.103898515709
2.41684575049	0.10569532457	2.41684575049	0.104398052989	512.999999999	0.10569532457	512.999999999	0.104398052989
2.4310624902	0.102143962202	2.4310624902	0.100194020396	509.999999999	0.102143962202	509.999999999	0.100194020396
2.45028037549	0.101370169757	2.45028037549	0.0998096098457	506.000000001	0.101370169757	506.000000001	0.0998096098457
2.46489437376	0.106772122672	2.46489437376	0.104999789694	502.999999999	0.106772122672	502.999999999	0.104999789694
2.47968374	0.113528485418	2.47968374	0.111987487106	500.0	0.113528485418	500.0	0.111987487106
2.4946516499	0.114604608903	2.4946516499	0.114332671173	497.0	0.114604608903	497.0	0.114332671173
2.50980135628	0.116170858989	2.50980135628	0.114855872951	493.999999999	0.116170858989	493.999999999	0.114855872951
2.52513619145	0.120832105482	2.52513619145	0.118515744209	490.999999999	0.120832105482	490.999999999	0.118515744209
2.54065956967	0.124800512836	2.54065956967	0.123914444739	488.0	0.124800512836	488.0	0.123914444739
2.55637498969	0.12933738551	2.55637498969	0.128498691908	485.0	0.12933738551	485.0	0.128498691908
2.57228603734	0.134000771412	2.57228603734	0.131855467334	482.000000001	0.134000771412	482.000000001	0.131855467334
2.58839638831	0.137234303949	2.58839638831	0.135783251084	479.0	0.137234303949	479.0	0.135783251084
2.60470981092	0.144511140743	2.60470981092	0.143575670423	476.000000001	0.144511140743	476.000000001	0.143575670423
2.62123016913	0.153198123394	2.62123016913	0.152377840083	473.000000001	0.153198123394	473.000000001	0.152377840083
2.63236065817	0.152436188944	2.63236065817	0.151685967948	471.000000001	0.152436188944	471.000000001	0.151685967948
2.64923476496	0.153753465326	2.64923476496	0.1519044271	468.0	0.153753465326	468.0	0.1519044271
2.66632660215	0.158065192226	2.66632660215	0.15606032334	465.0	0.158065192226	465.0	0.15606032334
2.67784421166	0.162470938705	2.67784421166	0.160313518103	463.000000001	0.162470938705	463.000000001	0.160313518103
2.69530841304	0.174962909755	2.69530841304	0.173732918402	460.000000001	0.174962909755	460.000000001	0.173732918402
2.70707831878	0.179282633579	2.70707831878	0.179210416043	458.0	0.179282633579	458.0	0.179210416043
2.72492718681	0.189041455509	2.72492718681	0.188101994601	455.000000001	0.189041455509	455.000000001	0.188101994601
2.73695777042	0.192005027807	2.73695777042	0.189527872225	453.0	0.192005027807	453.0	0.189527872225
2.75520415556	0.201605097566	2.75520415556	0.198853651089	449.999999999	0.201605097566	449.999999999	0.198853651089
2.76750417411	0.212113215467	2.76750417411	0.210428144147	448.0	0.212113215467	448.0	0.210428144147
2.77991450673	0.227151357783	2.77991450673	0.226494174815	445.999999999	0.227151357783	445.999999999	0.226494174815
2.79243664414	0.238852706421	2.79243664414	0.238780269404	444.000000001	0.238852706421	444.000000001	0.238780269404
2.81143281179	0.251624352418	2.81143281179	0.250590885013	441.0	0.251624352418	441.0	0.250590885013
2.82424116173	0.257124128084	2.82424116173	0.255988485235	439.0	0.257124128084	439.0	0.255988485235
2.83716675057	0.27006321965	2.83716675057	0.267269728506	437.0	0.27006321965	437.0	0.267269728506
2.8502111954	0.2812446796	2.8502111954	0.280011059442	435.0	0.2812446796	435.0	0.280011059442
2.86337614319	0.294257381571	2.86337614319	0.294133969481	433.0	0.294257381571	433.0	0.294133969481
2.87666327146	0.31071336253	2.87666327146	0.308395740737	431.0	0.31071336253	431.0	0.308395740737
2.89682679907	0.334876694812	2.89682679907	0.332811489322	427.999999999	0.334876694812	427.999999999	0.332811489322
2.91042692488	0.350131828016	2.91042692488	0.349133807645	426.0	0.350131828016	426.0	0.349133807645
2.92415535377	0.371729087128	2.92415535377	0.370584775972	424.000000001	0.371729087128	424.000000001	0.370584775972
2.93106825059	0.379392764314	2.93106825059	0.377872118268	423.0	0.379392764314	423.0	0.377872118268
2.95200445238	0.412352700354	2.95200445238	0.41202008931	420.0	0.412352700354	420.0	0.41202008931
2.95904980907	0.421096501936	2.95904980907	0.419454192801	419.0	0.421096501936	419.0	0.419454192801
2.97324189448	0.446986562453	2.97324189448	0.44485062773	417.000000001	0.446986562453	417.000000001	0.44485062773
2.98757077108	0.474003819693	2.98757077108	0.474286695179	415.000000001	0.474003819693	415.000000001	0.474286695179
3.00203842615	0.507482769702	3.00203842615	0.505946388608	413.0	0.507482769702	413.0	0.505946388608
3.01664688564	0.538370997613	3.01664688564	0.535601693703	411.000000001	0.538370997613	411.000000001	0.535601693703
3.03139821516	0.572826602539	3.03139821516	0.570913534509	409.0	0.572826602539	409.0	0.570913534509
3.03882811275	0.592691597624	3.03882811275	0.591237084236	407.999999999	0.592691597624	407.999999999	0.591237084236
3.05379770936	0.648151220146	3.05379770936	0.647745147634	406.0	0.648151220146	406.0	0.647745147634
3.06133795062	0.669361112785	3.06133795062	0.670083269831	405.0	0.669361112785	405.0	0.670083269831
3.08418375622	0.737937452569	3.08418375622	0.737712211722	402.0	0.737937452569	402.0	0.737712211722
3.09187498753	0.7640201367	3.09187498753	0.758905147386	401.0	0.7640201367	401.0	0.758905147386
3.10737310777	0.835339262125	3.10737310777	0.830890370938	399.0	0.835339262125	399.0	0.830890370938
3.00932492718	0.541076960711	3.00932492718	0.540455740914	412.0	0.541076960711	412.0	0.540455740914
3.01664688564	0.532612317476	3.01664688564	0.531981211244	411.0	0.532612317476	411.0	0.531981211244
3.02400456098	0.609438325614	3.02400456098	0.60888606021	410.0	0.609438325614	410.0	0.60888606021
3.03139821516	0.625676307828	3.03139821516	0.625140025779	409.0	0.625676307828	409.0	0.625140025779
3.03882811275	0.592849442499	3.03882811275	0.592278454129	408.0	0.592849442499	408.0	0.592278454129
3.04629452088	0.642549761455	3.04629452088	0.642029507268	407.0	0.642549761455	407.0	0.642029507268
3.05379770936	0.699551188668	3.05379770936	0.699089552789	406.0	0.699551188668	406.0	0.699089552789
3.06133795062	0.678138632409	3.06133795062	0.677653753056	405.0	0.678138632409	405.0	0.677653753056
3.0689155198	0.691121276642	3.0689155198	0.69064894556	404.0	0.691121276642	404.0	0.69064894556
3.07653069479	0.764340695513	3.07653069479	0.763944695432	403.0	0.764340695513	403.0	0.763944695432
3.08418375622	0.773792691578	3.08418375622	0.773406028618	402.0	0.773792691578	402.0	0.773406028618
3.09187498753	0.768809310168	3.09187498753	0.768416490679	401.0	0.768809310168	401.0	0.768416490679
3.099604675	0.835965077203	3.099604675	0.835642738101	400.0	0.835965077203	400.0	0.835642738101
3.10737310777	0.875271113154	3.10737310777	0.874990000875	399.0	0.875271113154	399.0	0.874990000875
3.11518057789	0.872126486502	3.11518057789	0.871841035698	398.0	0.872126486502	398.0	0.871841035698
3.12302738035	0.932243631044	3.12302738035	0.932021477898	397.0	0.932243631044	397.0	0.932021477898
3.13091381313	0.988362899785	3.13091381313	0.988201715953	396.0	0.988362899785	396.0	0.988201715953
3.13884017722	0.995752311959	3.13884017722	0.995597051438	395.0	0.995752311959	395.0	0.995597051438
3.14680677665	1.05491318393	3.14680677665	1.05482145837	394.0	1.05491318393	394.0	1.05482145837
3.15481391858	1.1192688284	3.15481391858	1.1192466596	393.0	1.1192688284	393.0	1.1192466596
3.16286191327	1.1407207738	3.16286191327	1.14072171992	392.0	1.1407207738	392.0	1.14072171992
3.17095107417	1.20746731838	3.17095107417	1.20754041404	391.0	1.20746731838	391.0	1.20754041404
3.17908171795	1.27716643133	3.17908171795	1.27731681557	390.0	1.27716643133	390.0	1.27731681557
3.18725416452	1.31465308686	3.18725416452	1.31484365014	389.0	1.31465308686	389.0	1.31484365014
3.19546873711	1.39523067152	3.19546873711	1.39551041249	388.0	1.39523067152	388.0	1.39551041249
3.20372576227	1.4674612624	3.20372576227	1.46782070303	387.0	1.4674612624	387.0	1.46782070303
3.21202556995	1.52505138029	3.21202556995	1.52547557103	386.0	1.52505138029	386.0	1.52547557103
3.22036849351	1.61716166395	3.22036849351	1.61768939666	385.0	1.61716166395	385.0	1.61768939666
3.22875486979	1.69428092615	3.22875486979	1.69489467619	384.0	1.69428092615	384.0	1.69489467619
3.23718503916	1.77268676508	3.23718503916	1.77338892065	383.0	1.77268676508	383.0	1.77338892065
3.24565934555	1.87604228287	3.24565934555	1.876862257	382.0	1.87604228287	382.0	1.876862257
3.25417813648	1.96482194033	3.25417813648	1.96574313344	381.0	1.96482194033	381.0	1.96574313344
3.26274176316	2.06849114588	3.26274176316	2.06953105995	380.0	2.06849114588	380.0	2.06953105995
3.27135058047	2.18595184698	3.27135058047	2.18712668235	379.0	2.18595184698	379.0	2.18712668235
3.28000494709	2.29922428617	3.28000494709	2.30052877365	378.0	2.29922428617	378.0	2.30052877365
3.28870522546	2.43229307214	3.28870522546	2.43375095486	377.0	2.43229307214	377.0	2.43375095486
3.29745178191	2.56740928049	3.29745178191	2.56902365249	376.0	2.56740928049	376.0	2.56902365249
3.30624498667	2.71160182478	3.30624498667	2.71338411369	375.0	2.71160182478	375.0	2.71338411369
3.3150852139	2.86544639852	3.3150852139	2.86740739206	374.0	2.86544639852	374.0	2.86740739206
3.32397284182	3.02315986775	3.32397284182	3.0253046806	373.0	3.02315986775	373.0	3.0253046806
3.33290825269	3.19604744946	3.33290825269	3.198393709	372.0	3.19604744946	372.0	3.198393709
3.34189183288	3.37761196646	3.34189183288	3.38017080169	371.0	3.37761196646	371.0	3.38017080169
3.35092397297	3.57423562712	3.35092397297	3.5770243609	370.0	3.57423562712	370.0	3.5770243609
3.36000506775	3.78123314958	3.36000506775	3.78426461838	369.0	3.78123314958	369.0	3.78426461838
3.3691355163	4.00238156562	3.3691355163	4.00567271545	368.0	4.00238156562	368.0	4.00567271545
3.37831572207	4.23285067492	3.37831572207	4.23641351701	367.0	4.23285067492	367.0	4.23641351701
3.3875460929	4.4729940575	3.3875460929	4.47683756577	366.0	4.4729940575	366.0	4.47683756577
3.3968270411	4.72259359084	3.3968270411	4.72673027372	365.0	4.72259359084	365.0	4.72673027372
3.40615898352	4.98301119646	3.40615898352	4.98745390548	364.0	4.98301119646	364.0	4.98745390548
3.4155423416	5.24726158852	3.4155423416	5.25201568552	363.0	5.24726158852	363.0	5.25201568552
3.42497754144	5.52796766147	3.42497754144	5.53305233736	362.0	5.52796766147	362.0	5.53305233736
3.43446501385	5.80972289122	3.43446501385	5.81513814916	361.0	5.80972289122	361.0	5.81513814916
3.44400519444	6.10114395405	3.44400519444	6.10690170362	360.0	6.10114395405	360.0	6.10690170362
3.45359852368	6.36986196767	3.45359852368	6.37592974068	359.0	6.36986196767	359.0	6.37592974068
3.46324544693	6.65829458993	3.46324544693	6.66470204173	358.0	6.65829458993	358.0	6.66470204173
3.47294641457	6.94847760856	3.47294641457	6.95522693991	357.0	6.94847760856	357.0	6.95522693991
3.48270188202	7.21813998789	3.48270188202	7.22520705936	356.0	7.21813998789	356.0	7.22520705936
3.49251230986	7.46930196696	3.49251230986	7.47666374685	355.0	7.46930196696	355.0	7.47666374685
3.50237816384	7.70313835371	3.50237816384	7.71077456998	354.0	7.70313835371	354.0	7.71077456998
3.51229991501	7.87289053347	3.51229991501	7.88072567843	353.0	7.87289053347	353.0	7.88072567843
3.52227803977	8.03311824399	3.52227803977	8.04114145088	352.0	8.03311824399	352.0	8.04114145088
3.53231301994	8.15966481961	3.53231301994	8.1678350291	351.0	8.15966481961	351.0	8.1678350291
3.54240534286	8.22914295631	3.54240534286	8.23739376444	350.0	8.22914295631	350.0	8.23739376444
3.55255550143	8.2965427235	3.55255550143	8.3048715833	349.0	8.2965427235	349.0	8.3048715833
3.56276399425	8.32217119737	3.56276399425	8.33052867964	348.0	8.32217119737	348.0	8.33052867964
3.57303132565	8.32738215277	3.57303132565	8.33574348651	347.0	8.32738215277	347.0	8.33574348651
3.58335800578	8.35714977366	3.58335800578	8.36554438106	346.0	8.35714977366	346.0	8.36554438106
3.59374455072	8.37881077677	3.59374455072	8.38722855003	345.0	8.37881077677	345.0	8.38722855003
3.60419148256	8.35553356757	3.60419148256	8.36392134388	344.0	8.35553356757	344.0	8.36392134388
3.61469932945	8.35502639471	3.61469932945	8.36341199646	343.0	8.35502639471	343.0	8.36341199646
3.62526862573	8.34169532989	3.62526862573	8.35006328449	342.0	8.34169532989	342.0	8.35006328449
3.63589991202	8.32980119359	3.63589991202	8.33815231778	341.0	8.32980119359	341.0	8.33815231778
3.64659373529	8.35054564197	3.64659373529	8.35891893095	340.0	8.35054564197	340.0	8.35891893095
3.65735064897	8.35471898854	3.65735064897	8.36309537864	339.0	8.35471898854	339.0	8.36309537864
3.66817121302	8.33563911782	3.66817121302	8.34399095768	338.0	8.33563911782	338.0	8.34399095768
3.67905599407	8.36541050042	3.67905599407	8.37379530645	337.0	8.36541050042	337.0	8.37379530645
3.69000556548	8.33879217245	3.69000556548	8.34714322733	336.0	8.33879217245	336.0	8.34714322733
3.70102050746	8.33724477408	3.70102050746	8.34559104431	335.0	8.33724477408	335.0	8.34559104431
3.71210140719	8.29894950893	3.71210140719	8.30724743151	334.0	8.29894950893	334.0	8.30724743151
3.72324885886	8.34430241676	3.72324885886	8.35265348314	333.0	8.34430241676	333.0	8.35265348314
3.73446346386	8.34362217056	3.73446346386	8.35196967241	332.0	8.34362217056	332.0	8.35196967241
3.74574583082	8.29977721512	3.74574583082	8.3080695049	331.0	8.29977721512	331.0	8.3080695049
3.75709657576	8.32987947976	3.75709657576	8.33820584111	330.0	8.32987947976	330.0	8.33820584111
3.76851632219	8.31172890784	3.76851632219	8.32003077921	329.0	8.31172890784	329.0	8.32003077921
3.78000570122	8.29878150918	3.78000570122	8.30706591085	328.0	8.29878150918	328.0	8.30706591085
3.79156535168	8.32359064906	3.79156535168	8.3319021004	327.0	8.32359064906	327.0	8.3319021004
3.80319592025	8.31274668449	3.80319592025	8.32104335654	326.0	8.31274668449	326.0	8.32104335654
3.81489806154	8.29367153051	3.81489806154	8.30194197573	325.0	8.29367153051	325.0	8.30194197573
3.82667243827	8.3195760195	3.82667243827	8.32787513865	324.0	8.3195760195	324.0	8.32787513865
3.83851972136	8.29209751597	3.83851972136	8.30036153637	323.0	8.29209751597	323.0	8.30036153637
3.85044059006	8.28520854659	3.85044059006	8.29346158152	322.0	8.28520854659	322.0	8.29346158152
3.86243573209	8.26698492881	3.86243573209	8.27521392971	321.0	8.26698492881	321.0	8.27521392971
3.87450584375	8.29700272299	3.87450584375	8.30526433508	320.0	8.29700272299	320.0	8.30526433508
3.88665163009	8.27727023748	3.88665163009	8.2855054475	319.0	8.27727023748	319.0	8.2855054475
3.89887380503	8.28042525678	3.89887380503	8.28866142717	318.0	8.28042525678	318.0	8.28866142717
3.91117309148	8.27910306692	3.91117309148	8.28733468675	317.0	8.27910306692	317.0	8.28733468675
3.92355022152	8.26296066067	3.92355022152	8.27117135919	316.0	8.26296066067	316.0	8.27117135919
3.93600593651	8.26594393046	3.93600593651	8.27415527531	315.0	8.26594393046	315.0	8.27415527531
3.94854098726	8.27790831143	3.94854098726	8.2861311967	314.0	8.27790831143	314.0	8.2861311967
3.96115613419	8.26829867155	3.96115613419	8.27650664786	313.0	8.26829867155	313.0	8.27650664786
3.97385214744	8.27102507422	3.97385214744	8.27923347015	312.0	8.27102507422	312.0	8.27923347015
3.98662980707	8.25328463152	3.98662980707	8.26146885338	311.0	8.25328463152	311.0	8.26146885338
3.99948990323	8.24225250956	3.99948990323	8.25042101088	310.0	8.24225250956	310.0	8.25042101088
4.01243323625	8.24861779128	4.01243323625	8.25679099099	309.0	8.24861779128	309.0	8.25679099099
4.02546061688	8.23620065056	4.02546061688	8.24435702272	308.0	8.23620065056	308.0	8.24435702272
4.03857286645	8.24102741624	4.03857286645	8.24918611538	307.0	8.24102741624	307.0	8.24918611538
4.05177081699	8.25318283926	4.05177081699	8.26135269452	306.0	8.25318283926	306.0	8.26135269452
4.06505531148	8.23874083043	4.06505531148	8.24688958476	305.0	8.23874083043	305.0	8.24688958476
4.07842720395	8.23429943806	4.07842720395	8.24244051873	304.0	8.23429943806	304.0	8.24244051873
4.09188735974	8.23916878693	4.09188735974	8.24731200847	303.0	8.23916878693	303.0	8.24731200847
4.10543665563	8.20579478322	4.10543665563	8.21389494886	302.0	8.20579478322	302.0	8.21389494886
4.11907598007	8.20766242527	4.11907598007	8.21576209169	301.0	8.20766242527	301.0	8.21576209169
4.13280623333	8.24082434913	4.13280623333	8.24895967752	300.0	8.24082434913	300.0	8.24895967752
4.14662832776	8.20989503183	4.14662832776	8.21799059528	299.0	8.20989503183	299.0	8.21799059528
4.16054318792	8.21927691404	4.16054318792	8.22738030925	298.0	8.21927691404	298.0	8.22738030925
4.17455175084	8.22585325779	4.17455175084	8.23396091362	297.0	8.22585325779	297.0	8.23396091362
4.18865496622	8.19520600349	4.18865496622	8.20327409907	296.0	8.19520600349	296.0	8.20327409907
4.20285379661	8.19389791685	4.20285379661	8.20196023787	295.0	8.19389791685	295.0	8.20196023787
4.21714921769	8.200228767	4.21714921769	8.2082948232	294.0	8.200228767	294.0	8.2082948232
4.23154221843	8.17437166864	4.23154221843	8.18240358798	293.0	8.17437166864	293.0	8.18240358798
4.24603380137	8.17888514218	4.24603380137	8.18691913835	292.0	8.17888514218	292.0	8.18691913835
4.26062498282	8.17723974306	4.26062498282	8.18526855331	291.0	8.17723974306	291.0	8.18526855331
4.2753167931	8.18611233435	4.2753167931	8.194147183	290.0	8.18611233435	290.0	8.194147183
4.29011027682	8.1403446211	4.29011027682	8.14832235448	289.0	8.1403446211	289.0	8.14832235448
4.30500649306	8.14528313665	4.30500649306	8.15326274461	288.0	8.14528313665	288.0	8.15326274461
4.32000651568	8.16207767489	4.32000651568	8.17007379942	287.0	8.16207767489	287.0	8.17007379942
4.33511143357	8.16072972848	4.33511143357	8.16872155377	286.0	8.16072972848	286.0	8.16872155377
4.35032235088	8.13323392957	4.35032235088	8.14118835336	285.0	8.13323392957	285.0	8.14118835336
4.36564038732	8.15002250982	4.36564038732	8.15799273769	284.0	8.15002250982	284.0	8.15799273769
4.38106667845	8.13879104124	4.38106667845	8.14674409458	283.0	8.13879104124	283.0	8.14674409458
4.39660237589	8.1379143507	4.39660237589	8.1458617717	282.0	8.1379143507	282.0	8.1458617717
4.41224864769	8.11653332917	4.41224864769	8.12445156551	281.0	8.11653332917	281.0	8.12445156551
4.42800667857	8.14045226911	4.42800667857	8.14839473584	280.0	8.14045226911	280.0	8.14839473584
4.44387767025	8.11183544094	4.44387767025	8.11973967007	279.0	8.11183544094	279.0	8.11973967007
4.45986284173	8.08433184058	4.45986284173	8.09219928705	278.0	8.08433184058	278.0	8.09219928705
4.4759634296	8.11169622735	4.4759634296	8.11959262647	277.0	8.11169622735	277.0	8.11959262647
4.49218068841	8.1078236671	4.49218068841	8.11571073608	276.0	8.1078236671	276.0	8.11571073608
4.50851589091	8.09851963871	4.50851589091	8.10639070782	275.0	8.09851963871	275.0	8.10639070782
4.52497032847	8.08892471236	4.52497032847	8.09678070592	274.0	8.08892471236	274.0	8.09678070592
4.54154531136	8.09566453176	4.54154531136	8.10352384063	273.0	8.09566453176	273.0	8.10352384063
4.55824216912	8.07738965792	4.55824216912	8.08522210833	272.0	8.07738965792	272.0	8.08522210833
4.57506225092	8.05658518977	4.57506225092	8.0643893185	271.0	8.05658518977	271.0	8.0643893185
4.59200692593	8.04545670845	4.59200692593	8.05324304412	270.0	8.04545670845	270.0	8.05324304412
4.60907758364	8.04197480536	4.60907758364	8.04975275584	269.0	8.04197480536	269.0	8.04975275584
4.62627563433	8.04312072545	4.62627563433	8.0508940277	268.0	8.04312072545	268.0	8.0508940277
4.64360250936	8.02514028827	4.64360250936	8.03288821847	267.0	8.02514028827	267.0	8.03288821847
4.66105966165	8.01921406401	4.66105966165	8.02695009147	266.0	8.01921406401	266.0	8.02695009147
4.67864856604	8.00993757353	4.67864856604	8.01765724026	265.0	8.00993757353	265.0	8.01765724026
4.6963707197	8.00301496667	4.6963707197	8.01072029465	264.0	8.00301496667	264.0	8.01072029465
4.71422764259	7.97595866004	4.71422764259	7.98362737355	263.0	7.97595866004	263.0	7.98362737355
4.73222087786	7.99499407643	4.73222087786	8.00268080821	262.0	7.99499407643	262.0	8.00268080821
4.75035199234	7.96523927078	4.75035199234	7.97288542214	261.0	7.96523927078	261.0	7.97288542214
4.76862257692	7.98157497171	4.76862257692	7.98923483072	260.0	7.98157497171	260.0	7.98923483072
4.7870342471	7.95463688583	4.7870342471	7.96225982973	259.0	7.95463688583	259.0	7.96225982973
4.80558864341	7.94333037492	4.80558864341	7.95093334921	258.0	7.94333037492	258.0	7.95093334921
4.82428743191	7.94245841783	4.82428743191	7.95005583759	257.0	7.94245841783	257.0	7.95005583759
4.84313230469	7.93733027001	4.84313230469	7.94491524266	256.0	7.93733027001	256.0	7.94491524266
4.86212498039	7.9390192659	4.86212498039	7.94660141242	255.0	7.9390192659	255.0	7.94660141242
4.88126720472	7.92954166412	4.88126720472	7.93710575319	254.0	7.92954166412	254.0	7.93710575319
4.90056075099	7.89932306185	4.90056075099	7.90684708937	253.0	7.89932306185	253.0	7.90684708937
4.92000742063	7.89712446823	4.92000742063	7.90463993227	252.0	7.89712446823	252.0	7.90463993227
4.93960904382	7.86102955051	4.93960904382	7.86849521561	251.0	7.86102955051	251.0	7.86849521561
4.95936748	7.83851119077	4.95936748	7.84594459909	250.0	7.83851119077	250.0	7.84594459909
