Column 1: Number of ignored points
Column 2: Y-axis intersept point in nm
Column 3: -m_1 index (given by l/2) in nm
Column 4: Film thickness calculated from the slope a (NOT final) in nm
Column 5: Film thickness 2nd iteration (d2 in Table 1 in Swanepoel(1983)) in nm
Column 1-5 LINEAR interp, Column 6-10 SPLINE interp
0	-2.96857455938	-3.0	1822.70326235	1837.64794881		0	-3.06773549297	-3.0	1836.65545453	1837.72665674
1	-2.84941276225	-3.0	1794.47825892	1828.86094941		1	-2.95599165012	-3.0	1814.95146957	1833.12299298
2	-2.84595831235	-3.0	1793.87852321	1829.2930939		2	-2.85179648797	-3.0	1794.75701512	1829.2276469
3	-2.77697305615	-3.0	1781.05305085	1827.56368361		3	-2.78917969143	-3.0	1783.19736323	1827.75900452
4	-2.73665281764	-2.5	1773.63755145	1734.13980448		4	-2.75182723424	-3.0	1776.34395598	1827.32906943
5	-2.72625594789	-2.5	1771.73275728	1733.34509626		5	-2.72331016158	-2.5	1771.05746602	1733.0779935
6	-2.6804651302	-2.5	1762.98213195	1731.42744899		6	-2.69375582367	-2.5	1765.47973015	1731.71491122
7	-2.67033470776	-2.5	1761.06061207	1730.71196349		7	-2.66603958449	-2.5	1760.16323981	1730.44032976
8	-2.6398844032	-2.5	1755.10308651	1729.37054566		8	-2.64735905025	-2.5	1756.5369132	1729.48008035
9	-2.64167080459	-2.5	1755.45213693	1729.04447355		9	-2.63584785098	-2.5	1754.27097103	1728.75548348
10	-2.62071751748	-2.5	1751.22581	1728.02336558		10	-2.62537928067	-2.5	1752.17268008	1728.06952047
11	-2.61699096581	-2.5	1750.46732934	1727.55878704		11	-2.61542148883	-2.5	1750.13894313	1727.40546474
12	-2.60457116327	-2.5	1747.87732833	1726.82356042		12	-2.6076866792	-2.5	1748.5301581	1726.81586095
13	-2.60022187322	-2.5	1746.95620429	1726.35139664		13	-2.59954518483	-2.5	1746.80240221	1726.21640304
14	-2.58598267398	-2.5	1743.86210794	1725.56203912		14	-2.58771104025	-2.5	1744.23435525	1725.50370771
15	-2.5760156222	-2.5	1741.65612234	1724.93184503		15	-2.57612445997	-2.5	1741.66771319	1724.81269858
16	-2.56691999044	-2.5	1739.60078536	1724.34150268		16	-2.56806138969	-2.5	1739.84669912	1724.25230575
17	-2.56157252786	-2.5	1738.36824801	1723.88522725		17	-2.56196399676	-2.5	1738.44080032	1723.76430505
18	-2.55507026405	-2.5	1736.83497103	1723.39240249		18	-2.55640252874	-2.5	1737.12999461	1723.29765039
19	-2.54900119725	-2.5	1735.37121762	1722.92004084		19	-2.54995026695	-2.5	1735.5735622	1722.80359788
20	-2.5436240412	-2.5	1734.04419433	1722.47693422		20	-2.54496846833	-2.5	1734.34436382	1722.36624789
21	-2.53980608132	-2.5	1733.07987269	1722.09224266		21	-2.54068521596	-2.5	1733.26232057	1721.95563846
22	-2.53315457371	-2.5	1731.35600613	1721.60667128		22	-2.53431592641	-2.5	1731.61185711	1721.47168964
23	-2.52892245895	-2.5	1730.23246808	1721.21900452		23	-2.52982179141	-2.5	1730.41866428	1721.06436503
24	-2.52780858347	-2.5	1729.92942224	1720.94697575		24	-2.52918138716	-2.5	1730.24447385	1720.79962969
25	-2.52660960542	-2.5	1729.59444144	1720.66174909		25	-2.52795738164	-2.5	1729.90251263	1720.50076751
26	-2.52520895081	-2.5	1729.19226956	1720.35831384		26	-2.52678527932	-2.5	1729.56601256	1720.19238835
27	-2.52445838616	-2.5	1728.97068772	1720.06868208		27	-2.52594400653	-2.5	1729.3176583	1719.88361899
28	-2.52632781948	-2.5	1729.53820256	1719.86373402		28	-2.52796980286	-2.5	1729.93256558	1719.6682518
29	-2.53070582954	-2.5	1730.90620887	1719.72264777		29	-2.53239410262	-2.5	1731.31490861	1719.51027188
30	-2.53578486271	-2.5	1732.54230037	1719.55596776		30	-2.53816614659	-2.5	1733.17366598	1719.3498588
31	-2.54548154594	-2.5	1735.76169375	1719.50347135		31	-2.54724694242	-2.5	1736.18882184	1719.24619266
32	-2.5601976981	-2.5	1740.80275714	1719.53505112		32	-2.56117434086	-2.5	1740.96017558	1719.22269131
33	-2.58328211899	-2.5	1748.96458809	1719.71682244		33	-2.58611883907	-2.5	1749.77458717	1719.45365515
34	-2.62710229217	-2.5	1764.93582551	1720.38437478		34	-2.63072876456	-2.5	1766.02880247	1720.1083379
35	-2.6397788362	-2.5	1769.7570971	1719.35849666		35	-2.64475105345	-2.5	1771.35940953	1719.08381953
36	-2.64400516278	-2.5	1771.42767521	1717.71784049		36	-2.6521060194	-2.5	1774.26415166	1717.49861322
37	-2.64819047052	-2.5	1773.14614585	1715.85430535		37	-2.65384098096	-2.5	1774.97664632	1715.4189359
38	-2.64721794404	-2.5	1772.73038461	1713.52072108		38	-2.65280056138	-2.5	1774.53201105	1712.98809563
39	-2.64907044656	-2.5	1773.55511697	1711.07417487		39	-2.65691102167	-2.5	1776.36060456	1710.52767624
40	-2.66218778855	-2.5	1779.64126601	1708.74732821		40	-2.67135685772	-2.5	1783.05868428	1708.09454621
41	-2.68935215735	-2.5	1792.80260956	1706.31659152		41	-2.70385071746	-2.5	1798.78420585	1705.64832707
42	-2.71441137917	-2.5	1805.52757367	1702.7218857		42	-2.74113933426	-2.5	1817.68537489	1702.11572154
43	-2.74226920073	-2.5	1820.37549834	1697.8919732		43	-2.78475614266	-3.0	1840.88321441	1949.18149759
44	-2.79060690301	-3.0	1847.45288684	1959.43395662		44	-2.83216759571	-3.0	1867.39504848	1956.93411455
45	-2.7847123176	-3.0	1843.9668825	1966.56508671		45	-2.85532216513	-3.0	1881.0428197	1963.19783338
