Column 1-2 and 5-6: raw data (x,y), Column 3-4 and 7-8 fitted line (x,y)
x = n/lambda [*1e-3 in 1/nm], y = l/2 [arb. units] where l=0,1,2...
x(lin)		y(lin)	x(lin)		y(lin)		x(spl)		y(spl)	x(spl)		y(spl) 
0.523346966947	0.0	0.0	-7.96615851758		0.53616028153	0.0	0.0	-7.97538415593
0.520113731697	0.5	0.504655745429	1.1903123433		0.512915141733	0.5	0.50932132761	1.26916085003
0.504655745429	1.0	0.520113731697	1.47078195472		0.50932132761	1.0	0.512915141733	1.33439113707
0.521897868078	1.5	0.521897868078	1.50315331467		0.518315058198	1.5	0.518315058198	1.43240346855
0.535077547807	2.0	0.523346966947	1.52944575599		0.536221164098	2.0	0.53616028153	1.75630698739
0.560201736913	2.5	0.535077547807	1.74228534573		0.559226357193	2.5	0.536221164098	1.75741204938
0.585273200913	3.0	0.560201736913	2.19813848431		0.585511434216	3.0	0.559226357193	2.17497269608
0.612419571905	3.5	0.585273200913	2.65303497887		0.612281609076	3.5	0.585511434216	2.65206557313
0.640905658719	4.0	0.612419571905	3.14557857363		0.641099731838	4.0	0.612281609076	3.13796332154
0.667468010336	4.5	0.640905658719	3.66242996433		0.667264334677	4.5	0.641099731838	3.66103278363
0.693713457871	5.0	0.667468010336	4.14437711501		0.693380541142	5.0	0.667264334677	4.13593896839
0.721317478036	5.5	0.693713457871	4.62057435988		0.721405704333	5.5	0.693380541142	4.60996672446
0.754055854478	6.0	0.721317478036	5.12142153851		0.754847159475	6.0	0.721405704333	5.11864340533
0.779282955585	6.5	0.754055854478	5.71542644709		0.779376028527	6.5	0.754847159475	5.7256296444
0.807033878963	7.0	0.779282955585	6.17314682039		0.803709463674	7.0	0.779376028527	6.17084609539
0.834253258113	7.5	0.807033878963	6.67665941007		0.834401080895	7.5	0.803709463674	6.61251528176
0.873812281814	8.0	0.834253258113	7.17052766441		0.876742511959	8.0	0.834401080895	7.16959000321
0.912921355307	8.5	0.873812281814	7.88828635651		0.912428591384	8.5	0.876742511959	7.93811714681
0.937234970158	9.0	0.912921355307	8.59788115471		0.934616327849	9.0	0.912428591384	8.585844916
0.956854749114	9.5	0.937234970158	9.03902723879		0.956164185716	9.5	0.934616327849	8.98856814239
1.01148850751	10.0	0.956854749114	9.39500839214		1.01346012976	10.0	0.956164185716	9.37967711632
1.05386509337	10.5	1.01148850751	10.3862829814		1.05419730483	10.5	1.01346012976	10.4196393261
1.06973717733	11.0	1.05386509337	11.1551635047		1.07537181607	11.0	1.05419730483	11.1590480803
1.07186552305	11.5	1.06973717733	11.4431465022		1.07188251743	11.5	1.07188251743	11.4800472903
1.0996797691	12.0	1.07186552305	11.4817631943		1.09232922852	12.0	1.07537181607	11.543380547
1.12932114656	12.5	1.0996797691	11.9864247102		1.12884515377	12.5	1.09232922852	11.8511696657
1.15536615149	13.0	1.12932114656	12.5242376876		1.15825516802	13.0	1.12884515377	12.5139597278
1.18450801806	13.5	1.15536615149	12.9967981029		1.18381571043	13.5	1.15825516802	13.0477724423
1.21209621066	14.0	1.18450801806	13.5255479577		1.21175379568	14.0	1.18381571043	13.5117144999
1.23769286429	14.5	1.21209621066	14.0261079612		1.23798587052	14.5	1.21175379568	14.0188106541
1.26718610411	15.0	1.23769286429	14.4905334933		1.26652312147	15.0	1.23798587052	14.4949415037
1.29146320839	15.5	1.26718610411	15.025658662		1.29265147772	15.5	1.26652312147	15.0129129423
1.32055126475	16.0	1.29146320839	15.4661422986		1.31916038628	16.0	1.29265147772	15.4871612256
1.3449595469	16.5	1.32055126475	15.9939158211		1.34598174941	16.5	1.31916038628	15.9683168045
1.37533187084	17.0	1.3449595469	16.4367795482		1.3743454494	17.0	1.34598174941	16.4551436565
1.40212452896	17.5	1.37533187084	16.9878548142		1.40292127041	17.5	1.3743454494	16.9699650214
1.43025726299	18.0	1.40212452896	17.4739806447		1.42995718818	18.0	1.40292127041	17.4886365341
1.45634985612	18.5	1.43025726299	17.9844208046		1.45655293797	18.5	1.42995718818	17.9793577057
1.48323614805	19.0	1.45634985612	18.4578446601		1.48296487376	19.0	1.45655293797	18.4620895148
1.51308439297	19.5	1.48323614805	18.9456693818		1.51237311418	19.5	1.48296487376	18.9414849688
1.54137003582	20.0	1.51308439297	19.4872357611		1.54231358529	20.0	1.51237311418	19.4752654869
1.56997884605	20.5	1.54137003582	20.0004502977		1.57001276343	20.5	1.54231358529	20.0187063711
1.59917762841	21.0	1.56997884605	20.5195283813		1.59923138186	21.0	1.57001276343	20.521466191
1.62865585157	21.5	1.59917762841	21.0493109158		1.62868377234	21.5	1.59923138186	21.0518049349
1.64791166998	22.0	1.62865585157	21.5841636225		1.64760231217	22.0	1.62868377234	21.5863868081
1.67666094785	22.5	1.64791166998	21.9335410778		1.67613378793	22.5	1.64760231217	21.929771786
1.7038910736	23.0	1.67666094785	22.4551678056		1.70513497187	23.0	1.67613378793	22.4476384009
1.72957432879	23.5	1.7038910736	22.9492310462		1.72906886535	23.5	1.70513497187	22.9740305538
1.75418770044	24.0	1.72957432879	23.4152278765		1.75380336307	24.0	1.72906886535	23.4084477741
1.78050465344	24.5	1.75418770044	23.8618127461		1.78042699256	24.5	1.75380336307	23.857396532
1.81023033541	25.0	1.78050465344	24.3393073857		1.81007806537	25.0	1.78042699256	24.3406343775
1.83792731402	25.5	1.81023033541	24.8786499836		1.83822228862	25.5	1.81007806537	24.8788224766
1.86421495405	26.0	1.83792731402	25.3811837997		1.86468831791	26.0	1.83822228862	25.3896601822
1.8928411634	26.5	1.86421495405	25.858146585		1.89278063277	26.5	1.86468831791	25.8700374719
1.91781592745	27.0	1.8928411634	26.3775403582		1.9175912526	27.0	1.89278063277	26.3799330034
1.94207921916	27.5	1.91781592745	26.8306823294		1.9419058371	27.5	1.9175912526	26.8302634317
1.96662822493	28.0	1.94207921916	27.2709153508		1.96684698447	28.0	1.9419058371	27.2715904654
1.99349631752	28.5	1.96662822493	27.7163323662		1.993447786	28.5	1.96684698447	27.7242900616
2.02048303972	29.0	1.99349631752	28.2038268794		2.02039490488	29.0	1.993447786	28.2071135634
2.04669841544	29.5	2.02048303972	28.6934738074		2.04671601049	29.5	2.02039490488	28.6962229719
2.07355634719	30.0	2.04669841544	29.1691254294		2.07335174149	30.0	2.04671601049	29.1739697936
2.09823041524	30.5	2.07355634719	29.6564355843		2.09845858803	30.5	2.07335174149	29.6574272901
2.12740057946	31.0	2.09823041524	30.104121729		2.12763534646	31.0	2.09845858803	30.1131344443
2.15485560084	31.5	2.12740057946	30.6333850162		2.1548948941	31.5	2.12763534646	30.6427133992
2.1711269381	32.0	2.15485560084	31.1315287617		2.1710454436	32.0	2.1548948941	31.1374936123
2.19869419878	32.5	2.1711269381	31.4267558087		2.19783043069	32.5	2.1710454436	31.4306375937
2.2240422825	33.0	2.19869419878	31.9269360235		2.22429190152	33.0	2.19783043069	31.9168041945
2.25243787366	33.5	2.2240422825	32.3868515046		2.25281658865	33.5	2.22429190152	32.3970987449
2.2854542812	34.0	2.25243787366	32.9020609426		2.28551279901	34.0	2.25281658865	32.9148421412
2.30757189657	34.5	2.2854542812	33.5011104458		2.30801655921	34.5	2.28551279901	33.5083016564
2.33045756943	35.0	2.30757189657	33.9024123283		2.33017474402	35.0	2.30801655921	33.9167609388
2.35655499124	35.5	2.33045756943	34.3176498413		2.35625902857	35.5	2.33017474402	34.3189477817
2.38241077092	36.0	2.35655499124	34.7911613083		2.38266732455	36.0	2.35625902857	34.7923961323
2.4032406773	36.5	2.38241077092	35.2602884221		2.40380824049	36.5	2.38266732455	35.2717255211
2.42827248957	37.0	2.4032406773	35.6382261203		2.42783425589	37.0	2.40380824049	35.655448209
2.45070552538	37.5	2.42827248957	36.0924031739		2.45060756865	37.5	2.42783425589	36.0915375081
2.47384633582	38.0	2.45070552538	36.4994280431		2.47421948234	38.0	2.45060756865	36.5048893614
2.49840527825	38.5	2.47384633582	36.9192947708		2.49791021329	38.5	2.47421948234	36.9334624193
2.52327863526	39.0	2.49840527825	37.3648920771		2.52335493356	39.0	2.49791021329	37.3634660665
2.54610378094	39.5	2.52327863526	37.8161941196		2.54661431171	39.5	2.52335493356	37.8253058696
2.57012478759	40.0	2.54610378094	38.2303334278		2.56981599428	40.0	2.54661431171	38.2474801563
2.60016692343	40.5	2.57012478759	38.6661704304		2.59987218361	40.5	2.56981599428	38.6686072268
2.61934313498	41.0	2.60016692343	39.2112547655		2.61934388706	41.0	2.59987218361	39.2141484793
2.6381535414	41.5	2.61934313498	39.5591878345		2.63729964185	41.5	2.61934388706	39.5675737712
2.66122731732	42.0	2.6381535414	39.9004837373		2.66214482786	42.0	2.63729964185	39.8934835148
2.68202047391	42.5	2.66122731732	40.3191341912		2.68652064511	42.5	2.66214482786	40.3444413441
2.70142510384	43.0	2.68202047391	40.6964051013		2.69772538474	43.0	2.68652064511	40.7868797957
2.70309138985	43.5	2.70142510384	41.0484825921		2.70267711439	43.5	2.69772538474	40.9902538037
2.72397093362	44.0	2.70309138985	41.0787156756		2.72438855047	44.0	2.70267711439	41.0801312251
2.76242314358	44.5	2.72397093362	41.4575539942		2.75768364149	44.5	2.72438855047	41.4742092602
2.78184054235	45.0	2.76242314358	42.1552306645		2.78552893419	45.0	2.75768364149	42.0785388862
2.80534273898	45.5	2.78184054235	42.5075398328		2.80708798818	45.5	2.78552893419	42.5839507895
2.83280487568	46.0	2.80534273898	42.9339635495		2.83118159772	46.0	2.80708798818	42.975262981
2.8544009629	46.5	2.83280487568	43.4322363954		2.85387518451	46.5	2.83118159772	43.4125791617
2.87164502139	47.0	2.8544009629	43.8240756743		2.87288571743	47.0	2.85387518451	43.824483932
2.90072603168	47.5	2.87164502139	44.1369517695		2.90035133525	47.5	2.87288571743	44.1695386501
2.92146234432	48.0	2.90072603168	44.6645974483		2.92127070998	48.0	2.90035133525	44.6680591839
2.94258151292	48.5	2.92146234432	45.0408369822		2.94359420809	48.5	2.92127070998	45.047760741
2.96304129056	49.0	2.94258151292	45.4240230523		2.96216580352	49.0	2.94359420809	45.452948138
2.98745784559	49.5	2.96304129056	45.7952451368		2.985967876	49.5	2.96216580352	45.790035828
3.01030658592	50.0	2.98745784559	46.2382589669		3.01105551863	50.0	2.985967876	46.2220604034
3.03379577676	50.5	3.01030658592	46.6528263765		3.03392056072	50.5	3.01105551863	46.6774189929
3.059748531	51.0	3.03379577676	47.0790141161		3.05969680548	51.0	3.03392056072	47.092435799
3.08132621648	51.5	3.059748531	47.5499007356		3.08259555085	51.5	3.05969680548	47.5602930079
3.1028997183	52.0	3.08132621648	47.9414061333		3.10220418655	52.0	3.08259555085	47.9759215525
3.12168241179	52.5	3.1028997183	48.3328356227		3.12079035441	52.5	3.10220418655	48.3318322625
3.14680235468	53.0	3.12168241179	48.6736287024		3.14740981599	53.0	3.12079035441	48.6691844524
3.17176316143	53.5	3.14680235468	49.1294047977		3.17114699894	53.5	3.14740981599	49.1523466474
3.19677186002	54.0	3.17176316143	49.5822935277		3.19703210763	54.0	3.17114699894	49.5831934316
3.21790435994	54.5	3.19677186002	50.036051207		3.21945555532	54.5	3.19703210763	50.0530265984
3.24152770571	55.0	3.21790435994	50.4194791607		3.24161455181	55.0	3.21945555532	50.4600281513
3.25925389617	55.5	3.24152770571	50.8481010067		3.2581354307	55.5	3.24161455181	50.8622297267
3.27527862283	56.0	3.25925389617	51.1697249015		3.27588781458	56.0	3.2581354307	51.1620954504
3.29825495405	56.5	3.27527862283	51.4604774473		3.29746426704	56.5	3.27588781458	51.4843138671
3.32147650671	57.0	3.29825495405	51.877359865		3.32105704636	57.0	3.29746426704	51.8759418531
3.33988947246	57.5	3.32147650671	52.2986915792		3.34179211576	57.5	3.32105704636	52.3041676085
3.35990631539	58.0	3.33988947246	52.6327763209		3.35881438979	58.0	3.34179211576	52.6805238925
3.3766626281	58.5	3.35990631539	52.9959618007		3.37538420607	58.5	3.35881438979	52.9894902952
3.39777009765	59.0	3.3766626281	53.2999882394		3.39920382155	59.0	3.37538420607	53.2902442673
3.42449535071	59.5	3.39777009765	53.6829620421		3.42445127131	59.5	3.39920382155	53.7225872606
3.44349437395	60.0	3.42449535071	54.1678648756		3.44395249364	60.0	3.42445127131	54.1808464634
3.45552668448	60.5	3.44349437395	54.5125830408		3.4568031276	60.5	3.44395249364	54.5348075442
3.47310265378	61.0	3.45552668448	54.730897212		3.47210499001	61.0	3.4568031276	54.768055707
3.49243728421	61.5	3.47310265378	55.049795495		3.48984905214	61.5	3.47210499001	55.0457954128
3.512008821	62.0	3.49243728421	55.4006029153		3.51201921377	62.0	3.48984905214	55.3678627839
3.53871419901	62.5	3.512008821	55.7557087629		3.54180351534	62.5	3.51201921377	55.7702670145
3.56625570203	63.0	3.53871419901	56.2402509837		3.56627895822	63.0	3.54180351534	56.3108733103
3.57768247921	63.5	3.56625570203	56.7399638516		3.57661007263	63.5	3.56627895822	56.7551200382
3.58030434359	64.0	3.57768247921	56.9472912292		3.58158360662	64.0	3.57661007263	56.9426371261
3.61076494062	64.5	3.58030434359	56.994862321		3.60789260985	64.5	3.58158360662	57.0329103119
3.63645388715	65.0	3.61076494062	57.5475392133		3.63556307187	65.0	3.60789260985	57.5104374666
3.64651646296	65.5	3.63645388715	58.0136393074		3.64869494146	65.5	3.63556307187	58.0126760684
3.67312951875	66.0	3.64651646296	58.1962146234		3.67195284512	66.0	3.64869494146	58.2510288584
3.6914544785	66.5	3.67312951875	58.6790817502		3.69318181183	66.5	3.67195284512	58.673176382
3.71299104146	67.0	3.6914544785	59.0115697115		3.71448089668	67.0	3.69318181183	59.058497254
3.7205776202	67.5	3.71299104146	59.4023289825		3.71829692083	67.5	3.71448089668	59.4450908205
3.72752799824	68.0	3.7205776202	59.5399798224		3.72686046053	68.0	3.71829692083	59.5143543779
3.76394615014	68.5	3.72752799824	59.6660874404		3.76198289095	68.5	3.72686046053	59.6697887253
3.79407182099	69.0	3.76394615014	60.326858173		3.79497223931	69.0	3.76198289095	60.3072858634
3.81333916806	69.5	3.79407182099	60.8734581668		3.81713030395	69.5	3.79497223931	60.9060660422
3.8241815075	70.0	3.81333916806	61.2230447981		3.82552951234	70.0	3.81713030395	61.3082507039
3.83077096709	70.5	3.8241815075	61.4197681409		3.82944866482	70.5	3.82552951234	61.4607023209
3.83961963888	71.0	3.83077096709	61.5393272567		3.83750519708	71.0	3.82944866482	61.531837731
3.85593440079	71.5	3.83961963888	61.6998775053		3.85360233324	71.5	3.83750519708	61.678069532
3.88394948501	72.0	3.85593440079	61.9958924489		3.88296649981	72.0	3.85360233324	61.9702440232
3.91186098283	72.5	3.88394948501	62.5041979714		3.91396354742	72.5	3.88296649981	62.5032245694
3.93456447494	73.0	3.91186098283	63.0106240227		3.94004993272	73.0	3.91396354742	63.0658430701
3.95006761837	73.5	3.93456447494	63.4225560493		3.94853997422	73.5	3.94004993272	63.5393295507
3.94621685978	74.0	3.94621685978	63.633976851		3.94208244326	74.0	3.94208244326	63.5762210653
3.95122135805	74.5	3.95006761837	63.703844992		3.95424391247	74.5	3.94853997422	63.6934298535
3.97855728139	75.0	3.95122135805	63.7247784381		3.97541726609	75.0	3.95424391247	63.796960397
3.99824837516	75.5	3.97855728139	64.2207612694		3.99695218671	75.5	3.97541726609	64.1812718519
3.99566181931	76.0	3.99566181931	64.5311059043		4.00150965513	76.0	3.99695218671	64.5721460055
4.02770690568	76.5	3.99824837516	64.5780363583		4.02015742371	76.5	4.00150965513	64.6548673047
4.0507191867	77.0	4.02770690568	65.1125317619		4.05034273148	77.0	4.02015742371	64.9933375916
4.06351341537	77.5	4.0507191867	65.5300664527		4.06580095721	77.5	4.05034273148	65.5412224357
4.09028083933	78.0	4.06351341537	65.7622048619		4.08903484594	78.0	4.06580095721	65.8218002473
4.10058333714	78.5	4.09028083933	66.247872844		4.10512968908	78.5	4.08903484594	66.2435118828
4.12025563487	79.0	4.10058333714	66.4348013034		4.11949844063	79.0	4.10512968908	66.5356447539
4.1247486223	79.5	4.12025563487	66.7917353571		4.11904752242	79.5	4.11904752242	66.788263346
4.1221350256	80.0	4.1221350256	66.8258350113		4.12868736053	80.0	4.11949844063	66.7964478329
4.15782497873	80.5	4.1247486223	66.8732560945		4.15385188377	80.5	4.12868736053	66.9632332765
4.18152685638	81.0	4.15782497873	67.4733933099		4.17848726302	81.0	4.15385188377	67.4199873038
4.18577890125	81.5	4.18152685638	67.9034400379		4.19309618563	81.5	4.17848726302	67.8671369909
4.21455264816	82.0	4.18577890125	67.9805891149		4.21700176257	82.0	4.19309618563	68.1322993457
4.23117677215	82.5	4.19423614242	68.1340372486		4.23012139595	82.5	4.19528335716	68.1719980674
4.20861426783	83.0	4.20861426783	68.3949138711		4.2196585646	83.0	4.21700176257	68.5662026006
4.19423614242	83.5	4.21455264816	68.5026598086		4.19528335716	83.5	4.21893258227	68.601248354
4.22535896843	84.0	4.22535896843	68.6987296196		4.21893258227	84.0	4.2196585646	68.6144254506
4.27360024197	84.5	4.23117677215	68.8042878159		4.27168131693	84.5	4.23012139595	68.8043332948
4.30651110807	85.0	4.27360024197	69.5740190016		4.3126706278	85.0	4.27168131693	69.5586754734
4.33168170577	85.5	4.30651110807	70.1711535614		4.33369296304	85.5	4.3126706278	70.3026606721
4.34911325713	86.0	4.33168170577	70.6278487372		4.35013343469	86.0	4.33369296304	70.6842310359
4.36631237276	86.5	4.34911325713	70.9441267021		4.36500758968	86.5	4.35013343469	70.9826373108
4.37402990137	87.0	4.36468871116	71.2267276479		4.37528694631	87.0	4.35987077493	71.1593769743
4.39492366888	87.5	4.36631237276	71.2561873544		4.39233944789	87.5	4.36500758968	71.2526138223
4.40719480895	88.0	4.37402990137	71.3962141479		4.41025344245	88.0	4.3749928593	71.4338535806
4.41822273288	88.5	4.38108116669	71.5241522641		4.42350210526	88.5	4.37528694631	71.4391914695
4.41135964792	89.0	4.39144543125	71.712201419		4.4152766242	89.0	4.38178515405	71.5571385702
4.39144543125	89.5	4.39492366888	71.775310542		4.38178515405	89.5	4.39233944789	71.7487065237
4.36468871116	90.0	4.40719480895	71.9979580348		4.35987077493	90.0	4.41025344245	72.0738582892
4.38108116669	90.5	4.41135964792	72.0735248485		4.3749928593	90.5	4.4152766242	72.1650326172
4.44896947617	91.0	4.41822273288	72.1980486213		4.45203566664	91.0	4.42350210526	72.3143309594
4.48460399593	91.5	4.44896947617	72.7559173497		4.49842463332	91.5	4.45203566664	72.8322354296
4.48311091923	92.0	4.45939074393	72.9450007704		4.48131041211	92.0	4.45498220835	72.8857172612
4.45939074393	92.5	4.46058336431	72.9666396675		4.45498220835	92.5	4.46141859865	73.0025423313
4.46058336431	93.0	4.48311091923	73.3753794908		4.46141859865	93.0	4.48131041211	73.3635929193
4.51480351839	93.5	4.48460399593	73.4024698656		4.50611654194	93.5	4.49779818179	73.6628576871
4.50418158049	94.0	4.494664257	73.5850031831		4.50629157167	94.0	4.49842463332	73.6742282287
4.494664257	94.5	4.50418158049	73.7576854442		4.49779818179	94.5	4.50611654194	73.813841851
4.52906151957	95.0	4.51480351839	73.9504098226		4.51366737233	95.0	4.50629157167	73.8170187652
4.54717381766	95.5	4.52906151957	74.2091069117		4.5522942294	95.5	4.51366737233	73.9508948027
4.5580249919	96.0	4.54398361507	74.4798533241		4.56231606879	96.0	4.54746051553	74.5642644306
4.55397268414	96.5	4.54717381766	74.537736341		4.54885783323	96.5	4.54885783323	74.5896267425
4.54398361507	97.0	4.55397268414	74.6610949344		4.54746051553	97.0	4.5522942294	74.6519997816
4.57542251115	97.5	4.5580249919	74.7346199822		4.56393003202	97.5	4.56231606879	74.8339033075
4.59353029078	98.0	4.57542251115	75.0502804688		4.59440016707	98.0	4.56393003202	74.86319789
4.60403343936	98.5	4.59353029078	75.3788279152		4.60522342269	98.5	4.59440016707	75.4162525524
4.61903172562	99.0	4.60403343936	75.5693969809		4.62001804092	99.0	4.60522342269	75.6127023538
4.63299511861	99.5	4.61054756026	75.687589152		4.63473418259	99.5	4.61913476283	75.8652030896
4.63641247728	100.0	4.61903172562	75.8415257982		4.6394777521	100.0	4.62001804092	75.8812352164
4.63359647614	100.5	4.63299511861	76.094877518		4.62840802445	100.5	4.62840802445	76.0335193955
4.61054756026	101.0	4.63359647614	76.1057885455		4.61913476283	101.0	4.63473418259	76.1483436734
4.67029981034	101.5	4.63641247728	76.1568820535		4.6574657893	101.5	4.6394777521	76.2344428401
4.67308839375	102.0	4.67029981034	76.7717336242		4.67901192539	102.0	4.6574657893	76.5609385323
4.6767272401	102.5	4.67308839375	76.8223296651		4.67979274001	102.5	4.67901192539	76.9520162548
4.68638013998	103.0	4.6767272401	76.8883528717		4.68379025879	103.0	4.67979274001	76.9661885965
4.69680115642	103.5	4.68638013998	77.0634950301		4.69341922586	103.5	4.68379025879	77.0387464107
4.70537408208	104.0	4.69680115642	77.2525738907		4.71526966222	104.0	4.69341922586	77.213519024
4.72577922167	104.5	4.70537408208	77.4081210033		4.72153177617	104.5	4.71526966222	77.6101200132
			4.72577922167	77.7783517353					4.72153177617	77.7237818434
