Column 1: Number of ignored points
Column 2: Y-axis intersept point in nm
Column 3: -m_1 index (given by l/2) in nm
Column 4: Film thickness calculated from the slope a (NOT final) in nm
Column 5: Film thickness 2nd iteration (d2 in Table 1 in Swanepoel(1983)) in nm
Column 1-5 LINEAR interp, Column 6-10 SPLINE interp
0	-1.80663463238	-2.0	1925.2832033	1979.7462424		0	-1.89219063048	-2.0	1926.29696027	1970.65004594
1	-1.74852608118	-1.5	1898.01406369	1855.44732939		1	-1.85784343547	-2.0	1919.64403988	1970.25076791
2	-1.7877212422	-2.0	1905.33440215	1968.24676732		2	-1.7988319952	-2.0	1907.671581	1968.84433175
3	-1.72889787552	-1.5	1893.19398159	1853.15988526		3	-1.74948524919	-1.5	1897.61778569	1854.15519379
4	-1.70150933452	-1.5	1887.64968521	1851.77236665		4	-1.71379717812	-1.5	1890.33361019	1852.41418746
5	-1.68857838842	-1.5	1885.01896121	1850.91915228		5	-1.69247595829	-1.5	1885.96485262	1851.24963196
6	-1.66548003927	-1.5	1880.19327891	1849.71482355		6	-1.6773175184	-1.5	1882.81919298	1850.32061389
7	-1.65873102684	-1.5	1878.77637365	1849.10631931		7	-1.65712380211	-1.5	1878.53320966	1849.22292349
8	-1.62872795283	-1.5	1872.23079761	1847.64488547		8	-1.63451146508	-1.5	1873.63312421	1848.05488028
9	-1.61859966468	-1.5	1870.01682233	1846.97312115		9	-1.61716043302	-1.5	1869.81800403	1847.11152289
10	-1.60480631642	-1.5	1866.93349635	1846.1769488		10	-1.60641841436	-1.5	1867.42235171	1846.43095374
11	-1.59775873004	-1.5	1865.33476766	1845.64213572		11	-1.59826883626	-1.5	1865.57198851	1845.85448799
12	-1.58946508148	-1.5	1863.41293568	1845.06661255		12	-1.58991891577	-1.5	1863.63690566	1845.27740358
13	-1.58207366258	-1.5	1861.6653826	1844.53245192		13	-1.58178061106	-1.5	1861.71157408	1844.71626236
14	-1.5737141432	-1.5	1859.64507105	1843.96876431		14	-1.57495384548	-1.5	1860.06343816	1844.21330986
15	-1.56940337999	-1.5	1858.58347679	1843.56979746		15	-1.5677422684	-1.5	1858.28366503	1843.70258697
16	-1.55987430996	-1.5	1856.1750166	1842.96905034		16	-1.56149332999	-1.5	1856.7078894	1843.23834548
17	-1.55805334969	-1.5	1855.70673142	1842.68861989		17	-1.55548370262	-1.5	1855.15783937	1842.79136254
18	-1.54821947136	-1.5	1853.10360975	1842.0818759		18	-1.5491652996	-1.5	1853.4893543	1842.34018046
19	-1.54564486268	-1.5	1852.40913256	1841.7949027		19	-1.54378449362	-1.5	1852.03505492	1841.93804673
20	-1.53890891224	-1.5	1850.54184002	1841.33477534		20	-1.53909649996	-1.5	1850.73719747	1841.574019
21	-1.53738892173	-1.5	1850.11126071	1841.11081619		21	-1.5362229847	-1.5	1849.9224096	1841.29527384
22	-1.53192278716	-1.5	1848.51822981	1840.71470127		22	-1.53162579063	-1.5	1848.5832811	1840.94520696
23	-1.5276455469	-1.5	1847.23922255	1840.38473767		23	-1.52661210685	-1.5	1847.08321133	1840.58688851
24	-1.52338686123	-1.5	1845.93061749	1840.06607107		24	-1.52270400943	-1.5	1845.88249835	1840.29252808
25	-1.51974890993	-1.5	1844.78143606	1839.78830715		25	-1.51915801043	-1.5	1844.7623258	1840.0260662
26	-1.52005706283	-1.5	1844.88138613	1839.70707989		26	-1.51893046215	-1.5	1844.68848931	1839.92693789
27	-1.51634685381	-1.5	1843.63864774	1839.42702552		27	-1.51573042834	-1.5	1843.61685905	1839.68223113
28	-1.51618291368	-1.5	1843.58214572	1839.33644117		28	-1.51538439514	-1.5	1843.49757362	1839.59078368
29	-1.51643715157	-1.5	1843.67256468	1839.26421318		29	-1.51510946225	-1.5	1843.39975451	1839.50189376
30	-1.51610704259	-1.5	1843.5512224	1839.15693254		30	-1.51563151575	-1.5	1843.59158376	1839.45263414
31	-1.5166208937	-1.5	1843.74650551	1839.09237077		31	-1.5157208216	-1.5	1843.62553529	1839.37445194
32	-1.51989854715	-1.5	1845.03461354	1839.16817091		32	-1.51961456886	-1.5	1845.15547389	1839.49587685
33	-1.52173281954	-1.5	1845.78263488	1839.13594404		33	-1.52101250459	-1.5	1845.72575573	1839.44808881
34	-1.52250152375	-1.5	1846.10828959	1839.02216047		34	-1.52175626038	-1.5	1846.04088774	1839.34639133
35	-1.52730479485	-1.5	1848.22010163	1839.12636507		35	-1.52652443168	-1.5	1848.13759833	1839.46364728
36	-1.5261063284	-1.5	1847.66982874	1838.81689304		36	-1.52538998967	-1.5	1847.61665939	1839.1748081
37	-1.52140949995	-1.5	1845.41667137	1838.28956229		37	-1.52109876531	-1.5	1845.55813422	1838.69067314
38	-1.51399715171	-1.5	1841.69605604	1837.63210039		38	-1.51350703156	-1.5	1841.74655216	1838.03502416
39	-1.50330484202	-1.5	1836.06751647	1836.84920924		39	-1.50297673677	-1.5	1836.20275148	1837.28157377
40	-1.49236674552	-1.5	1830.02289733	1836.22600754		40	-1.49185645337	-1.5	1830.05591888	1836.66328329
41	-1.48476695852	-1.5	1825.6084398	1836.07324574		41	-1.47989000543	-1.5	1823.09200956	1836.21784107
42	-1.47038953163	-1.5	1816.77112596	1835.63520056		42	-1.4719004326	-1.5	1818.19105914	1836.38628421
43	-1.47681703975	-1.5	1820.92729674	1837.19020963		43	-1.47899232395	-1.5	1822.77704071	1837.9642252
44	-1.47203302581	-1.5	1817.62807845	1837.90365971		44	-1.46474211617	-1.5	1812.92039091	1837.90587992
45	-1.42912907039	-1.5	1785.70986107	1835.81793657		45	-1.42823903507	-1.5	1785.80617054	1836.67661721
46	-1.41157671837	-1.5	1771.80170187	1838.03257266		46	-1.39909320849	-1.5	1762.63593822	1837.98719922
47	-1.41059782383	-1.5	1770.96705177	1843.19540668		47	-1.39841797557	-1.5	1762.05974575	1843.88362564
48	-1.39112690161	-1.5	1752.87052402	1848.23899794		48	-1.38943998002	-1.5	1753.71671962	1850.53045246
49	-1.44270814886	-1.5	1805.06708227	1860.90286449		49	-1.44187858354	-1.5	1806.85408581	1863.36238703
