Column 1: energy in eV
Column 2: k *1e-3, linear interpolation
Column 3: energy in eV
Column 4: k *1e-3, spline interpolation
Column 5: lambda in nm
Column 6: k *1e-3, linear interpolation
Column 7: lambda in nm
Column 8: k *1e-3, spline interpolation
0.150466246359	10.4803875724	0.149198780987	8.01764558134	8240.0	10.4803875724	8310.0	8.01764558134
0.177627775072	1.39696463567	0.177627775072	1.1225789567	6980.0	1.39696463567	6980.0	1.1225789567
0.206985287145	0.677917977616	0.206985287145	0.00570420624806	5990.0	0.677917977616	5990.0	0.00570420624806
0.23616035619	0.597009270064	0.23616035619	0.410843191469	5250.0	0.597009270064	5250.0	0.410843191469
0.264923476496	0.658494174897	0.264923476496	0.741053004936	4680.0	0.658494174897	4680.0	0.741053004936
0.297324189448	1.40153464679	0.297324189448	1.32379155402	4170.0	1.40153464679	4170.0	1.32379155402
0.323718503916	0.798259409253	0.323718503916	0.702275550175	3830.0	0.798259409253	3830.0	0.702275550175
0.352227803977	0.580214372885	0.352227803977	0.482876657558	3520.0	0.580214372885	3520.0	0.482876657558
0.381489806154	0.757437277438	0.381489806154	0.661559425038	3250.0	0.757437277438	3250.0	0.661559425038
0.410543665563	1.0314159905	0.410543665563	0.96497964648	3020.0	1.0314159905	3020.0	0.96497964648
0.439660237589	1.12949455678	0.439660237589	1.09161367995	2820.0	1.12949455678	2820.0	1.09161367995
0.46963707197	1.19876028159	0.46963707197	1.17021414734	2640.0	1.19876028159	2640.0	1.17021414734
0.499131187601	1.00942523805	0.499131187601	0.949094239339	2484.0	1.00942523805	2484.0	0.949094239339
0.527143652211	1.15920704102	0.527143652211	1.10095326689	2352.0	1.15920704102	2352.0	1.10095326689
0.554987408236	1.079658987	0.554987408236	0.999596472323	2234.0	1.079658987	2234.0	0.999596472323
0.584831070755	1.54951972183	0.584831070755	1.34472442023	2120.0	1.54951972183	2120.0	1.34472442023
0.613175999011	2.29442906631	0.613175999011	2.02076922279	2022.0	2.29442906631	2022.0	2.02076922279
0.641740098344	3.84091206872	0.641740098344	3.61633860432	1932.0	3.84091206872	1932.0	3.61633860432
0.670547252569	6.21876929683	0.670184794595	6.13504332714	1849.0	6.21876929683	1850.0	6.13504332714
0.700080107284	8.84633398372	0.700080107284	9.01522038853	1771.0	8.84633398372	1771.0	9.01522038853
0.729318747059	10.3986248938	0.729318747059	10.7503546748	1700.0	10.3986248938	1700.0	10.7503546748
0.759707028186	10.6742076595	0.759707028186	10.9605297577	1632.0	10.6742076595	1632.0	10.9605297577
0.789205518778	9.9800627168	0.789205518778	10.0928335367	1571.0	9.9800627168	1571.0	10.0928335367
0.818918011889	8.82765099252	0.818918011889	8.83223275729	1514.0	8.82765099252	1514.0	8.83223275729
0.847465393028	7.62333030463	0.847465393028	7.61470965596	1463.0	7.62333030463	1463.0	7.61470965596
0.876213335689	6.55580997566	0.876213335689	6.54535021763	1415.0	6.55580997566	1415.0	6.54535021763
0.904994065693	5.57443449475	0.904994065693	5.56662698077	1370.0	5.57443449475	1370.0	5.56662698077
0.934319419744	4.58647794983	0.934319419744	4.56543271191	1327.0	4.58647794983	1327.0	4.56543271191
0.962610147516	3.69101597633	0.962610147516	3.65378684853	1288.0	3.69101597633	1288.0	3.65378684853
0.991080631495	3.00143223671	0.991080631495	2.93571367017	1251.0	3.00143223671	1251.0	2.93571367017
1.01960680099	2.50803995544	1.01960680099	2.44238304921	1216.0	2.50803995544	1216.0	2.44238304921
1.04716374155	2.20029055202	1.04716374155	2.14757300521	1184.0	2.20029055202	1184.0	2.14757300521
1.07531818734	2.04995331159	1.07531818734	2.00541638656	1153.0	2.04995331159	1153.0	2.00541638656
1.10404440784	2.00973043126	1.10404440784	1.97414901366	1123.0	2.00973043126	1123.0	1.97414901366
1.13227568037	2.02147559464	1.13227568037	1.99633361804	1095.0	2.02147559464	1095.0	1.99633361804
1.15981465856	2.04459744872	1.15981465856	2.0247949746	1069.0	2.04459744872	1069.0	2.0247949746
1.18872662512	2.11630692712	1.18872662512	2.09410101619	1043.0	2.11630692712	1043.0	2.09410101619
1.21672411187	2.16679556985	1.21672411187	2.14207209094	1019.0	2.16679556985	1019.0	2.14207209094
1.24357258776	2.22345848862	1.24357258776	2.20445880123	997.0	2.22345848862	997.0	2.20445880123
1.27163268718	2.33208836179	1.27163268718	2.31535914341	975.0	2.33208836179	975.0	2.31535914341
1.29962460168	2.42638641517	1.29962460168	2.41212777202	954.0	2.42638641517	954.0	2.41212777202
1.32745382227	2.50409786688	1.32745382227	2.49345719161	934.0	2.50409786688	934.0	2.49345719161
1.35501843716	2.56607503566	1.35501843716	2.55103464436	915.0	2.56607503566	915.0	2.55103464436
1.38220944259	2.63487658903	1.38220944259	2.61666260474	897.0	2.63487658903	897.0	2.61666260474
1.41051407281	2.72249001574	1.41051407281	2.70372485236	879.0	2.72249001574	879.0	2.70372485236
1.43833163573	2.82101469935	1.43833163573	2.80093825786	862.0	2.82101469935	862.0	2.80093825786
1.4655341253	2.97468354881	1.4655341253	2.95005321066	846.0	2.97468354881	846.0	2.95005321066
1.49198780987	3.12945166709	1.49198780987	3.09810421955	831.0	3.12945166709	831.0	3.09810421955
1.51941405637	3.36990830878	1.51941405637	3.34200829733	816.0	3.36990830878	816.0	3.34200829733
1.54593749377	3.69968554547	1.54593749377	3.66100072439	802.0	3.69968554547	802.0	3.66100072439
1.57340338832	4.23130078631	1.57340338832	4.12250898914	788.0	4.23130078631	788.0	4.12250898914
1.59979596129	5.10145211847	1.59979596129	4.88940975322	775.0	5.10145211847	775.0	4.88940975322
1.62495657929	6.48597499675	1.62495657929	6.39205051866	763.0	6.48597499675	763.0	6.39205051866
1.65092126498	8.94609407042	1.65092126498	9.05990429924	751.0	8.94609407042	751.0	9.05990429924
1.68456775815	12.562791382	1.68456775815	13.0829072718	736.0	12.562791382	736.0	13.0829072718
1.71961424411	13.6108027926	1.71961424411	14.185809041	721.0	13.6108027926	721.0	14.185809041
1.74135094101	12.5710078013	1.74380009845	12.6618433637	712.0	12.5710078013	711.0	12.6618433637
1.76615650997	10.9884224621	1.76615650997	10.8504537242	702.0	10.9884224621	702.0	10.8504537242
1.79687227536	9.14079984592	1.79687227536	9.11195596898	690.0	9.14079984592	690.0	9.11195596898
1.82061948605	8.32965303949	1.82061948605	8.39537217517	681.0	8.32965303949	681.0	8.39537217517
1.84775241431	7.57774481174	1.84775241431	7.57271833669	671.0	7.57774481174	671.0	7.57271833669
1.87570630862	6.14535589582	1.87570630862	6.15084641548	661.0	6.14535589582	661.0	6.15084641548
1.90159796012	5.07941834159	1.90159796012	5.01041713867	652.0	5.07941834159	652.0	5.01041713867
1.92522029503	4.71064724098	1.92522029503	4.5807217928	644.0	4.71064724098	644.0	4.5807217928
1.94943690252	4.64263668413	1.94943690252	4.5879824652	636.0	4.64263668413	636.0	4.5879824652
1.97427049363	4.7072041036	1.97427049363	4.7075119881	628.0	4.7072041036	628.0	4.7075119881
2.00297555735	4.84889054749	2.00297555735	4.84870491868	619.0	4.84889054749	619.0	4.84870491868
2.0258854085	4.9664076241	2.0258854085	4.96150789014	612.0	4.9664076241	612.0	4.96150789014
2.05271832781	5.11681567866	2.05271832781	5.11776937723	604.0	5.11681567866	604.0	5.11776937723
2.07678705193	5.20699620326	2.07678705193	5.21569295766	597.0	5.20699620326	597.0	5.21569295766
2.10142689831	5.26408793633	2.10142689831	5.27404350869	590.0	5.26408793633	590.0	5.27404350869
2.12665843911	5.29576435369	2.12665843911	5.29902656959	583.0	5.29576435369	583.0	5.29902656959
2.15250324653	5.29136998983	2.15250324653	5.29276095118	576.0	5.29136998983	576.0	5.29276095118
2.17898395431	5.27084926112	2.17898395431	5.27057926327	569.0	5.27084926112	569.0	5.27057926327
2.20220580817	5.25376767261	2.20220580817	5.2480051979	563.0	5.25376767261	563.0	5.2480051979
2.22993142086	5.24956294038	2.22993142086	5.24554118455	556.0	5.24956294038	556.0	5.24554118455
2.25425794545	5.24319193637	2.25425794545	5.24269755793	550.0	5.24319193637	550.0	5.24269755793
2.27493921101	5.23456900084	2.27493921101	5.23070488824	545.0	5.23456900084	545.0	5.23070488824
2.30026320965	5.23923682451	2.30026320965	5.23503727756	539.0	5.23923682451	539.0	5.23503727756
2.3261573546	5.25287786374	2.3261573546	5.25012209935	533.0	5.25287786374	533.0	5.25012209935
2.34818535985	5.26952709317	2.34818535985	5.26658152234	528.0	5.26952709317	528.0	5.26658152234
2.37517599617	5.31231492184	2.37517599617	5.30963541038	522.0	5.31231492184	522.0	5.30963541038
2.39814675048	5.33861847078	2.39814675048	5.33377590154	517.0	5.33861847078	517.0	5.33377590154
2.42156615234	5.37806008283	2.42156615234	5.37280265097	512.0	5.37806008283	512.0	5.37280265097
2.44544747535	5.45123776367	2.44544747535	5.4453622881	507.0	5.45123776367	507.0	5.4453622881
2.46980452191	5.55389451575	2.46980452191	5.54666361557	502.0	5.55389451575	502.0	5.54666361557
2.48964230924	5.63743609748	2.48964230924	5.63031697118	498.0	5.63743609748	498.0	5.63031697118
2.51489223124	5.79786955115	2.51489223124	5.79005995875	493.0	5.79786955115	493.0	5.79005995875
2.53546394683	5.96203555346	2.53546394683	5.95440508505	489.0	5.96203555346	489.0	5.95440508505
2.5616567562	6.23400122545	2.5616567562	6.22653488582	484.0	6.23400122545	484.0	6.22653488582
2.58300389583	6.45973175167	2.58300389583	6.45784186407	480.0	6.45973175167	480.0	6.45784186407
2.60470981092	6.72718117202	2.60470981092	6.72329863472	476.0	6.72718117202	476.0	6.72329863472
2.62678362288	7.0492353262	2.62678362288	7.04268240733	472.0	7.0492353262	472.0	7.04268240733
2.64923476496	7.41521992798	2.64923476496	7.4129831582	468.0	7.41521992798	468.0	7.4129831582
2.67207299569	7.83327261828	2.67207299569	7.83748865172	464.0	7.83327261828	464.0	7.83748865172
2.69530841304	8.31145633258	2.69530841304	8.31343031557	460.0	8.31145633258	460.0	8.31343031557
2.71300190372	8.68210696592	2.71300190372	8.68896624514	457.0	8.68210696592	457.0	8.68896624514
2.73695777042	9.24888597012	2.73695777042	9.25533425466	453.0	9.24888597012	453.0	9.25533425466
2.75520415556	9.70564978685	2.75520415556	9.7159373144	450.0	9.70564978685	450.0	9.7159373144
2.77991450673	10.3946184223	2.77991450673	10.408816749	446.0	10.3946184223	446.0	10.408816749
2.79874011287	10.9330243016	2.79874011287	10.953661487	443.0	10.9330243016	443.0	10.953661487
2.81782243182	11.500527849	2.81782243182	11.5216689114	440.0	11.500527849	440.0	11.5216689114
2.84367401376	12.3105159529	2.84367401376	12.3379860644	436.0	12.3105159529	436.0	12.3379860644
2.86337614319	12.9578284594	2.86337614319	12.9828569985	433.0	12.9578284594	433.0	12.9828569985
2.88335318605	13.6397419388	2.88335318605	13.6698316033	430.0	13.6397419388	430.0	13.6698316033
2.90361093677	14.3584615419	2.90361093677	14.3934199062	427.0	14.3584615419	427.0	14.3934199062
2.92415535377	15.0942203034	2.92415535377	15.14280058	424.0	15.0942203034	424.0	15.14280058
2.94499256532	15.8567191284	2.94499256532	15.9001958075	421.0	15.8567191284	421.0	15.9001958075
