Column 1: lambda in nm
Column 2: n2, linear interp.
Column 3: energy in eV
Column 4: n2, linear interp.
Column 5: lambda in nm
Column 6: n2, spline interp.
Column 7: energy in eV
Column 8: n2, spline interp.
0.234818535985	2.32470184389	5280.0	2.32470184389	0.234374644612	2.32951840569	5290.0	2.32951840569
0.249968118952	2.32029899949	4960.0	2.32029899949	0.249968118952	2.32071115274	4960.0	2.32071115274
0.265490764454	2.31314437734	4670.0	2.31314437734	0.265490764454	2.31355525972	4670.0	2.31355525972
0.281143281179	2.30571457741	4410.0	2.30571457741	0.281143281179	2.30612414004	4410.0	2.30612414004
0.29661288756	2.30048619969	4180.0	2.30048619969	0.29661288756	2.3008948336	4180.0	2.3008948336
0.311518057789	2.29993584414	3980.0	2.29993584414	0.311518057789	2.30034438029	3980.0	2.30034438029
0.327135058047	2.29443228863	3790.0	2.29443228863	0.327135058047	2.2948398472	3790.0	2.2948398472
0.342497754144	2.29113015533	3620.0	2.29113015533	0.342497754144	2.29153712734	3620.0	2.29153712734
0.358335800578	2.28507624428	3460.0	2.28507624428	0.358335800578	2.28548214094	3460.0	2.28548214094
0.373446346386	2.28397553318	3320.0	2.28397553318	0.373446346386	2.28438123432	3320.0	2.28438123432
0.388665163009	2.28232446653	3190.0	2.28232446653	0.388665163009	2.28272987439	3190.0	2.28272987439
0.403857286645	2.28094857765	3070.0	2.28094857765	0.403857286645	2.28135374111	3070.0	2.28135374111
0.420285379661	2.27296842218	2950.0	2.27296842218	0.420285379661	2.27337216813	2950.0	2.27337216813
0.435032235088	2.27434431105	2850.0	2.27434431105	0.435032235088	2.2747483014	2850.0	2.2747483014
0.450851589091	2.27021664443	2750.0	2.27021664443	0.450851589091	2.27061990158	2750.0	2.27061990158
0.466105966165	2.26911593333	2660.0	2.26911593333	0.466105966165	2.26951899496	2660.0	2.26951899496
0.480558864341	2.27186771108	2580.0	2.27186771108	0.480558864341	2.27227126151	2580.0	2.27227126151
0.497528840289	2.26295195116	2492.0	2.26295195116	0.497528840289	2.2633539179	2492.0	2.2633539179
0.512543145928	2.26322712894	2419.0	2.26322712894	0.512543145928	2.26362914455	2419.0	2.26362914455
0.527816888037	2.26237407784	2349.0	2.26237407784	0.527816888037	2.26277594192	2349.0	2.26277594192
0.543313702892	2.26064045785	2282.0	2.26064045785	0.543313702892	2.261042014	2282.0	2.261042014
0.558739013069	2.25929208676	2219.0	2.25929208676	0.558739013069	2.25969340339	2219.0	2.25969340339
0.573735247571	2.25970485342	2161.0	2.25970485342	0.573735247571	2.26010624337	2161.0	2.26010624337
0.589558663814	2.25692555789	2103.0	2.25692555789	0.589558663814	2.25732645416	2103.0	2.25732645416
0.604800912195	2.25645775567	2050.0	2.25645775567	0.604800912195	2.25685856884	2050.0	2.25685856884
0.620231050525	2.25532952679	1999.0	2.25532952679	0.620231050525	2.25573013956	1999.0	2.25573013956
0.635490451051	2.25486172458	1951.0	2.25486172458	0.635490451051	2.25526225425	1951.0	2.25526225425
0.650835627297	2.25411874458	1905.0	2.25411874458	0.650835627297	2.25451914228	1905.0	2.25451914228
0.666223465879	2.25326569348	1861.0	2.25326569348	0.666223465879	2.25366593965	1861.0	2.25366593965
0.681606305662	2.25246767793	1819.0	2.25246767793	0.681606305662	2.25286778235	1819.0	2.25286778235
0.697323886389	2.25062398684	1778.0	2.25062398684	0.697323886389	2.25102376376	1778.0	2.25102376376
0.712143520965	2.25169718016	1741.0	2.25169718016	0.712143520965	2.25209714772	1741.0	2.25209714772
0.727606731221	2.25073405795	1704.0	2.25073405795	0.727606731221	2.25113385442	1704.0	2.25113385442
0.742865110845	2.2504313624	1669.0	2.2504313624	0.742865110845	2.2508311051	1669.0	2.2508311051
0.758313070336	2.2495783113	1635.0	2.2495783113	0.758313070336	2.24997790247	1635.0	2.24997790247
0.773450948222	2.24966086463	1603.0	2.24966086463	0.773450948222	2.25006047047	1603.0	2.25006047047
0.788703479644	2.24941320463	1572.0	2.24941320463	0.788703479644	2.24981276648	1572.0	2.24981276648
0.804047905318	2.24891788463	1542.0	2.24891788463	0.804047905318	2.2493173585	1542.0	2.2493173585
0.819459266358	2.24825745797	1513.0	2.24825745797	0.819459266358	2.24865681453	1513.0	2.24865681453
0.834910350168	2.24751447798	1485.0	2.24751447798	0.834910350168	2.24791370256	1485.0	2.24791370256
0.849788807402	2.24831249353	1459.0	2.24831249353	0.849788807402	2.24871185986	1459.0	2.24871185986
0.865207166783	2.24767958465	1433.0	2.24767958465	0.865207166783	2.24807883856	1433.0	2.24807883856
0.880569509943	2.24721178243	1408.0	2.24721178243	0.880569509943	2.24761095324	1408.0	2.24761095324
0.895839501445	2.24699164021	1384.0	2.24699164021	0.895839501445	2.24739077192	1384.0	2.24739077192
0.91097859662	2.24710171132	1361.0	2.24710171132	0.91097859662	2.24750086258	1361.0	2.24750086258
0.925946131441	2.24762454909	1339.0	2.24762454909	0.925946131441	2.24802379323	1339.0	2.24802379323
0.941413720577	2.24693660465	1317.0	2.24693660465	0.941413720577	2.24733572659	1317.0	2.24733572659
0.955930508867	2.24850511797	1297.0	2.24850511797	0.955930508867	2.24890451852	1297.0	2.24890451852
0.971662907524	2.24721178243	1276.0	2.24721178243	0.971662907524	2.24761095324	1276.0	2.24761095324
0.986349936356	2.24834001131	1257.0	2.24834001131	0.986349936356	2.24873938253	1257.0	2.24873938253
1.00148777868	2.24842256464	1238.0	2.24842256464	1.00148777868	2.24882195052	1238.0	2.24882195052
1.01709751436	2.24745944243	1219.0	2.24745944243	1.01709751436	2.24785865723	1219.0	2.24785865723
1.03148242097	2.24919306241	1202.0	2.24919306241	1.03148242097	2.24959258516	1202.0	2.24959258516
1.04716374155	2.24809235131	1184.0	2.24809235131	1.04716374155	2.24849167854	1184.0	2.24849167854
1.06150845034	2.24985348907	1168.0	2.24985348907	1.06150845034	2.25025312913	1168.0	2.25025312913
1.07718668115	2.24878029575	1151.0	2.24878029575	1.07718668115	2.24917974518	1151.0	2.24917974518
1.09237169163	2.24875277797	1135.0	2.24875277797	1.09237169163	2.24915222251	1135.0	2.24915222251
1.10700166964	2.24985348907	1120.0	2.24985348907	1.10700166964	2.25025312913	1120.0	2.25025312913
1.12202884163	2.25012866685	1105.0	2.25012866685	1.12202884163	2.25052835578	1105.0	2.25052835578
1.1374696055	2.2495783113	1090.0	2.2495783113	1.1374696055	2.24997790247	1090.0	2.24997790247
1.15226939591	2.25029377351	1076.0	2.25029377351	1.15226939591	2.25069349178	1076.0	2.25069349178
1.16745938795	2.25023873796	1062.0	2.25023873796	1.16745938795	2.25063844645	1062.0	2.25063844645
1.18192742612	2.25155959128	1049.0	2.25155959128	1.18192742612	2.25195953439	1049.0	2.25195953439
1.19675856178	2.25216498238	1036.0	2.25216498238	1.19675856178	2.25256503303	1036.0	2.25256503303
1.21196663734	2.25205491127	1023.0	2.25205491127	1.21196663734	2.25245494237	1023.0	2.25245494237
1.22635199802	2.25345831792	1011.0	2.25345831792	1.22635199802	2.25385859831	1011.0	2.25385859831
1.24108295295	2.25420129792	999.0	2.25420129792	1.24108295295	2.25460171027	999.0	2.25460171027
1.2561721074	2.25428385125	987.0	2.25428385125	1.2561721074	2.25468427827	987.0	2.25468427827
1.27163268718	2.25370597792	975.0	2.25370597792	1.27163268718	2.2541063023	975.0	2.2541063023
1.28614301867	2.25480668902	964.0	2.25480668902	1.28614301867	2.25520720891	964.0	2.25520720891
1.30098832109	2.25530200902	953.0	2.25530200902	1.30098832109	2.25570261689	953.0	2.25570261689
1.31618032909	2.25519193791	942.0	2.25519193791	1.31618032909	2.25559252623	942.0	2.25559252623
1.33030243562	2.25689804011	932.0	2.25689804011	1.33030243562	2.25729893149	932.0	2.25729893149
1.34473087852	2.25805378677	922.0	2.25805378677	1.34473087852	2.25845488344	922.0	2.25845488344
1.35947573465	2.25865917787	912.0	2.25865917787	1.35947573465	2.25906038208	912.0	2.25906038208
1.37454752772	2.25871421343	902.0	2.25871421343	1.37454752772	2.25911542741	902.0	2.25911542741
1.38995725336	2.25821889343	892.0	2.25821889343	1.38995725336	2.25862001943	892.0	2.25862001943
1.40412442809	2.2597323712	883.0	2.2597323712	1.40412442809	2.26013376603	883.0	2.26013376603
1.41858337529	2.26075052896	874.0	2.26075052896	1.41858337529	2.26115210466	874.0	2.26115210466
1.43334320231	2.26127336674	865.0	2.26127336674	1.43334320231	2.2616750353	865.0	2.2616750353
1.44841339953	2.26130088451	856.0	2.26130088451	1.44841339953	2.26170255797	856.0	2.26170255797
1.46207767689	2.26350230671	848.0	2.26350230671	1.46207767689	2.2639043712	848.0	2.2639043712
1.47776146603	2.26256670228	839.0	2.26256670228	1.47776146603	2.26296860058	839.0	2.26296860058
1.49198780987	2.26386003782	831.0	2.26386003782	1.49198780987	2.26426216586	831.0	2.26426216586
1.50649072904	2.26471308892	823.0	2.26471308892	1.50649072904	2.26511536849	823.0	2.26511536849
1.5212783681	2.26512585559	815.0	2.26512585559	1.5212783681	2.26552820847	815.0	2.26552820847
1.5344577599	2.26790515112	808.0	2.26790515112	1.5344577599	2.26830799768	808.0	2.26830799768
1.5498023375	2.26746486668	800.0	2.26746486668	1.5498023375	2.26786763503	800.0	2.26786763503
1.56348281211	2.26944614666	793.0	2.26944614666	1.56348281211	2.26984926695	793.0	2.26984926695
1.57740695929	2.27104217775	786.0	2.27104217775	1.57740695929	2.27144558154	786.0	2.27144558154
1.59158134788	2.27225295996	779.0	2.27225295996	1.59158134788	2.27265657883	779.0	2.27265657883
1.60601278497	2.27307849329	772.0	2.27307849329	1.60601278497	2.27348225879	772.0	2.27348225879
1.6207083268	2.27351877773	765.0	2.27351877773	1.6207083268	2.27392262144	765.0	2.27392262144
1.63567529024	2.27357381328	758.0	2.27357381328	1.63567529024	2.27397766677	758.0	2.27397766677
1.64872589096	2.27627055548	752.0	2.27627055548	1.64872589096	2.27667488798	752.0	2.27667488798
1.66421727517	2.27558261104	745.0	2.27558261104	1.66421727517	2.27598682135	745.0	2.27598682135
1.67772918809	2.2775914088	739.0	2.2775914088	1.67772918809	2.27799597593	739.0	2.27799597593
1.69377304645	2.27616048437	732.0	2.27616048437	1.69377304645	2.27656479732	732.0	2.27656479732
1.7077711708	2.27748133769	726.0	2.27748133769	1.7077711708	2.27788588527	726.0	2.27788588527
1.72200259722	2.27847197768	720.0	2.27847197768	1.72200259722	2.27887670122	720.0	2.27887670122
1.73647320728	2.27913240434	714.0	2.27913240434	1.73647320728	2.27953724519	714.0	2.27953724519
1.74871913963	2.28268219764	709.0	2.28268219764	1.74871913963	2.28308766904	709.0	2.28308766904
1.7636441963	2.28270971541	703.0	2.28270971541	1.7636441963	2.28311519171	703.0	2.28311519171
1.77882621234	2.28240701986	697.0	2.28240701986	1.77882621234	2.28281244239	697.0	2.28281244239
1.79167900289	2.28507624428	692.0	2.28507624428	1.79167900289	2.28548214094	692.0	2.28548214094
1.80471887918	2.28747029092	687.0	2.28747029092	1.80471887918	2.28787661283	687.0	2.28787661283
1.82061948605	2.28623199094	681.0	2.28623199094	1.82061948605	2.28663809289	681.0	2.28663809289
1.83408560651	2.28804816425	676.0	2.28804816425	1.83408560651	2.28845458881	676.0	2.28845458881
1.84775241431	2.28958915979	671.0	2.28958915979	1.84775241431	2.28999585807	671.0	2.28999585807
1.86162442943	2.29085497756	666.0	2.29085497756	1.86162442943	2.29126190069	666.0	2.29126190069
1.87570630862	2.29184561755	661.0	2.29184561755	1.87570630862	2.29225271664	661.0	2.29225271664
1.89000285061	2.29256107976	656.0	2.29256107976	1.89000285061	2.29296830594	656.0	2.29296830594
1.90451900154	2.2930013642	651.0	2.2930013642	1.90451900154	2.29340866859	651.0	2.29340866859
1.91629346213	2.29671626417	647.0	2.29671626417	1.91629346213	2.29712422843	647.0	2.29712422843
1.93121786604	2.29663371083	642.0	2.29663371083	1.93121786604	2.29704166043	642.0	2.29704166043
1.94637656201	2.29627597973	637.0	2.29627597973	1.94637656201	2.29668386578	637.0	2.29668386578
1.95867593997	2.29927541747	633.0	2.29927541747	1.95867593997	2.29968383632	633.0	2.29968383632
1.97113174881	2.302054713	629.0	2.302054713	1.97113174881	2.30246362553	629.0	2.30246362553
1.98692607372	2.30092648413	624.0	2.30092648413	1.98692607372	2.30133519625	624.0	2.30133519625
1.99974495161	2.30323797744	620.0	2.30323797744	1.99974495161	2.30364710015	620.0	2.30364710015
2.01273030844	2.30532932853	616.0	2.30532932853	2.01273030844	2.30573882272	616.0	2.30573882272
2.0258854085	2.3072005374	612.0	2.3072005374	2.0258854085	2.30761036398	612.0	2.30761036398
2.03921360197	2.30885160405	608.0	2.30885160405	2.03921360197	2.30926172391	608.0	2.30926172391
2.05271832781	2.31028252848	604.0	2.31028252848	2.05271832781	2.31069290251	604.0	2.31069290251
2.06640311667	2.31149331069	600.0	2.31149331069	2.06640311667	2.31190389979	600.0	2.31190389979
2.08027159396	2.31248395068	596.0	2.31248395068	2.08027159396	2.31289471575	596.0	2.31289471575
2.09432748311	2.31325444845	592.0	2.31325444845	2.09432748311	2.31366535038	592.0	2.31366535038
2.10857460884	2.313804804	588.0	2.313804804	2.10857460884	2.31421580369	588.0	2.31421580369
2.11938781197	2.31809757729	585.0	2.31809757729	2.11938781197	2.3185093395	585.0	2.3185093395
2.1339791222	2.31823516618	581.0	2.31823516618	2.1339791222	2.31864695283	581.0	2.31864695283
2.1487727383	2.31815261285	577.0	2.31815261285	2.1487727383	2.31856438484	577.0	2.31856438484
2.16000325784	2.32189503059	574.0	2.32189503059	2.16000325784	2.32230746734	574.0	2.32230746734
2.17516117544	2.32139971059	570.0	2.32139971059	2.17516117544	2.32181205936	570.0	2.32181205936
2.18666996473	2.32478439722	567.0	2.32478439722	2.18666996473	2.32519734721	567.0	2.32519734721
2.20220580817	2.32387631057	563.0	2.32387631057	2.20220580817	2.32428909925	563.0	2.32428909925
2.21400333929	2.32690326609	560.0	2.32690326609	2.21400333929	2.32731659246	560.0	2.32731659246
2.22592795332	2.32976511495	557.0	2.32976511495	2.22592795332	2.33017894967	557.0	2.33017894967
2.24202869801	2.32825163719	553.0	2.32825163719	2.24202869801	2.32866520306	553.0	2.32866520306
2.25425794545	2.33075575494	550.0	2.33075575494	2.25425794545	2.33116976562	550.0	2.33116976562
2.26662133455	2.33309476603	547.0	2.33309476603	2.26662133455	2.33350919219	547.0	2.33350919219
2.27912108456	2.33526867046	544.0	2.33526867046	2.27912108456	2.33568348276	544.0	2.33568348276
2.29175946396	2.33727746821	541.0	2.33727746821	2.29175946396	2.33769263734	541.0	2.33769263734
2.30453879182	2.33912115931	538.0	2.33912115931	2.30453879182	2.33953665593	538.0	2.33953665593
2.31746143925	2.34079974373	535.0	2.34079974373	2.31746143925	2.34121553852	535.0	2.34121553852
2.33052983083	2.3423132215	532.0	2.3423132215	2.33052983083	2.34272928512	532.0	2.34272928512
2.34374644612	2.3436615926	529.0	2.3436615926	2.34374644612	2.34407789573	529.0	2.34407789573
2.35711382129	2.34484485703	526.0	2.34484485703	2.35711382129	2.34526137034	526.0	2.34526137034
2.37063455067	2.3458630148	523.0	2.3458630148	2.37063455067	2.34627970897	523.0	2.34627970897
2.38431128846	2.3467160659	520.0	2.3467160659	2.38431128846	2.3471329116	520.0	2.3471329116
2.39814675048	2.34740401034	517.0	2.34740401034	2.39814675048	2.34782097823	517.0	2.34782097823
2.40745994175	2.35249479918	515.0	2.35249479918	2.40745994175	2.35291267135	515.0	2.35291267135
2.42156615234	2.35288004806	512.0	2.35288004806	2.42156615234	2.35329798866	512.0	2.35329798866
2.4310624902	2.3577231769	510.0	2.3577231769	2.4310624902	2.35814197779	510.0	2.35814197779
2.44544747535	2.35780573023	507.0	2.35780573023	2.44544747535	2.35822454578	507.0	2.35822454578
2.46000371032	2.3577231769	504.0	2.3577231769	2.46000371032	2.35814197779	504.0	2.35814197779
2.46980452191	2.36218105686	502.0	2.36218105686	2.46980452191	2.36260064959	502.0	2.36260064959
2.48465304609	2.36179580797	499.0	2.36179580797	2.48465304609	2.36221533228	499.0	2.36221533228
2.4946516499	2.36600602793	497.0	2.36600602793	2.4946516499	2.36642630009	497.0	2.36642630009
2.50980135628	2.36531808349	494.0	2.36531808349	2.50980135628	2.36573823346	494.0	2.36573823346
2.52000380081	2.36928064346	492.0	2.36928064346	2.52000380081	2.36970149729	492.0	2.36970149729
2.53546394683	2.36829000347	489.0	2.36829000347	2.53546394683	2.36871068133	489.0	2.36871068133
2.54587652977	2.37200490343	487.0	2.37200490343	2.54587652977	2.37242624117	487.0	2.37242624117
2.55637498969	2.37560973228	485.0	2.37560973228	2.55637498969	2.37603171034	485.0	2.37603171034
2.57228603734	2.37417880785	482.0	2.37417880785	2.57228603734	2.37460053174	482.0	2.37460053174
2.58300389583	2.37753597671	480.0	2.37753597671	2.58300389583	2.37795829693	480.0	2.37795829693
2.59381144351	2.38078307445	478.0	2.38078307445	2.59381144351	2.38120597145	478.0	2.38120597145
2.60470981092	2.38392010109	476.0	2.38392010109	2.60470981092	2.38434355532	476.0	2.38434355532
2.61570014768	2.38694705662	474.0	2.38694705662	2.62123016913	2.38233440074	473.0	2.38233440074
2.63236065817	2.38480066997	471.0	2.38480066997	2.63236065817	2.38522428061	471.0	2.38522428061
2.64358607676	2.3875799655	469.0	2.3875799655	2.64358607676	2.38800406983	469.0	2.38800406983
2.65490764454	2.39024918992	467.0	2.39024918992	2.65490764454	2.39067376838	467.0	2.39067376838
2.66632660215	2.39280834323	465.0	2.39280834323	2.66632660215	2.39323337627	465.0	2.39323337627
2.67784421166	2.39525742542	463.0	2.39525742542	2.67784421166	2.39568289349	463.0	2.39568289349
2.68946175705	2.39759643651	461.0	2.39759643651	2.68946175705	2.39802232006	461.0	2.39802232006
2.70118054466	2.39982537649	459.0	2.39982537649	2.70118054466	2.40025165596	459.0	2.40025165596
2.71300190372	2.40194424536	457.0	2.40194424536	2.71300190372	2.4023709012	457.0	2.4023709012
2.72492718681	2.40395304312	455.0	2.40395304312	2.72492718681	2.40438005578	455.0	2.40438005578
2.73695777042	2.40585176976	453.0	2.40585176976	2.73695777042	2.4062791197	453.0	2.4062791197
2.74909505543	2.4076404253	451.0	2.4076404253	2.74909505543	2.40806809296	451.0	2.40806809296
2.76134046771	2.40931900973	449.0	2.40931900973	2.76134046771	2.40974697555	449.0	2.40974697555
2.77369545861	2.41088752305	447.0	2.41088752305	2.77369545861	2.41131576748	447.0	2.41131576748
2.77991450673	2.41776696743	446.0	2.41776696743	2.77991450673	2.41819643385	446.0	2.41819643385
2.79243664414	2.4191428563	444.0	2.4191428563	2.79243664414	2.41957256712	444.0	2.41957256712
2.80507210407	2.42040867407	442.0	2.42040867407	2.80507210407	2.42083860974	442.0	2.42083860974
2.81782243182	2.42156442072	440.0	2.42156442072	2.81782243182	2.42199456169	440.0	2.42199456169
2.83068920091	2.42261009627	438.0	2.42261009627	2.83068920091	2.42304042297	438.0	2.42304042297
2.83716675057	2.42910429176	437.0	2.42910429176	2.83716675057	2.42953577203	437.0	2.42953577203
2.8502111954	2.42995734286	435.0	2.42995734286	2.8502111954	2.43038897465	435.0	2.43038897465
2.86337614319	2.43070032285	433.0	2.43070032285	2.86337614319	2.43113208662	433.0	2.43113208662
2.8700043287	2.43697437613	432.0	2.43697437613	2.8700043287	2.43740725435	432.0	2.43740725435
2.88335318605	2.43752473168	430.0	2.43752473168	2.88335318605	2.43795770766	430.0	2.43795770766
2.89682679907	2.43796501612	428.0	2.43796501612	2.89682679907	2.43839807031	428.0	2.43839807031
2.90361093677	2.44401892717	427.0	2.44401892717	2.90361093677	2.44445305671	427.0	2.44445305671
2.91727498824	2.44426658717	425.0	2.44426658717	2.91727498824	2.4447007607	425.0	2.4447007607
2.92415535377	2.45018290933	424.0	2.45018290933	2.92415535377	2.45061813378	424.0	2.45061813378
2.93801390995	2.45023794488	422.0	2.45023794488	2.93801390995	2.45067317911	422.0	2.45067317911
2.95200445238	2.45018290933	420.0	2.45018290933	2.95200445238	2.45061813378	420.0	2.45061813378
2.95904980907	2.45587908927	419.0	2.45587908927	2.95904980907	2.45631532553	419.0	2.45631532553
2.97324189448	2.45563142928	417.0	2.45563142928	2.97324189448	2.45606762154	417.0	2.45606762154
2.98038911058	2.46119002033	416.0	2.46119002033	2.98038911058	2.46162719997	416.0	2.46162719997
2.9947871256	2.46074973589	414.0	2.46074973589	2.9947871256	2.46118683732	414.0	2.46118683732
3.00203842615	2.46617073806	413.0	2.46617073806	3.00203842615	2.46660880242	413.0	2.46660880242
3.00932492718	2.47153670468	412.0	2.47153670468	3.00932492718	2.47197572219	412.0	2.47197572219
3.02400456098	2.47082124246	410.0	2.47082124246	3.02400456098	2.47126013288	410.0	2.47126013288
3.03139821516	2.47604962019	409.0	2.47604962019	3.03139821516	2.47648943932	409.0	2.47648943932
3.04629452088	2.47514153353	407.0	2.47514153353	3.04629452088	2.47558119136	407.0	2.47558119136
3.05379770936	2.48023232237	406.0	2.48023232237	3.05379770936	2.48067288448	406.0	2.48067288448
3.06133795062	2.48526807565	405.0	2.48526807565	3.06133795062	2.48570953226	405.0	2.48570953226
3.07653069479	2.48408481122	403.0	2.48408481122	3.07653069479	2.48452605764	403.0	2.48452605764
3.08418375622	2.48898297562	402.0	2.48898297562	3.08418375622	2.4894250921	402.0	2.4894250921
