Column 1: energy in eV
Column 2: alpha *1e3 in 1/cm, linear interpolation
Column 3: energy in eV
Column 4: alpha *1e3 in 1/cm, spline interpolation
Column 5: lambda in nm
Column 6: alpha *1e3 in 1/cm, linear interpolation
Column 7: lambda in nm
Column 8: alpha *1e3 in 1/cm, spline interpolation
0.236611043893	0.136232613537	0.236611043893	0.124029159048	5240.0	0.136232613537	5240.0	0.124029159048
0.252000380081	0.0785561219287	0.252000380081	0.0698230355121	4920.0	0.0785561219287	4920.0	0.0698230355121
0.267784421166	0.0393538715688	0.267784421166	0.0342877645232	4630.0	0.0393538715688	4630.0	0.0342877645232
0.283068920091	0.0182274615475	0.283068920091	0.014540951452	4380.0	0.0182274615475	4380.0	0.014540951452
0.298757077108	0.00606941561475	0.298757077108	0.0049209672112	4150.0	0.00606941561475	4150.0	0.0049209672112
0.313884017722	0.00028107017921	0.313884017722	-0.000601602043277	3950.0	0.00028107017921	3950.0	-0.000601602043277
0.329745178191	-0.00200688912898	0.329745178191	-0.00232078716715	3760.0	-0.00200688912898	3760.0	-0.00232078716715
0.345359852368	-0.00313278710858	0.345359852368	-0.00333350884148	3590.0	-0.00313278710858	3590.0	-0.00333350884148
0.361469932945	-0.00321538875193	0.361469932945	-0.00326919200497	3430.0	-0.00321538875193	3430.0	-0.00326919200497
0.376851632219	-0.0033565797873	0.376851632219	-0.0035035399697	3290.0	-0.0033565797873	3290.0	-0.0035035399697
0.392355022152	-0.00367575812114	0.392355022152	-0.00370232905002	3160.0	-0.00367575812114	3160.0	-0.00370232905002
0.407842720395	-0.00382672748641	0.407842720395	-0.00381686498912	3040.0	-0.00382672748641	3040.0	-0.00381686498912
0.423154221843	-0.00409011096835	0.423154221843	-0.00415777641861	2930.0	-0.00409011096835	2930.0	-0.00415777641861
0.438106667845	-0.00509110686186	0.438106667845	-0.00506097823367	2830.0	-0.00509110686186	2830.0	-0.00506097823367
0.454154531136	-0.00527026827052	0.454154531136	-0.00487700709629	2730.0	-0.00527026827052	2730.0	-0.00487700709629
0.46963707197	-0.00587977688772	0.46963707197	-0.00615300829037	2640.0	-0.00587977688772	2640.0	-0.00615300829037
0.486212498039	-0.00669842332519	0.486212498039	-0.00692870662044	2550.0	-0.00669842332519	2550.0	-0.00692870662044
0.500541731934	-0.00867444183754	0.500541731934	-0.00924921348124	2477.0	-0.00867444183754	2477.0	-0.00924921348124
0.516600779167	-0.00784032780889	0.516600779167	-0.00770703469784	2400.0	-0.00784032780889	2400.0	-0.00770703469784
0.531892694123	-0.00592101497408	0.531892694123	-0.0053377456456	2331.0	-0.00592101497408	2331.0	-0.0053377456456
0.547391554084	-0.00512746743538	0.547391554084	-0.00554449613771	2265.0	-0.00512746743538	2265.0	-0.00554449613771
0.564077283894	-0.00462892289427	0.564077283894	-0.00434695067638	2198.0	-0.00462892289427	2198.0	-0.00434695067638
0.57855430238	-0.00861476486069	0.57855430238	-0.0090743276439	2143.0	-0.00861476486069	2143.0	-0.0090743276439
0.594078519406	-0.00576416251472	0.594078519406	-0.00650090561218	2087.0	-0.00576416251472	2087.0	-0.00650090561218
0.609558441495	-0.00442680340385	0.609558441495	-0.00423230138271	2034.0	-0.00442680340385	2034.0	-0.00423230138271
0.624920297379	-0.00165085704543	0.624920297379	-0.00205262181494	1984.0	-0.00165085704543	1984.0	-0.00205262181494
0.64041418905	0.00268920826852	0.64041418905	0.00217070404478	1936.0	0.00268920826852	1936.0	0.00217070404478
0.656000989418	0.00863747802698	0.656000989418	0.008558892286	1890.0	0.00863747802698	1890.0	0.008558892286
0.671273345966	0.0150510132909	0.671273345966	0.0150940892321	1847.0	0.0150510132909	1847.0	0.0150940892321
0.68689300277	0.0208085919955	0.68689300277	0.0210463065162	1805.0	0.0208085919955	1805.0	0.0210463065162
0.702459983003	0.0255730240734	0.702459983003	0.0258599121618	1765.0	0.0255730240734	1765.0	0.0258599121618
0.717916543138	0.0297318926473	0.717916543138	0.0300116341514	1727.0	0.0297318926473	1727.0	0.0300116341514
0.733200396215	0.0320945064351	0.733200396215	0.0325514440761	1691.0	0.0320945064351	1691.0	0.0325514440761
0.748696781401	0.0325696378346	0.748696781401	0.0330389582339	1656.0	0.0325696378346	1656.0	0.0330389582339
0.764390795314	0.0313062658287	0.764390795314	0.0316517100494	1622.0	0.0313062658287	1622.0	0.0316517100494
0.779774761006	0.0285835549582	0.779774761006	0.028723796148	1590.0	0.0285835549582	1590.0	0.028723796148
0.794770429487	0.0247120970131	0.794770429487	0.0247895273481	1560.0	0.0247120970131	1560.0	0.0247895273481
0.810354163399	0.0208857780298	0.810354163399	0.0209314050206	1530.0	0.0208857780298	1530.0	0.0209314050206
0.826010572951	0.0166391354521	0.826010572951	0.0166144516006	1501.0	0.0166391354521	1501.0	0.0166144516006
0.841141024423	0.0125216822693	0.841141024423	0.0122020000139	1474.0	0.0125216822693	1474.0	0.0122020000139
0.856244385359	0.0088327396976	0.856244385359	0.00855502757107	1448.0	0.0088327396976	1448.0	0.00855502757107
0.871900049226	0.00643747660116	0.871900049226	0.00642991785619	1422.0	0.00643747660116	1422.0	0.00642991785619
0.887503128132	0.00508312239761	0.887503128132	0.00499799676573	1397.0	0.00508312239761	1397.0	0.00499799676573
0.902359439592	0.00209959434828	0.902359439592	0.00229374817669	1374.0	0.00209959434828	1374.0	0.00229374817669
0.917721591414	-0.000579402387471	0.917721591414	-0.000577662860255	1351.0	-0.000579402387471	1351.0	-0.000577662860255
0.932913370956	-0.00274788437846	0.932913370956	-0.0033682336122	1329.0	-0.00274788437846	1329.0	-0.0033682336122
0.949342932619	-0.00386781778453	0.949342932619	-0.00414364305301	1306.0	-0.00386781778453	1306.0	-0.00414364305301
0.963358096348	-0.00440905337586	0.963358096348	-0.00445690411432	1287.0	-0.00440905337586	1287.0	-0.00445690411432
0.978565011839	-0.00380305313259	0.978565011839	-0.00382923125931	1267.0	-0.00380305313259	1267.0	-0.00382923125931
0.994259719326	-0.00405231366747	0.994259719326	-0.00387788098196	1247.0	-0.00405231366747	1247.0	-0.00387788098196
1.00882170057	-0.0052336345095	1.00882170057	-0.00519977068519	1229.0	-0.0052336345095	1229.0	-0.00519977068519
1.02466270248	-0.00544218027664	1.02466270248	-0.00565262123932	1210.0	-0.00544218027664	1210.0	-0.00565262123932
1.03926393127	-0.00602870048062	1.03926393127	-0.00621045530478	1193.0	-0.00602870048062	1193.0	-0.00621045530478
1.05518457021	-0.00532517181311	1.05518457021	-0.00536931913205	1175.0	-0.00532517181311	1175.0	-0.00536931913205
1.06975139776	-0.00535951711027	1.06975139776	-0.00538114564449	1159.0	-0.00535951711027	1159.0	-0.00538114564449
1.08472604549	-0.00502549591579	1.08472604549	-0.00498901718404	1143.0	-0.00502549591579	1143.0	-0.00498901718404
1.10012588287	-0.00493630667871	1.10012588287	-0.00491401921598	1127.0	-0.00493630667871	1127.0	-0.00491401921598
1.11496571043	-0.00555229676603	1.11496571043	-0.00563274658553	1112.0	-0.00555229676603	1112.0	-0.00563274658553
1.13021136737	-0.00552878089586	1.13021136737	-0.0055938972041	1097.0	-0.00552878089586	1097.0	-0.0055938972041
1.14587973198	-0.00490228983054	1.14587973198	-0.00498826365838	1082.0	-0.00490228983054	1082.0	-0.00498826365838
1.16090062734	-0.00454522040382	1.16090062734	-0.00459768398077	1068.0	-0.00454522040382	1068.0	-0.00459768398077
1.17632055977	-0.00453738168052	1.17632055977	-0.00447767095761	1054.0	-0.00453738168052	1054.0	-0.00447767095761
1.19101044188	-0.00470607472487	1.19101044188	-0.00469996111807	1041.0	-0.00470607472487	1041.0	-0.00469996111807
1.20607185798	-0.00439245054741	1.20607185798	-0.00442035048958	1028.0	-0.00439245054741	1028.0	-0.00442035048958
1.22031680118	-0.00496664238709	1.22031680118	-0.00503681474192	1016.0	-0.00496664238709	1016.0	-0.00503681474192
1.23613346959	-0.00466032829557	1.23613346959	-0.0049083101767	1003.0	-0.00466032829557	1003.0	-0.0049083101767
1.25110178607	-0.00423189549572	1.25110178607	-0.00424886363573	991.0	-0.00423189549572	991.0	-0.00424886363573
1.26514476531	-0.00369402214124	1.26514476531	-0.00366486377212	980.0	-0.00369402214124	980.0	-0.00366486377212
1.2808283781	-0.00281652398879	1.2808283781	-0.00286132530067	968.0	-0.00281652398879	968.0	-0.00286132530067
1.29555054336	-0.00325485891713	1.29555054336	-0.00312609663116	957.0	-0.00325485891713	957.0	-0.00312609663116
1.31061508457	-0.00322161478174	1.31061508457	-0.00327143717216	946.0	-0.00322161478174	946.0	-0.00327143717216
1.32603408556	-0.00255354953947	1.32603408556	-0.00269968262933	935.0	-0.00255354953947	935.0	-0.00269968262933
1.34036958919	-0.0027264449511	1.34036958919	-0.00279311035829	925.0	-0.0027264449511	925.0	-0.00279311035829
1.35501843716	-0.00270181784256	1.35501843716	-0.00273439210315	915.0	-0.00270181784256	915.0	-0.00273439210315
1.36999101657	-0.0019491188653	1.36999101657	-0.00205890362024	905.0	-0.0019491188653	905.0	-0.00205890362024
1.38529817877	-0.00110299327817	1.38529817877	-0.00106954583423	895.0	-0.00110299327817	895.0	-0.00106954583423
1.39937005643	-0.00100898690253	1.39937005643	-0.000910264688785	886.0	-0.00100898690253	886.0	-0.000910264688785
1.41373075257	-0.00126200491726	1.41373075257	-0.00131073717308	877.0	-0.00126200491726	877.0	-0.00131073717308
1.42838925115	-0.00147584379189	1.42838925115	-0.00156438982691	868.0	-0.00147584379189	868.0	-0.00156438982691
1.44335491269	-0.00130043123997	1.44335491269	-0.00130576720494	859.0	-0.00130043123997	859.0	-0.00130576720494
1.45863749412	-0.000729596924168	1.45863749412	-0.000750496451527	850.0	-0.000729596924168	850.0	-0.000750496451527
1.47249628266	-0.00220914977245	1.47249628266	-0.00228066815868	842.0	-0.00220914977245	842.0	-0.00228066815868
1.48840560624	-0.00144540472301	1.48840560624	-0.00137306684633	833.0	-0.00144540472301	833.0	-0.00137306684633
1.5028386303	-0.00131446454546	1.5028386303	-0.00116997239446	825.0	-0.00131446454546	825.0	-0.00116997239446
1.51755430845	-0.00108251453552	1.51755430845	-0.0014773610742	817.0	-0.00108251453552	817.0	-0.0014773610742
1.53256102596	-0.000734239234223	1.53256102596	-0.00162807401499	809.0	-0.000734239234223	809.0	-0.00162807401499
1.54593749377	0.000140159944316	1.54593749377	0.000173722437494	802.0	0.000140159944316	802.0	0.000173722437494
1.56151369018	0.00678387283796	1.56151369018	0.00677055770396	794.0	0.00678387283796	794.0	0.00677055770396
1.57540263024	0.010585589058	1.57540263024	0.0108718921558	787.0	0.010585589058	787.0	0.0108718921558
1.58954085897	0.0102740030814	1.58954085897	0.011125061704	780.0	0.0102740030814	780.0	0.011125061704
1.60393514877	0.0102222698503	1.60393514877	0.00998224078112	773.0	0.0102222698503	773.0	0.00998224078112
1.61859251958	0.0102538544636	1.61859251958	0.00989979504178	766.0	0.0102538544636	766.0	0.00989979504178
1.63352025033	0.0110599917475	1.63352025033	0.0109346816776	759.0	0.0110599917475	759.0	0.0109346816776
1.64872589096	0.0124235556179	1.64872589096	0.0124677162607	752.0	0.0124235556179	752.0	0.0124677162607
1.66198642091	0.0126715977165	1.66198642091	0.0129076745878	746.0	0.0126715977165	746.0	0.0129076745878
1.67772918809	0.013374608241	1.67772918809	0.0133404321687	739.0	0.013374608241	739.0	0.0133404321687
1.69146230559	0.0123661418255	1.69146230559	0.0123816206516	733.0	0.0123661418255	733.0	0.0123816206516
1.70542210454	0.0117395351571	1.70542210454	0.0117102177276	727.0	0.0117395351571	727.0	0.0117102177276
1.71961424411	0.0119447558409	1.71961424411	0.0115692576823	721.0	0.0119447558409	721.0	0.0115692576823
1.73404457343	0.0121132830442	1.73404457343	0.0120837242913	715.0	0.0121132830442	715.0	0.0120837242913
1.74871913963	0.0130123355629	1.74871913963	0.0130704520024	709.0	0.0130123355629	709.0	0.0130704520024
1.76113901989	0.0134264585298	1.76113901989	0.0132863158445	704.0	0.0134264585298	704.0	0.0132863158445
1.77627775072	0.0139784928673	1.77627775072	0.0140251464703	698.0	0.0139784928673	698.0	0.0140251464703
1.79167900289	0.0146516215961	1.79167900289	0.0147591275808	692.0	0.0146516215961	692.0	0.0147591275808
1.80471887918	0.0150519254447	1.80471887918	0.0150006762343	687.0	0.0150519254447	687.0	0.0150006762343
1.81794995601	0.0148081508267	1.81794995601	0.0147413225687	682.0	0.0148081508267	682.0	0.0147413225687
1.83408560651	0.014923562061	1.83408560651	0.01505282406	676.0	0.014923562061	676.0	0.01505282406
1.84775241431	0.0149823445715	1.84775241431	0.0148256771238	671.0	0.0149823445715	671.0	0.0148256771238
1.86162442943	0.0154437018204	1.86162442943	0.0150866451236	666.0	0.0154437018204	666.0	0.0150866451236
1.87570630862	0.0157268560079	1.87570630862	0.0158336923147	661.0	0.0157268560079	661.0	0.0158336923147
1.89000285061	0.0171756521474	1.89000285061	0.0173200993441	656.0	0.0171756521474	656.0	0.0173200993441
1.90451900154	0.0184395696994	1.90451900154	0.0183799126063	651.0	0.0184395696994	651.0	0.0183799126063
1.91629346213	0.0170734549957	1.91629346213	0.0171862246715	647.0	0.0170734549957	647.0	0.0171862246715
1.93121786604	0.0166195005252	1.93121786604	0.016844013562	642.0	0.0166195005252	642.0	0.016844013562
1.94637656201	0.0173090516117	1.94637656201	0.0171231311845	637.0	0.0173090516117	637.0	0.0171231311845
1.95867593997	0.0164938600866	1.95867593997	0.0160980646846	633.0	0.0164938600866	633.0	0.0160980646846
1.97113174881	0.0157407934219	1.97113174881	0.0154955863952	629.0	0.0157407934219	629.0	0.0154955863952
1.98692607372	0.0189199335677	1.98692607372	0.0189690011407	624.0	0.0189199335677	624.0	0.0189690011407
1.99974495161	0.021833732386	1.99974495161	0.021797022109	620.0	0.021833732386	620.0	0.021797022109
2.01273030844	0.0225706018316	2.01273030844	0.0227909817546	616.0	0.0225706018316	616.0	0.0227909817546
2.02920109656	0.0226153853572	2.02920109656	0.023130977519	611.0	0.0226153853572	611.0	0.023130977519
2.0425730972	0.0233229044761	2.0425730972	0.0231733796942	607.0	0.0233229044761	607.0	0.0231733796942
2.05612250415	0.0239267041896	2.05612250415	0.0233581106996	603.0	0.0239267041896	603.0	0.0233581106996
2.06985287145	0.0235091417168	2.06985287145	0.0233954823579	599.0	0.0235091417168	599.0	0.0233954823579
2.08376784874	0.0251606818526	2.08376784874	0.025452360591	595.0	0.0251606818526	595.0	0.025452360591
2.09432748311	0.0265003821627	2.09432748311	0.0264352494882	592.0	0.0265003821627	592.0	0.0264352494882
2.10857460884	0.0266788718982	2.10857460884	0.0267397371665	588.0	0.0266788718982	588.0	0.0267397371665
2.12301690068	0.0251496155356	2.12301690068	0.0252072558305	584.0	0.0251496155356	584.0	0.0252072558305
2.13765839655	0.0268271303476	2.13765839655	0.0263356656957	580.0	0.0268271303476	580.0	0.0263356656957
2.1487727383	0.0283460199639	2.1487727383	0.0281161548841	577.0	0.0283460199639	577.0	0.0281161548841
2.16377289703	0.0312355648692	2.16377289703	0.0315836095226	573.0	0.0312355648692	573.0	0.0315836095226
2.17516117544	0.0315816544059	2.17516117544	0.0318098088814	570.0	0.0315816544059	570.0	0.0318098088814
2.19053333922	0.031986296867	2.19053333922	0.0323209351187	566.0	0.031986296867	566.0	0.0323209351187
2.20220580817	0.0311532563393	2.20220580817	0.0311507350963	563.0	0.0311532563393	563.0	0.0311507350963
2.21796398927	0.0313829013309	2.21796398927	0.0304542542464	559.0	0.0313829013309	559.0	0.0304542542464
2.22993142086	0.0303274291751	2.22993142086	0.0302828867643	556.0	0.0303274291751	556.0	0.0302828867643
2.24202869801	0.0323277575409	2.24202869801	0.0326070513661	553.0	0.0323277575409	553.0	0.0326070513661
2.25836406193	0.0377586359703	2.25836406193	0.0372157107041	549.0	0.0377586359703	549.0	0.0372157107041
2.27077265568	0.0361102200904	2.27077265568	0.0365628300189	546.0	0.0361102200904	546.0	0.0365628300189
2.28331836096	0.0357688645761	2.28331836096	0.0358224556608	543.0	0.0357688645761	543.0	0.0358224556608
2.29600346296	0.0378939737389	2.29600346296	0.0372257549533	540.0	0.0378939737389	540.0	0.0372257549533
2.30883029795	0.0386928705787	2.30883029795	0.0388503906158	537.0	0.0386928705787	537.0	0.0388503906158
2.32180125468	0.0397179336453	2.32180125468	0.0397563548791	534.0	0.0397179336453	534.0	0.0397563548791
2.33491877589	0.0406594854915	2.33491877589	0.0410442697851	531.0	0.0406594854915	531.0	0.0410442697851
2.34818535985	0.0429110957512	2.34818535985	0.0420596436616	528.0	0.0429110957512	528.0	0.0420596436616
2.3616035619	0.0435691773947	2.3616035619	0.0430201964869	525.0	0.0435691773947	525.0	0.0430201964869
2.37517599617	0.0461147721802	2.37517599617	0.0469313617054	522.0	0.0461147721802	522.0	0.0469313617054
2.38431128846	0.0491021080295	2.38431128846	0.0489054304593	520.0	0.0491021080295	520.0	0.0489054304593
2.39814675048	0.0491891960958	2.39814675048	0.0495476292255	517.0	0.0491891960958	517.0	0.0495476292255
2.41214371595	0.0466271996433	2.41214371595	0.046510456456	514.0	0.0466271996433	514.0	0.046510456456
2.42630502935	0.049644895429	2.42630502935	0.0483092902926	511.0	0.049644895429	511.0	0.0483092902926
2.4358386444	0.0531133704982	2.4358386444	0.0526417420289	509.0	0.0531133704982	509.0	0.0526417420289
2.45028037549	0.0622364937812	2.45028037549	0.0630842350808	506.0	0.0622364937812	506.0	0.0630842350808
2.46000371032	0.0657156663504	2.46000371032	0.0662842298272	504.0	0.0657156663504	504.0	0.0662842298272
2.47473427146	0.0670871312787	2.47473427146	0.0673453703417	501.0	0.0670871312787	501.0	0.0673453703417
2.48964230924	0.0681214621959	2.48964230924	0.0677613470475	498.0	0.0681214621959	498.0	0.0677613470475
2.49968118952	0.0704488007122	2.49968118952	0.0697601022242	496.0	0.0704488007122	496.0	0.0697601022242
2.51489223124	0.0773067764454	2.51489223124	0.0773423850377	493.0	0.0773067764454	493.0	0.0773423850377
2.52513619145	0.0795005347995	2.52513619145	0.0802141472183	491.0	0.0795005347995	491.0	0.0802141472183
2.53546394683	0.0798842166228	2.53546394683	0.0808340283024	489.0	0.0798842166228	489.0	0.0808340283024
2.55111495885	0.0797371856136	2.55111495885	0.0789909670379	486.0	0.0797371856136	486.0	0.0789909670379
2.5616567562	0.0775561747631	2.5616567562	0.0763092925467	484.0	0.0775561747631	484.0	0.0763092925467
2.57228603734	0.0792209024975	2.57228603734	0.0788195180434	482.0	0.0792209024975	482.0	0.0788195180434
2.58839638831	0.0936011593836	2.58839638831	0.0940728193545	479.0	0.0936011593836	479.0	0.0940728193545
2.59924920335	0.10095736746	2.59924920335	0.100329428559	477.0	0.10095736746	477.0	0.100329428559
2.61019341053	0.101325792366	2.61019341053	0.102247292075	475.0	0.101325792366	475.0	0.102247292075
2.62123016913	0.106365957174	2.62123016913	0.106389908865	473.0	0.106365957174	473.0	0.106389908865
2.63796142553	0.12226213654	2.63796142553	0.120191680412	470.0	0.12226213654	470.0	0.120191680412
2.64923476496	0.124783407645	2.64923476496	0.125827986529	468.0	0.124783407645	468.0	0.125827986529
2.66060487124	0.13067805612	2.66060487124	0.130676393643	466.0	0.13067805612	466.0	0.130676393643
2.67207299569	0.138956498163	2.67207299569	0.137907571452	464.0	0.138956498163	464.0	0.137907571452
2.68364041126	0.145492382876	2.68364041126	0.145971493709	462.0	0.145492382876	462.0	0.145971493709
2.69530841304	0.154581701803	2.69530841304	0.154254883607	460.0	0.154581701803	460.0	0.154254883607
2.70707831878	0.163261374748	2.70707831878	0.163040231618	458.0	0.163261374748	458.0	0.163040231618
2.7189514693	0.172936349431	2.7189514693	0.172762940272	456.0	0.172936349431	456.0	0.172762940272
2.73092922907	0.182648921224	2.73092922907	0.18352415636	454.0	0.182648921224	454.0	0.18352415636
2.74301298673	0.194676772159	2.74301298673	0.19332944152	452.0	0.194676772159	452.0	0.19332944152
2.75520415556	0.20361157301	2.75520415556	0.202795247542	450.0	0.20361157301	450.0	0.202795247542
2.76750417411	0.216410429074	2.76750417411	0.217428920024	448.0	0.216410429074	448.0	0.217428920024
2.77369545861	0.225310597784	2.77369545861	0.224029910482	447.0	0.225310597784	447.0	0.224029910482
2.78616150562	0.236528479988	2.78616150562	0.237742006361	445.0	0.236528479988	445.0	0.237742006361
2.79874011287	0.247600913144	2.79874011287	0.250238858253	443.0	0.247600913144	443.0	0.250238858253
2.81143281179	0.264871152305	2.81143281179	0.262966618419	441.0	0.264871152305	441.0	0.262966618419
2.82424116173	0.273630208621	2.82424116173	0.271564142057	439.0	0.273630208621	439.0	0.271564142057
2.83716675057	0.284977097739	2.83716675057	0.285055155745	437.0	0.284977097739	437.0	0.285055155745
2.84367401376	0.296782116783	2.84367401376	0.296098367787	436.0	0.296782116783	436.0	0.296098367787
2.8567785023	0.322289336378	2.8567785023	0.323494910184	434.0	0.322289336378	434.0	0.323494910184
2.8700043287	0.333889779525	2.8700043287	0.335328542364	432.0	0.333889779525	432.0	0.335328542364
2.87666327146	0.336270379364	2.87666327146	0.336191342678	431.0	0.336270379364	431.0	0.336191342678
2.89007428904	0.349202004497	2.89007428904	0.345927892288	429.0	0.349202004497	429.0	0.345927892288
2.90361093677	0.368707334497	2.90361093677	0.367516545402	427.0	0.368707334497	427.0	0.367516545402
2.91042692488	0.381000071572	2.91042692488	0.380879407676	426.0	0.381000071572	426.0	0.380879407676
2.92415535377	0.413218893803	2.92415535377	0.413516124787	424.0	0.413218893803	424.0	0.413516124787
2.93106825059	0.4257541017	2.93106825059	0.426599341769	423.0	0.4257541017	423.0	0.426599341769
2.94499256532	0.449544734951	2.94499256532	0.450887441406	421.0	0.449544734951	421.0	0.450887441406
2.95904980907	0.473351030352	2.95904980907	0.473204333979	419.0	0.473351030352	419.0	0.473204333979
2.9661288756	0.483556855316	2.9661288756	0.482954818443	418.0	0.483556855316	418.0	0.482954818443
2.98038911058	0.508474970497	2.98038911058	0.508317512367	416.0	0.508474970497	416.0	0.508317512367
2.98757077108	0.521473558476	2.98757077108	0.521716933353	415.0	0.521473558476	415.0	0.521716933353
3.00203842615	0.552552672463	3.00203842615	0.552360919931	413.0	0.552552672463	413.0	0.552360919931
3.00932492718	0.563697857998	3.00932492718	0.564157080682	412.0	0.563697857998	412.0	0.564157080682
3.01664688564	0.574427697739	3.01664688564	0.5752718123	411.0	0.574427697739	411.0	0.5752718123
3.03139821516	0.601461037972	3.03139821516	0.600577486117	409.0	0.601461037972	409.0	0.600577486117
3.03882811275	0.612527161497	3.03882811275	0.611005301953	408.0	0.612527161497	408.0	0.611005301953
3.05379770936	0.644771878964	3.05379770936	0.643453159884	406.0	0.644771878964	406.0	0.643453159884
3.06133795062	0.668840489994	3.06133795062	0.667785452964	405.0	0.668840489994	405.0	0.667785452964
3.0689155198	0.69662646408	3.0689155198	0.696559282804	404.0	0.69662646408	404.0	0.696559282804
3.08418375622	0.751537636211	3.08418375622	0.75398820204	402.0	0.751537636211	402.0	0.75398820204
3.09187498753	0.776374903836	3.09187498753	0.776810537798	401.0	0.776374903836	401.0	0.776810537798
3.099604675	0.79896290537	3.099604675	0.797374588067	400.0	0.79896290537	400.0	0.797374588067
3.11518057789	0.851951833778	3.11518057789	0.850308621367	398.0	0.851951833778	398.0	0.850308621367
3.12302738035	0.886954622216	3.12302738035	0.886554837504	397.0	0.886954622216	397.0	0.886554837504
3.13091381313	0.927644345955	3.13091381313	0.927429994653	396.0	0.927644345955	396.0	0.927429994653
3.13884017722	0.964657987384	3.13884017722	0.96633080768	395.0	0.964657987384	395.0	0.96633080768
3.15481391858	1.04224306262	3.15481391858	1.04283661455	393.0	1.04224306262	393.0	1.04283661455
3.16286191327	1.08997696758	3.16286191327	1.08587951494	392.0	1.08997696758	392.0	1.08587951494
3.17095107417	1.14131830517	3.17095107417	1.14040714481	391.0	1.14131830517	391.0	1.14040714481
3.17095107417	1.16316907714	3.17095107417	1.16319976931	391.0	1.16316907714	391.0	1.16319976931
3.17908171795	1.1758543752	3.17908171795	1.17588578638	390.0	1.1758543752	390.0	1.17588578638
3.18725416452	1.26136124675	3.18725416452	1.26139773171	389.0	1.26136124675	389.0	1.26139773171
3.19546873711	1.30189757141	3.19546873711	1.30193642767	388.0	1.30189757141	388.0	1.30193642767
3.20372576227	1.37089743338	3.20372576227	1.37094036869	387.0	1.37089743338	387.0	1.37094036869
3.21202556995	1.44170545414	3.21202556995	1.44175261095	386.0	1.44170545414	386.0	1.44175261095
3.22036849351	1.50124072535	3.22036849351	1.50129140269	385.0	1.50124072535	385.0	1.50129140269
3.22875486979	1.59073454667	3.22875486979	1.5907905508	384.0	1.59073454667	384.0	1.5907905508
3.23718503916	1.65418721025	3.23718503916	1.65424699467	383.0	1.65418721025	383.0	1.65424699467
3.24565934555	1.75154456018	3.24565934555	1.75161018105	382.0	1.75154456018	382.0	1.75161018105
3.25417813648	1.83020661347	3.25417813648	1.83027695902	381.0	1.83020661347	381.0	1.83027695902
3.26274176316	1.93253797592	3.26274176316	1.9326144714	380.0	1.93253797592	380.0	1.9326144714
3.27135058047	2.0311531287	3.27135058047	2.03123556029	379.0	2.0311531287	379.0	2.03123556029
3.28000494709	2.14385753312	3.28000494709	2.14394672226	378.0	2.14385753312	378.0	2.14394672226
3.28870522546	2.25922513	3.28870522546	2.25932125089	377.0	2.25922513	377.0	2.25932125089
3.29745178191	2.38483121938	3.29745178191	2.38493493288	376.0	2.38483121938	376.0	2.38493493288
3.30624498667	2.5174647008	3.30624498667	2.5175764386	375.0	2.5174647008	375.0	2.5175764386
3.3150852139	2.65705919582	3.3150852139	2.6571793944	374.0	2.65705919582	374.0	2.6571793944
3.32397284182	2.80701786729	3.32397284182	2.80714713473	373.0	2.80701786729	373.0	2.80714713473
3.33290825269	2.96506411979	3.33290825269	2.9652029373	372.0	2.96506411979	372.0	2.9652029373
3.34189183288	3.13402016639	3.34189183288	3.13416925316	371.0	3.13402016639	371.0	3.13416925316
3.35092397297	3.31433475973	3.35092397297	3.3144947654	370.0	3.31433475973	370.0	3.3144947654
3.36000506775	3.50742915874	3.36000506775	3.50760086597	369.0	3.50742915874	369.0	3.50760086597
3.3691355163	3.71006636185	3.3691355163	3.71025037308	368.0	3.71006636185	368.0	3.71025037308
3.37831572207	3.92302200528	3.37831572207	3.92321892601	367.0	3.92302200528	367.0	3.92321892601
3.3875460929	4.14529743194	3.3875460929	4.14550784381	366.0	4.14529743194	366.0	4.14550784381
3.3968270411	4.38360899421	3.3968270411	4.38383389414	365.0	4.38360899421	365.0	4.38383389414
3.40615898352	4.63240259727	3.40615898352	4.63264260338	364.0	4.63240259727	364.0	4.63264260338
3.4155423416	4.89377640262	3.4155423416	4.89403229157	363.0	4.89377640262	363.0	4.89403229157
3.42497754144	5.1664364989	3.42497754144	5.1667089276	362.0	5.1664364989	362.0	5.1667089276
3.43446501385	5.45113362996	3.43446501385	5.45142337824	361.0	5.45113362996	361.0	5.45142337824
3.44400519444	5.7541307656	3.44400519444	5.75443892175	360.0	5.7541307656	360.0	5.75443892175
3.45359852368	6.14188174042	3.45359852368	6.14221334477	359.0	6.14188174042	359.0	6.14221334477
3.46324544693	6.50162116883	3.46324544693	6.50197464996	358.0	6.50162116883	358.0	6.50197464996
3.47294641457	6.85783127889	3.47294641457	6.85820641872	357.0	6.85783127889	357.0	6.85820641872
3.48270188202	7.25404079098	3.48270188202	7.25444004869	356.0	7.25404079098	356.0	7.25444004869
3.49251230986	7.73417811159	3.49251230986	7.73460660301	355.0	7.73417811159	355.0	7.73460660301
3.50237816384	8.21120427143	3.50237816384	8.21166178958	354.0	8.21120427143	354.0	8.21166178958
3.51229991501	8.76238769531	3.51229991501	8.76287877608	353.0	8.76238769531	353.0	8.76287877608
3.52227803977	9.52240331973	3.52227803977	9.52294074391	352.0	9.52240331973	352.0	9.52294074391
3.53231301994	10.654089776	3.53231301994	10.6546960804	351.0	10.654089776	351.0	10.6546960804
3.54240534286	11.5650158761	3.54240534286	11.565679293	350.0	11.5650158761	350.0	11.565679293
3.55255550143	11.6817190548	3.55255550143	11.6823899835	349.0	11.6817190548	349.0	11.6823899835
3.56276399425	14.0578048584	3.56276399425	14.058650739	348.0	14.0578048584	348.0	14.058650739
3.57303132565	11.1770475177	3.57303132565	11.1776850461	347.0	11.1770475177	347.0	11.1776850461
3.58335800578	10.7591446787	3.58335800578	10.75975697	346.0	10.7591446787	346.0	10.75975697
3.59374455072	13.4820151765	3.59374455072	13.4827279199	345.0	13.4820151765	345.0	13.4827279199
3.60419148256	11.8141068801	3.60419148256	11.8147832727	344.0	11.8141068801	344.0	11.8147832727
3.61469932945	10.613414409	3.61469932945	10.6140175523	343.0	10.613414409	343.0	10.6140175523
3.62526862573	12.0053243181	3.62526862573	12.0060172537	342.0	12.0053243181	342.0	12.0060172537
3.63589991202	10.4849767643	3.63589991202	10.4855716375	341.0	10.4849767643	341.0	10.4855716375
3.64659373529	14.195660455	3.64659373529	14.1964602766	340.0	14.195660455	340.0	14.1964602766
3.65735064897	11.2318966304	3.65735064897	11.2325368852	339.0	11.2318966304	339.0	11.2325368852
3.66817121302	11.2859581995	3.66817121302	11.2866013295	338.0	11.2859581995	338.0	11.2866013295
3.67905599407	10.8661281803	3.67905599407	10.8667465156	337.0	10.8661281803	337.0	10.8667465156
3.69000556548	10.7388432925	3.69000556548	10.7394531368	336.0	10.7388432925	336.0	10.7394531368
3.70102050746	12.0198956725	3.70102050746	12.0205892984	335.0	12.0198956725	335.0	12.0205892984
3.71210140719	11.3372830003	3.71210140719	11.3379300195	334.0	11.3372830003	334.0	11.3379300195
3.72324885886	10.7683036353	3.72324885886	10.7689152626	333.0	10.7683036353	333.0	10.7689152626
3.73446346386	10.5934896775	3.73446346386	10.5940903685	332.0	10.5934896775	332.0	10.5940903685
3.74574583082	11.3318481794	3.74574583082	11.3324948995	331.0	11.3318481794	331.0	11.3324948995
3.75709657576	10.7489778407	3.75709657576	10.749587583	330.0	10.7489778407	330.0	10.749587583
3.76851632219	10.137676814	3.76851632219	10.1382496164	329.0	10.137676814	329.0	10.1382496164
3.78000570122	10.6672725095	3.78000570122	10.6678771491	328.0	10.6672725095	328.0	10.6678771491
3.79156535168	11.0352413858	3.79156535168	11.0358683823	327.0	11.0352413858	327.0	11.0358683823
3.80319592025	11.566809345	3.80319592025	11.5674705769	326.0	11.566809345	326.0	11.5674705769
3.81489806154	11.1009780156	3.81489806154	11.1016085212	325.0	11.1009780156	325.0	11.1016085212
3.82667243827	13.3821182729	3.82667243827	13.3828978093	324.0	13.3821182729	324.0	13.3828978093
3.83851972136	10.4698343502	3.83851972136	10.4704268401	323.0	10.4698343502	323.0	10.4704268401
3.85044059006	10.7655211629	3.85044059006	10.7661310603	322.0	10.7655211629	322.0	10.7661310603
3.86243573209	10.8547761926	3.86243573209	10.8553923561	321.0	10.8547761926	321.0	10.8553923561
3.87450584375	10.4469596638	3.87450584375	10.4475502761	320.0	10.4469596638	320.0	10.4475502761
3.88665163009	10.8334393412	3.88665163009	10.8340536636	319.0	10.8334393412	319.0	10.8340536636
3.89887380503	11.1726807482	3.89887380503	11.1733160135	318.0	11.1726807482	318.0	11.1733160135
3.91117309148	10.32181609	3.91117309148	10.3223987722	317.0	10.32181609	317.0	10.3223987722
3.92355022152	11.1610416728	3.92355022152	11.1616754423	316.0	11.1610416728	316.0	11.1616754423
3.93600593651	10.594852705	3.93600593651	10.5954516302	315.0	10.594852705	315.0	10.5954516302
3.94854098726	10.6977303798	3.94854098726	10.6983355539	314.0	10.6977303798	314.0	10.6983355539
3.96115613419	12.0153602385	3.96115613419	12.0160453837	313.0	12.0153602385	313.0	12.0160453837
3.97385214744	10.1372819196	3.97385214744	10.1378526914	312.0	10.1372819196	312.0	10.1378526914
3.98662980707	11.5007495987	3.98662980707	11.501402833	311.0	11.5007495987	311.0	11.501402833
3.99948990323	10.4693912448	3.99948990323	10.4699818767	310.0	10.4693912448	310.0	10.4699818767
4.01243323625	11.5785920206	4.01243323625	11.5792502737	309.0	11.5785920206	309.0	11.5792502737
4.02546061688	10.7404473654	4.02546061688	10.741054498	308.0	10.7404473654	308.0	10.741054498
4.03857286645	10.7564080836	4.03857286645	10.7570151217	307.0	10.7564080836	307.0	10.7570151217
4.05177081699	11.0923333709	4.05177081699	11.0929615473	306.0	11.0923333709	306.0	11.0929615473
4.06505531148	10.8782774659	4.06505531148	10.878892602	305.0	10.8782774659	305.0	10.878892602
4.07842720395	16.3617775285	4.07842720395	16.3629804485	304.0	16.3617775285	304.0	16.3629804485
4.09188735974	12.0889128952	4.09188735974	12.0896030185	303.0	12.0889128952	303.0	12.0896030185
4.10543665563	10.4099643763	4.10543665563	10.4105502694	302.0	10.4099643763	302.0	10.4105502694
4.11907598007	10.4774332477	4.11907598007	10.4780231376	301.0	10.4774332477	301.0	10.4780231376
4.13280623333	11.4761807986	4.13280623333	11.4768313377	300.0	11.4761807986	300.0	11.4768313377
4.14662832776	10.6558226936	4.14662832776	10.6564231873	299.0	10.6558226936	299.0	10.6564231873
4.16054318792	11.312882477	4.16054318792	11.3135234135	298.0	11.312882477	298.0	11.3135234135
4.17455175084	10.1864912612	4.17455175084	10.1870627615	297.0	10.1864912612	297.0	10.1870627615
4.18865496622	10.4819337193	4.18865496622	10.4825231224	296.0	10.4819337193	296.0	10.4825231224
4.20285379661	10.9491012396	4.20285379661	10.9497188842	295.0	10.9491012396	295.0	10.9497188842
4.21714921769	11.5049777098	4.21714921769	11.5056286591	294.0	11.5049777098	294.0	11.5056286591
4.23154221843	11.5160755776	4.23154221843	11.5167272996	293.0	11.5160755776	293.0	11.5167272996
4.24603380137	11.8154771237	4.24603380137	11.8161477919	292.0	11.8154771237	292.0	11.8161477919
4.26062498282	11.4107027187	4.26062498282	11.4113476053	291.0	11.4107027187	291.0	11.4113476053
4.2753167931	11.1076078732	4.2753167931	11.1082346864	290.0	11.1076078732	290.0	11.1082346864
4.29011027682	11.3341760661	4.29011027682	11.3348165414	289.0	11.3341760661	289.0	11.3348165414
4.30500649306	11.1085318332	4.30500649306	11.109157274	288.0	11.1085318332	288.0	11.109157274
4.32000651568	11.3764204977	4.32000651568	11.3770629018	287.0	11.3764204977	287.0	11.3770629018
4.33511143357	10.4555189396	4.33511143357	10.4561050414	286.0	10.4555189396	286.0	10.4561050414
4.35032235088	11.1250865275	4.35032235088	11.1257132666	285.0	11.1250865275	285.0	11.1257132666
4.36564038732	11.1932545305	4.36564038732	11.1938846082	284.0	11.1932545305	284.0	11.1938846082
4.38106667845	10.109916958	4.38106667845	10.1104814667	283.0	10.109916958	283.0	10.1104814667
4.39660237589	12.0472397355	4.39660237589	12.0479230664	282.0	12.0472397355	282.0	12.0479230664
4.41224864769	10.6084289199	4.41224864769	10.6090234451	281.0	10.6084289199	281.0	10.6090234451
4.42800667857	10.9524184232	4.42800667857	10.9530334569	280.0	10.9524184232	280.0	10.9530334569
4.44387767025	11.4077064956	4.44387767025	11.4083494713	279.0	11.4077064956	279.0	11.4083494713
4.45986284173	10.8907739506	4.45986284173	10.8913849495	278.0	10.8907739506	278.0	10.8913849495
4.4759634296	10.6514158625	4.4759634296	10.6520123842	277.0	10.6514158625	277.0	10.6520123842
4.49218068841	11.5522035104	4.49218068841	11.5528537746	276.0	11.5522035104	276.0	11.5528537746
4.50851589091	11.2022103785	4.50851589091	11.2028399164	275.0	11.2022103785	275.0	11.2028399164
4.52497032847	10.8246398951	4.52497032847	10.8252462127	274.0	10.8246398951	274.0	10.8252462127
4.54154531136	10.3461779613	4.54154531136	10.3467548925	273.0	10.3461779613	273.0	10.3467548925
4.55824216912	10.5678188997	4.55824216912	10.5684090089	272.0	10.5678188997	272.0	10.5684090089
4.57506225092	11.210294671	4.57506225092	11.2109240343	271.0	11.210294671	271.0	11.2109240343
4.59200692593	10.3539459232	4.59200692593	10.354522773	270.0	10.3539459232	270.0	10.354522773
4.60907758364	10.9506295604	4.60907758364	10.9512425899	269.0	10.9506295604	269.0	10.9512425899
4.62627563433	10.5292017168	4.62627563433	10.5297886899	268.0	10.5292017168	268.0	10.5297886899
4.64360250936	11.6398718602	4.64360250936	11.6405266847	267.0	11.6398718602	267.0	11.6405266847
4.66105966165	11.6939904146	4.66105966165	11.694649272	266.0	11.6939904146	266.0	11.694649272
4.67864856604	11.1463601556	4.67864856604	11.146984625	265.0	11.1463601556	265.0	11.146984625
4.6963707197	11.8406344358	4.6963707197	11.8412994897	264.0	11.8406344358	264.0	11.8412994897
4.71422764259	11.8402486966	4.71422764259	11.8409129165	263.0	11.8402486966	263.0	11.8409129165
4.73222087786	10.5195411614	4.73222087786	10.5201261221	262.0	10.5195411614	262.0	10.5201261221
4.75035199234	13.38294205	4.75035199234	13.3837019906	261.0	13.38294205	261.0	13.3837019906
4.76862257692	10.9000903036	4.76862257692	10.9006979036	260.0	10.9000903036	260.0	10.9006979036
4.7870342471	10.2379784696	4.7870342471	10.2385456102	259.0	10.2379784696	259.0	10.2385456102
4.80558864341	10.6945090277	4.80558864341	10.695103847	258.0	10.6945090277	258.0	10.695103847
4.82428743191	11.2650988669	4.82428743191	11.2657276981	257.0	11.2650988669	257.0	11.2657276981
4.84313230469	10.1152523471	4.84313230469	10.1158112545	256.0	10.1152523471	256.0	10.1158112545
4.86212498039	12.7239031167	4.86212498039	12.724621998	255.0	12.7239031167	255.0	12.724621998
4.88126720472	11.6519213536	4.88126720472	11.6525722537	254.0	11.6519213536	254.0	11.6525722537
4.90056075099	10.3412927318	4.90056075099	10.3418645713	253.0	10.3412927318	253.0	10.3418645713
4.92000742063	10.6804235328	4.92000742063	10.6810155103	252.0	10.6804235328	252.0	10.6810155103
4.93960904382	10.2225191492	4.93960904382	10.2230831928	251.0	10.2225191492	251.0	10.2230831928
4.95936748	11.8132022939	4.95936748	11.8138631638	250.0	11.8132022939	250.0	11.8138631638
