Column 1-2 and 5-6: raw data (x,y), Column 3-4 and 7-8 fitted line (x,y)
x = n/lambda [*1e-3 in 1/nm], y = l/2 [arb. units] where l=0,1,2...
x(lin)		y(lin)	x(lin)		y(lin)		x(spl)		y(spl)	x(spl)		y(spl) 
0.286743252648	0.0	0.0	-2.50493593418		0.290064788782	0.0	0.0	-2.52956749764
0.347420207426	0.5	0.286743252648	-0.0543426989459		0.348926801656	0.5	0.290064788782	-0.0473108212291
0.403265743985	1.0	0.347420207426	0.46422062744		0.404757276608	1.0	0.348926801656	0.456406382971
0.457583754818	1.5	0.403265743985	0.941493214842		0.45638342764	1.5	0.404757276608	0.934180916652
0.504917026643	2.0	0.457583754818	1.40571111245		0.503862821773	2.0	0.45638342764	1.37597655346
0.57218997502	2.5	0.504917026643	1.8102353503		0.571330486588	2.5	0.503862821773	1.7822859286
0.635152229409	3.0	0.57218997502	2.38517000241		0.635998361936	3.0	0.571330486588	2.35964680764
0.698371783309	3.5	0.635152229409	2.92326417989		0.69904336901	3.5	0.635998361936	2.91304822531
0.759162326195	4.0	0.698371783309	3.46355731562		0.757353398994	4.0	0.69904336901	3.45256179531
0.812755416022	4.5	0.759162326195	3.98309139981		0.814707050621	4.5	0.757353398994	3.95155535408
0.883308629136	5.0	0.812755416022	4.44111390661		0.883105820517	5.0	0.814707050621	4.44236461523
0.949151911655	5.5	0.883308629136	5.04408267809		0.949376566625	5.5	0.883105820517	5.02769351346
1.00358110755	6.0	0.949151911655	5.60679898		1.00627731886	6.0	0.949376566625	5.59481164824
1.06207633238	6.5	1.00358110755	6.07196709826		1.05673340448	6.5	1.00627731886	6.0817451803
1.11029757008	7.0	1.06207633238	6.57188471076		1.11619004739	7.0	1.05673340448	6.51352787246
1.18654265409	7.5	1.11029757008	6.98399776945		1.17946597477	7.5	1.11619004739	7.02233367901
1.22616860077	8.0	1.18654265409	7.63561096477		1.22927477193	8.0	1.17946597477	7.56382337124
1.28134299262	8.5	1.22616860077	7.97426610647		1.28759301701	8.5	1.22927477193	7.99006683154
1.3742116542	9.0	1.28134299262	8.44580289138		1.35721833618	9.0	1.28759301701	8.48913069183
1.39788896957	9.5	1.3742116542	9.23948613142		1.41535560991	9.5	1.35721833618	9.08495590061
1.47903675212	10.0	1.39788896957	9.44183952017		1.47038829038	10.0	1.41535560991	9.58247108153
1.52775998562	10.5	1.47903675212	10.1353526373		1.52878865517	10.5	1.47038829038	10.053418414
1.5854336606	11.0	1.52775998562	10.5517559016		1.58614862685	11.0	1.52878865517	10.5531850214
1.65377432706	11.5	1.5854336606	11.0446523044		1.65215826738	11.5	1.58614862685	11.044048367
1.70635126148	12.0	1.65377432706	11.6287119933		1.70677934362	12.0	1.65215826738	11.6089320662
1.76841059603	12.5	1.70635126148	12.0780501333		1.76762175974	12.5	1.70677934362	12.0763570569
1.82417832253	13.0	1.76841059603	12.6084276889		1.82683081904	13.0	1.76762175974	12.5970217479
1.88908445705	13.5	1.82417832253	13.0850352884		1.88577198431	13.5	1.82683081904	13.1037088344
1.9380294245	14.0	1.88908445705	13.6397424444		1.94171894186	14.0	1.88577198431	13.6081033927
2.0002754443	14.5	1.9380294245	14.0580407131		1.99753254193	14.5	1.94171894186	14.0868747371
2.05120987268	15.0	2.0002754443	14.5900137364		2.05202892836	15.0	1.99753254193	14.5645048625
2.11582841917	15.5	2.05120987268	15.0253145307		2.11529182869	15.5	2.05202892836	15.0308628083
2.1719059504	16.0	2.11582841917	15.5775638738		2.17247801074	16.0	2.11529182869	15.5722410203
2.23413777968	16.5	2.1719059504	16.0568191567		2.23322207411	16.5	2.17247801074	16.0616171448
2.2863455344	17.0	2.23413777968	16.5886709037		2.28666108424	17.0	2.23322207411	16.5814401729
2.34624329024	17.5	2.2863455344	17.0348539241		2.34657814347	17.5	2.28666108424	17.0387495217
2.41286247319	18.0	2.34624329024	17.5467579843		2.4123857922	18.0	2.34657814347	17.5514953843
2.47411073971	18.5	2.41286247319	18.1161053623		2.47460799134	18.5	2.4123857922	18.1146505197
2.52787398037	19.0	2.47411073971	18.639551289		2.52818647668	19.0	2.47460799134	18.6471228335
2.58839957179	19.5	2.52787398037	19.0990279555		2.58745765218	19.5	2.52818647668	19.1056257546
2.64536000404	20.0	2.58839957179	19.6162976855		2.6457923171	20.0	2.58745765218	19.6128444064
2.70326959905	20.5	2.64536000404	20.1030985036		2.70458284109	20.5	2.6457923171	20.1120487809
2.75472046309	21.0	2.70326959905	20.5980111492		2.75584577404	21.0	2.70458284109	20.6151542123
2.81540327088	21.5	2.75472046309	21.0377255565		2.80637317167	21.5	2.75584577404	21.0538415762
2.86346493437	22.0	2.81540327088	21.5563389044		2.86744622066	22.0	2.80637317167	21.4862345276
2.96188120868	22.5	2.86346493437	21.9670881943		2.96126888064	22.5	2.86744622066	22.008872881
2.95004532608	23.0	2.95004532608	22.7070300074		2.97786570791	23.0	2.96126888064	22.8117691068
3.04256718013	23.5	2.96188120868	22.808182985		2.98244985268	23.5	2.97786570791	22.9537980151
2.98042034961	24.0	2.98042034961	22.9666240047		3.00597238232	24.0	2.98244985268	22.9930272646
3.19612286508	24.5	3.04256718013	23.497749327		3.23248309235	24.5	3.00597238232	23.1943235215
3.65771522285	25.0	3.18350052224	24.7022076415		3.53201185092	25.0	3.23248309235	25.1327101992
3.18350052224	25.5	3.19612286508	24.8100819427		3.39640474768	25.5	3.28145163563	25.5517631081
3.33120686994	26.0	3.28447487279	25.5651645136		3.2824876687	26.0	3.2824876687	25.5606290584
3.34412011197	26.5	3.33120686994	25.964550079		3.298157242	26.5	3.298157242	25.6947229037
3.28447487279	27.0	3.34412011197	26.0749104912		3.28145163563	27.0	3.35617730819	26.1912350702
3.35604499701	27.5	3.35604499701	26.1768241103		3.35617730819	27.5	3.39640474768	26.5354851623
3.53739328359	28.0	3.53739328359	27.7266805767		3.53772726437	28.0	3.53201185092	27.6959556861
3.66076079608	28.5	3.621026395	28.4414340544		3.64693420406	28.5	3.53772726437	27.7448658735
3.621026395	29.0	3.65771522285	28.7549877039		3.65593952475	29.0	3.64693420406	28.679414518
3.7168413747	29.5	3.66076079608	28.7810160798		3.68949009407	29.5	3.65593952475	28.7564783957
3.75833733881	30.0	3.7168413747	29.2602974067		3.76050185313	30.0	3.68949009407	29.0435905441
3.82023336521	30.5	3.75833733881	29.6149342743		3.82404662457	30.5	3.76050185313	29.6512803425
3.8743292861	31.0	3.82023336521	30.1439161499		3.8735974644	31.0	3.82404662457	30.195070693
3.92861988822	31.5	3.8743292861	30.6062360006		3.93056325888	31.5	3.8735974644	30.6191066593
3.98804863014	32.0	3.92861988822	31.0702196552		3.98430817754	32.0	3.93056325888	31.1065967965
4.03377149941	32.5	3.98804863014	31.5781153828		4.03685835939	32.5	3.98430817754	31.5665239863
4.09111977047	33.0	4.03377149941	31.9688766408		4.08877884403	33.0	4.03685835939	32.0162271036
4.14725594738	33.5	4.09111977047	32.4589920448		4.14755382059	33.5	4.08877884403	32.460541528
4.20139950426	34.0	4.14725594738	32.9387485312		4.2028415815	34.0	4.14755382059	32.9635139107
4.25794376307	34.5	4.20139950426	33.4014754934		4.2567690499	34.5	4.2028415815	33.436644118
4.31135249016	35.0	4.25794376307	33.8847195692		4.31290616987	35.0	4.2567690499	33.8981334943
4.36910482803	35.5	4.31135249016	34.3411664572		4.36648755689	35.5	4.31290616987	34.3785321716
4.41818144796	36.0	4.36910482803	34.8347351364		4.41859186376	36.0	4.36648755689	34.837059924
4.47499329441	36.5	4.41818144796	35.2541585464		4.47660177035	36.5	4.41859186376	35.2829474243
4.53641070659	37.0	4.47499329441	35.739689506		4.53824506616	37.0	4.47660177035	35.779372649
4.58748524646	37.5	4.53641070659	36.2645810018		4.58482137758	37.5	4.53824506616	36.3068909432
4.62005414479	38.0	4.58748524646	36.7010792306		4.62237124335	38.0	4.58482137758	36.7054721031
4.69127732516	38.5	4.62005414479	36.9794227354		4.68539384398	38.5	4.62237124335	37.0268086066
4.74438347738	39.0	4.69127732516	37.5881172466		4.7470115361	39.0	4.68539384398	37.5661304314
4.80775403431	39.5	4.74438347738	38.0419782396		4.80665285723	39.5	4.7470115361	38.0934296196
4.85340570283	40.0	4.80775403431	38.5835618922		4.86230345617	40.0	4.80665285723	38.6038158274
4.91223013309	40.5	4.85340570283	38.9737146474		4.90311531326	40.5	4.86230345617	39.0800510551
4.93679511041	41.0	4.91223013309	39.4764457475		4.94094414524	41.0	4.90311531326	39.4293023558
4.99360834665	41.5	4.93679511041	39.6863853597		4.98484980421	41.5	4.94094414524	39.7530261388
5.0483705075	42.0	4.99360834665	40.1719281967		5.05747670876	42.0	4.98484980421	40.1287529396
5.11473996933	42.5	5.0483705075	40.6399419327		5.10966022405	42.5	5.05747670876	40.7502644973
5.12735014847	43.0	5.11473996933	41.2071551196		5.13915672324	43.0	5.10966022405	41.196829831
5.17519530839	43.5	5.12735014847	41.3149254661		5.16259192327	43.5	5.13915672324	41.4492488936
5.2003848062	44.0	5.17519530839	41.7238244521		5.19741680681	44.0	5.16259192327	41.6497978191
5.2619673607	44.5	5.2003848062	41.9391014023		5.2525986542	44.5	5.19741680681	41.9478150312
5.30412166823	45.0	5.2619673607	42.4654042537		5.31167530339	45.0	5.2525986542	42.4200388736
5.4033946821	45.5	5.30412166823	42.8256675202		5.39908980012	45.5	5.31167530339	42.9255928482
5.44532021856	46.0	5.4033946821	43.6740842624		5.44500033694	46.0	5.39908980012	43.673650615
5.4528986768	46.5	5.44532021856	44.0323923833		5.45883315154	46.5	5.44500033694	44.0665343463
5.52263490446	47.0	5.4528986768	44.0971601443		5.50314920542	47.0	5.45883315154	44.1849099566
5.54773227188	47.5	5.52263490446	44.6931467149		5.55018686509	47.5	5.50314920542	44.5641487504
5.6268895414	48.0	5.5292354345	44.7495568103		5.61821207965	48.0	5.55018686509	44.9666779414
5.66128366293	48.5	5.54773227188	44.9076362913		5.67350102693	48.5	5.61821207965	45.5488101047
5.72894661982	49.0	5.6268895414	45.5841378914		5.71435097574	49.0	5.67350102693	46.0219504645
5.70137849366	49.5	5.66128366293	45.8780802973		5.71136782006	49.5	5.70407248827	46.2835686165
5.733481958	50.0	5.70137849366	46.2207426617		5.70407248827	50.0	5.71136782006	46.3459991036
5.7557568239	50.5	5.72894661982	46.4563480783		5.75735749605	50.5	5.71435097574	46.3715277385
5.87461877954	51.0	5.733481958	46.4951084291		5.86290500391	51.0	5.75735749605	46.7395600758
5.90252211549	51.5	5.7557568239	46.685476067		5.92977431755	51.5	5.82387692259	47.3088063167
5.90478751982	52.0	5.82402706781	47.2689339037		5.87990172346	52.0	5.83490652857	47.4031932059
5.82402706781	52.5	5.87381323654	47.6944213291		5.82387692259	52.5	5.84067038076	47.4525179124
5.89074743353	53.0	5.87461877954	47.7013057394		5.83490652857	53.0	5.86290500391	47.6427927886
5.97401145418	53.5	5.89074743353	47.8391460199		5.97051842185	53.5	5.87990172346	47.7882438127
6.03929129798	54.0	5.90252211549	47.9397759587		6.01997617967	54.0	5.90091038588	47.9680274147
5.87381323654	54.5	5.90478751982	47.9591367787		5.98387273518	54.5	5.92977431755	48.2150332212
6.1299506064	55.0	5.97401145418	48.5507451381		5.90091038588	55.0	5.97051842185	48.5637047209
5.5292354345	55.5	6.03929129798	49.1086461249		5.84067038076	55.5	5.98387273518	48.6779855117
			6.1299506064	49.8834475749					6.01997617967	48.9869441292
