Column 1-2 and 5-6: raw data (x,y), Column 3-4 and 7-8 fitted line (x,y)
x = n/lambda [*1e-3 in 1/nm], y = l/2 [arb. units] where l=0,1,2...
x(lin)		y(lin)	x(lin)		y(lin)		x(spl)		y(spl)	x(spl)		y(spl) 
0.499843373199	0.0	0.0	-5.69363947422		0.505757573907	0.0	0.0	-5.69768408914
0.538522377184	0.5	0.499843373199	0.116161490137		0.535336624357	0.5	0.505757573907	0.182116275888
0.568795902842	1.0	0.538522377184	0.565736950573		0.570639353715	1.0	0.535336624357	0.525994292967
0.611245104771	1.5	0.568795902842	0.917613494297		0.610064794934	1.5	0.570639353715	0.936414248437
0.653500675128	2.0	0.611245104771	1.41101088141		0.652911294446	2.0	0.610064794934	1.39476373371
0.69697934875	2.5	0.653500675128	1.90215764172		0.697025468816	2.5	0.652911294446	1.89288551472
0.740598050799	3.0	0.69697934875	2.40752082843		0.742541276905	3.0	0.697025468816	2.40574493975
0.783764706149	3.5	0.740598050799	2.91451159957		0.784298424667	3.5	0.742541276905	2.93489937821
0.819622175507	4.0	0.783764706149	3.4162481221		0.816625245743	4.0	0.784298424667	3.42035665126
0.865624541151	4.5	0.819622175507	3.83302820008		0.861866682258	4.5	0.816625245743	3.79617950429
0.912353274568	5.0	0.865624541151	4.36772487229		0.910930693612	5.0	0.861866682258	4.32214417325
0.983799236537	5.5	0.912353274568	4.91086429361		0.985966346743	5.5	0.910930693612	4.8925490604
1.03931439871	6.0	0.983799236537	5.74129806748		1.04305578118	6.0	0.985966346743	5.76489320992
1.06734610578	6.5	1.03931439871	6.38656428486		1.07090476005	6.5	1.04305578118	6.4285994889
1.09794935641	7.0	1.06734610578	6.7123836265		1.09713464855	7.0	1.07090476005	6.75236416306
1.14172924427	7.5	1.09794935641	7.06809264365		1.13771937509	7.5	1.09713464855	7.05730573176
1.18440785424	8.0	1.14172924427	7.57695691669		1.18485985222	8.0	1.13771937509	7.52913275373
1.22498057814	8.5	1.18440785424	8.07302076914		1.22633615854	8.5	1.18485985222	8.07717515373
1.26768074	9.0	1.22498057814	8.54460739629		1.26704304259	9.0	1.22633615854	8.55936744036
1.30834967884	9.5	1.26768074	9.0409217516		1.30857044423	9.5	1.26704304259	9.03261463238
1.34967916032	10.0	1.30834967884	9.51362670841		1.34924530292	10.0	1.30857044423	9.51540093937
1.39177635879	10.5	1.34967916032	9.99400931267		1.39203222461	10.5	1.34924530292	9.98827581325
1.43206752963	11.0	1.39177635879	10.483315278		1.43195195458	11.0	1.39203222461	10.4857049586
1.47490193091	11.5	1.43206752963	10.9516293456		1.4748231458	11.5	1.43195195458	10.9498009109
1.51458038826	12.0	1.47490193091	11.4495039983		1.5149124807	12.0	1.4748231458	11.4482097509
1.55873053836	12.5	1.51458038826	11.9106963479		1.55855771484	12.5	1.5149124807	11.9142774841
1.59684955925	13.0	1.55873053836	12.4238642689		1.59721847595	13.0	1.55855771484	12.4216851372
1.63600666213	13.5	1.59684955925	12.8669309098		1.63542997503	13.5	1.59721847595	12.8711446589
1.67523585898	14.0	1.63600666213	13.3220634299		1.67516739249	14.0	1.63542997503	13.3153811822
1.71818910998	14.5	1.67523585898	13.7780339157		1.71811269821	14.5	1.67516739249	13.7773576186
1.76164016485	15.0	1.71818910998	14.2772899876		1.76179158687	15.0	1.71811269821	14.2766280938
1.79790062888	15.5	1.76164016485	14.7823321549		1.79817716161	15.5	1.76179158687	14.7844270053
1.83940725103	16.0	1.79790062888	15.2037963378		1.83963392833	16.0	1.79817716161	15.2074358275
1.87422054929	16.5	1.83940725103	15.6862378911		1.87409684455	16.5	1.83963392833	15.6894009519
1.912021217	17.0	1.87422054929	16.0908813147		1.9119239228	17.0	1.87409684455	16.0900574677
1.95191723873	17.5	1.912021217	16.5302476592		1.9518486314	17.5	1.9119239228	16.5298248186
1.98854655671	18.0	1.95191723873	16.9939688127		1.98865736362	18.0	1.9518486314	16.9939786511
2.02444175849	18.5	1.98854655671	17.4197202746		2.02455934502	18.5	1.98865736362	17.4219069873
2.06465939238	19.0	2.02444175849	17.8369389257		2.06445267874	19.0	2.02455934502	17.8392936844
2.09801474625	19.5	2.06465939238	18.3043982553		2.09723633839	19.5	2.06445267874	18.303082761
2.13464393949	20.0	2.09801474625	18.6920956371		2.13515144467	20.0	2.09723633839	18.6842166954
2.18495227498	20.5	2.13464393949	19.1178456493		2.18456034887	20.5	2.13515144467	19.1250074363
2.22085907426	21.0	2.18495227498	19.7025916552		2.22117451896	21.0	2.18456034887	19.6994219541
2.25417618414	21.5	2.22085907426	20.1199451068		2.25523118458	21.5	2.22117451896	20.1250883639
2.28887837465	22.0	2.25417618414	20.5071979694		2.28845476202	22.0	2.25523118458	20.5210219203
2.32482384652	22.5	2.28887837465	20.9105499606		2.32476595562	22.5	2.28845476202	20.9072702196
2.35781878959	23.0	2.32482384652	21.3283529132		2.3576640409	23.0	2.32476595562	21.3294143068
2.39221619879	23.5	2.35781878959	21.7118611526		2.39182603057	23.5	2.3576640409	21.7118785224
2.42798543947	24.0	2.39221619879	22.1116705967		2.42856172273	24.0	2.39182603057	22.1090365478
2.46345480548	24.5	2.42798543947	22.5274251712		2.46476749241	24.5	2.42856172273	22.5361157401
2.49907242684	25.0	2.46345480548	22.9396942297		2.49771610968	25.0	2.46476749241	22.9570341974
2.52486070217	25.5	2.49907242684	23.3536864962		2.51806542884	25.5	2.49771610968	23.3400858843
2.55599733843	26.0	2.52486070217	23.6534298856		2.56214491088	26.0	2.51806542884	23.576661549
2.62680174257	26.5	2.55599733843	24.0153385736		2.62752206581	26.5	2.56214491088	24.0891176505
2.66130121162	27.0	2.62680174257	24.8383153649		2.6614889178	27.0	2.62752206581	24.8491747198
2.66278299769	27.5	2.66130121162	25.2393110754		2.6692363531	27.5	2.6614889178	25.2440641274
2.6950336225	28.0	2.66278299769	25.2565342349		2.68792584991	28.0	2.6692363531	25.3341337086
2.72828281651	28.5	2.6950336225	25.6313910823		2.72626861887	28.5	2.68792584991	25.5514127289
2.76340068525	29.0	2.72828281651	26.0178545423		2.76547601197	29.0	2.72626861887	25.9971753602
2.79646136862	29.5	2.76340068525	26.4260380626		2.79719827691	29.5	2.76547601197	26.4529898772
2.82637735688	30.0	2.79646136862	26.8103104175		2.82619565443	30.0	2.79719827691	26.8217843245
2.85559270344	30.5	2.82637735688	27.1580312172		2.85511842561	30.5	2.82619565443	27.1588999699
2.88740693262	31.0	2.85559270344	27.4976082882		2.88729127206	31.0	2.85511842561	27.4951482622
2.91981821512	31.5	2.88740693262	27.8673928032		2.91941443724	31.5	2.88729127206	27.869181048
2.94863273572	32.0	2.91981821512	28.2441170141		2.94845998073	32.0	2.91941443724	28.2426362528
2.98453483221	32.5	2.94863273572	28.5790351876		2.98461667395	32.5	2.94845998073	28.5803118627
3.01374556616	33.0	2.98453483221	28.9963339775		3.01544698777	33.0	2.98461667395	29.0006597704
3.0422659414	33.5	3.01374556616	29.3358574351		3.0423549112	33.5	3.01544698777	29.359084636
3.06802887173	34.0	3.0422659414	29.6673566855		3.06614718024	34.0	3.0423549112	29.6719088549
3.09681060385	34.5	3.06802887173	29.9668054839		3.09684066768	34.5	3.06614718024	29.948511321
3.12659765283	35.0	3.09681060385	30.3013425489		3.1257876501	35.0	3.09684066768	30.3053454801
3.16733609855	35.5	3.12659765283	30.647564656		3.16683215408	35.5	3.1257876501	30.6418752458
3.19345871595	36.0	3.16733609855	31.1210775081		3.19522029174	36.0	3.16683215408	31.1190475156
3.22012238947	36.5	3.19345871595	31.4247070366		3.21989218409	36.5	3.19522029174	31.4490803035
3.24960627302	37.0	3.22012238947	31.7346253919		3.24862024652	37.0	3.21989218409	31.7359090317
3.28061445779	37.5	3.24960627302	32.0773237336		3.28052734149	37.5	3.24862024652	32.0698936928
3.30884680006	38.0	3.28061445779	32.4377393987		3.30997374633	38.0	3.28052734149	32.440836924
3.33924017207	38.5	3.30884680006	32.765890772		3.33980590696	38.5	3.30997374633	32.7831728392
3.36432295077	39.0	3.33924017207	33.1191603189		3.36409918237	39.0	3.33980590696	33.1299934466
3.3861859578	39.5	3.36432295077	33.4107035496		3.38543696171	39.5	3.36409918237	33.4124204768
3.40925968165	40.0	3.3861859578	33.664822592		3.4091178114	40.0	3.38543696171	33.6604877114
3.44147578754	40.5	3.40925968165	33.9330140901		3.4411420473	40.5	3.4091178114	33.9357948464
3.47211816911	41.0	3.44147578754	34.3074697158		3.47218662626	41.0	3.4411420473	34.3080999262
3.49624990141	41.5	3.47211816911	34.6636335614		3.49591367096	41.5	3.47218662626	34.6690157803
3.52514159527	42.0	3.49624990141	34.9441225487		3.525118225	42.0	3.49591367096	34.9448599658
3.55643903389	42.5	3.52514159527	35.2799377258		3.55611804598	42.5	3.525118225	35.2843841893
3.58369478805	43.0	3.55643903389	35.6437154586		3.58495902734	43.0	3.55611804598	35.6447796991
3.60914580551	43.5	3.58369478805	35.9605157111		3.60972325445	43.5	3.58495902734	35.9800771251
3.63002606119	44.0	3.60914580551	36.2563390704		3.62981998594	44.0	3.60972325445	36.2679793121
3.6454916544	44.5	3.63002606119	36.499035355		3.64424497851	44.5	3.62981998594	36.501618461
3.67607201447	45.0	3.6454916544	36.6787957022		3.67559993734	45.0	3.64424497851	36.6693195118
3.7079584385	45.5	3.67607201447	37.0342386569		3.70824011238	45.5	3.67559993734	37.0338437579
3.73070188289	46.0	3.7079584385	37.4048623102		3.73107252896	46.0	3.70824011238	37.4133095791
3.75779189724	46.5	3.73070188289	37.6692148899		3.75726732379	46.5	3.73107252896	37.6787530609
3.78151158207	47.0	3.75779189724	37.9840887083		3.78169457218	47.0	3.75726732379	37.9832866402
3.80946493055	47.5	3.78151158207	38.2597883678		3.80827049429	47.5	3.78169457218	38.267271204
3.83526134518	48.0	3.80946493055	38.5846969286		3.83592323017	48.0	3.80827049429	38.5762356655
3.86172269447	48.5	3.83526134518	38.884534923		3.86221507301	48.5	3.83592323017	38.897718872
3.88435660494	49.0	3.86172269447	39.1921016147		3.88620993429	49.0	3.86221507301	39.203380705
3.90911209937	49.5	3.88435660494	39.4551810549		3.90700097091	49.5	3.88620993429	39.4823384535
3.92227137901	50.0	3.90911209937	39.7429201811		3.92272673179	50.0	3.90700097091	39.7240494055
3.94623657861	50.5	3.92227137901	39.8958736855		3.94493445158	50.5	3.92272673179	39.9068728359
3.97506550867	51.0	3.94623657861	40.1744270228		3.97570679115	51.0	3.94493445158	40.1650537622
4.00340807023	51.5	3.97506550867	40.5095126809		4.00303581547	51.5	3.97570679115	40.522804635
4.01925588658	52.0	4.00340807023	40.8389451598		4.01964395391	52.0	4.00303581547	40.8405244586
4.03630025642	52.5	4.01925588658	41.0231481795		4.03439443132	52.5	4.01964395391	41.0336061711
4.06978519853	53.0	4.03630025642	41.2212590311		4.0719466863	53.0	4.03439443132	41.2050912202
4.09500887444	53.5	4.06978519853	41.6104626484		4.09431683606	53.5	4.0719466863	41.6416635503
4.10684781034	54.0	4.09500887444	41.9036435617		4.10951221061	54.0	4.09431683606	41.9017328435
4.12999879186	54.5	4.10684781034	42.0412503899		4.12674084768	54.5	4.10951221061	42.0783901462
4.1461042235	55.0	4.12999879186	42.3103398727		4.14720177106	55.0	4.12674084768	42.2786856074
4.17258710298	55.5	4.1461042235	42.4975372175		4.17145491117	55.5	4.14720177106	42.5165587525
4.18967385865	56.0	4.17258710298	42.8053541597		4.1899856395	56.0	4.17145491117	42.7985191807
4.21098908039	56.5	4.18967385865	43.0039576722		4.20909523736	56.5	4.1899856395	43.0139524017
4.22866833971	57.0	4.21098908039	43.2517096729		4.22843449106	57.0	4.20909523736	43.2361154028
4.26753068671	57.5	4.22866833971	43.4571999993		4.26633608509	57.5	4.22843449106	43.4609483205
4.29630900689	58.0	4.26753068671	43.9089065		4.30054664706	58.0	4.26633608509	43.9015819717
4.32041383575	58.5	4.29630900689	44.2434039073		4.31931921719	58.5	4.30054664706	44.2993046853
4.33068864139	59.0	4.32041383575	44.5235801894		4.33255046618	59.0	4.31931921719	44.5175494935
4.35847266972	59.5	4.33068864139	44.6430067517		4.35405059275	59.5	4.33255046618	44.6713724052
4.38165702854	60.0	4.35847266972	44.9659472631		4.38204665997	60.0	4.35405059275	44.9213270447
4.40235266972	60.5	4.38165702854	45.2354246983		4.4013567783	60.5	4.38204665997	45.2468017281
4.42627263331	61.0	4.40235266972	45.4759751638		4.43021085435	61.0	4.4013567783	45.4712959259
4.45248462473	61.5	4.42627263331	45.754002712		4.4481027323	61.5	4.43021085435	45.8067455872
4.45475558547	62.0	4.45248462473	46.0586710565		4.46166047823	62.0	4.4481027323	46.014751707
4.49655997831	62.5	4.45475558547	46.0850669849		4.49107505105	62.5	4.46166047823	46.1723703836
4.50628274681	63.0	4.49655997831	46.5709695994		4.5106444339	63.0	4.49107505105	46.5143362283
4.52912794972	63.5	4.50628274681	46.6839796998		4.52351054654	63.5	4.5106444339	46.7418445651
4.52843524504	64.0	4.52843524504	46.9414635687		4.53871561379	64.0	4.52351054654	46.8914225007
4.5855359046	64.5	4.52912794972	46.9495150435		4.56978192988	64.5	4.53871561379	47.0681924881
4.59026005845	65.0	4.5855359046	47.6051584074		4.5989374577	65.0	4.56978192988	47.4293610521
4.62890156087	65.5	4.59026005845	47.6600683954		4.62288102562	65.5	4.5989374577	47.7683153098
			4.62890156087	48.1092079661					4.62288102562	48.0466767357
