Column 1: lambda in nm
Column 2: n2, linear interp.
Column 3: energy in eV
Column 4: n2, linear interp.
Column 5: lambda in nm
Column 6: n2, spline interp.
Column 7: energy in eV
Column 8: n2, spline interp.
0.225836406193	2.3356670782	5490.0	2.3356670782	0.225836406193	2.33552742618	5490.0	2.33552742618
0.242156615234	2.32347112381	5120.0	2.32347112381	0.242156615234	2.323332201	5120.0	2.323332201
0.257763382536	2.31921672112	4810.0	2.31921672112	0.258300389583	2.31425668459	4800.0	2.31425668459
0.273092922907	2.31779858689	4540.0	2.31779858689	0.273092922907	2.31766000324	4540.0	2.31766000324
0.28700043287	2.32800915335	4320.0	2.32800915335	0.28700043287	2.32786995921	4320.0	2.32786995921
0.306133795062	2.29737745397	4050.0	2.29737745397	0.306133795062	2.29724009132	4050.0	2.29724009132
0.321202556995	2.29907921504	3860.0	2.29907921504	0.321202556995	2.29894175065	3860.0	2.29894175065
0.337831572207	2.29000315597	3670.0	2.29000315597	0.337831572207	2.28986623424	3670.0	2.28986623424
0.353231301994	2.28971952912	3510.0	2.28971952912	0.353231301994	2.28958262435	3510.0	2.28958262435
0.369000556548	2.2871668875	3360.0	2.2871668875	0.369000556548	2.28703013536	3360.0	2.28703013536
0.385044059006	2.28319611166	3220.0	2.28319611166	0.385044059006	2.28305959693	3220.0	2.28305959693
0.401243323625	2.27865808212	3090.0	2.27865808212	0.401243323625	2.27852183873	3090.0	2.27852183873
0.417455175084	2.27440367943	2970.0	2.27440367943	0.417455175084	2.27426769041	2970.0	2.27426769041
0.433511143357	2.27128378412	2860.0	2.27128378412	0.433511143357	2.27114798164	2860.0	2.27114798164
0.449218068841	2.27014927673	2760.0	2.27014927673	0.449218068841	2.27001354209	2760.0	2.27001354209
0.464360250936	2.27185103781	2670.0	2.27185103781	0.464360250936	2.27171520142	2670.0	2.27171520142
0.47870342471	2.27723994789	2590.0	2.27723994789	0.47870342471	2.27710378929	2590.0	2.27710378929
0.498529099316	2.25721589255	2487.0	2.25721589255	0.498529099316	2.25708093121	2487.0	2.25708093121
0.512967261067	2.26223608773	2417.0	2.26223608773	0.512967261067	2.26210082622	2417.0	2.26210082622
0.528942777304	2.26039251323	2344.0	2.26039251323	0.528942777304	2.26025736195	2344.0	2.26025736195
0.545225096746	2.25738606866	2274.0	2.25738606866	0.545225096746	2.25725109714	2274.0	2.25725109714
0.560760682949	2.25755624476	2211.0	2.25755624476	0.561014420814	2.25640026748	2210.0	2.25640026748
0.576670637209	2.25625156127	2150.0	2.25625156127	0.576670637209	2.25611665759	2150.0	2.25611665759
0.592658637667	2.2547199763	2092.0	2.2547199763	0.592658637667	2.25458516419	2092.0	2.25458516419
0.608362055937	2.25432289872	2038.0	2.25432289872	0.608362055937	2.25418811035	2038.0	2.25418811035
0.624290971803	2.25313166596	1986.0	2.25313166596	0.624290971803	2.25299694882	1986.0	2.25299694882
0.640083567372	2.25247932422	1937.0	2.25247932422	0.640083567372	2.25234464608	1937.0	2.25234464608
0.656000989418	2.25142990489	1890.0	2.25142990489	0.656000989418	2.25129528949	1890.0	2.25129528949
0.67200101355	2.25015358408	1845.0	2.25015358408	0.67200101355	2.250019045	1845.0	2.250019045
0.68765494731	2.25006849603	1803.0	2.25006849603	0.68765494731	2.24993396203	1803.0	2.24993396203
0.703655998865	2.24887726327	1762.0	2.24887726327	0.703655998865	2.2487428005	1762.0	2.2487428005
0.719583209518	2.24796965736	1723.0	2.24796965736	0.719583209518	2.24783524886	1723.0	2.24783524886
0.735374774614	2.24751585441	1686.0	2.24751585441	0.735374774614	2.24738147304	1686.0	2.24738147304
0.750964185342	2.24768603052	1651.0	2.24768603052	0.750964185342	2.24755163898	1651.0	2.24755163898
0.76722887995	2.2458708187	1616.0	2.2458708187	0.76722887995	2.24573653569	1616.0	2.24573653569
0.782728453283	2.24632462166	1584.0	2.24632462166	0.782728453283	2.24619031151	1584.0	2.24619031151
0.798352781713	2.24640970971	1553.0	2.24640970971	0.798352781713	2.24627539448	1553.0	2.24627539448
0.8140787065	2.24621117092	1523.0	2.24621117092	0.8140787065	2.24607686756	1523.0	2.24607686756
0.829880769746	2.24581409333	1494.0	2.24581409333	0.829880769746	2.24567981372	1494.0	2.24567981372
0.845731152797	2.24530356501	1466.0	2.24530356501	0.845731152797	2.24516931592	1466.0	2.24516931592
0.861599631689	2.244764674	1439.0	2.244764674	0.861599631689	2.24463045713	1439.0	2.24463045713
0.877453552725	2.24428250836	1413.0	2.24428250836	0.877453552725	2.24414832032	1413.0	2.24414832032
0.892614737221	2.24555882917	1389.0	2.24555882917	0.892614737221	2.24542456482	1389.0	2.24542456482
0.908309062271	2.24547374112	1365.0	2.24547374112	0.908309062271	2.24533948185	1365.0	2.24533948185
0.923876207154	2.24570064259	1342.0	2.24570064259	0.923876207154	2.24556636976	1342.0	2.24556636976
0.939986254738	2.24462286058	1319.0	2.24462286058	0.939986254738	2.24448865219	1319.0	2.24448865219
0.955930508867	2.24397051883	1297.0	2.24397051883	0.955930508867	2.24383634945	1297.0	2.24383634945
0.970902012529	2.24558719186	1277.0	2.24558719186	0.970902012529	2.24545292581	1277.0	2.24545292581
0.987135246815	2.24428250836	1256.0	2.24428250836	0.987135246815	2.24414832032	1256.0	2.24414832032
1.00229738884	2.24541701575	1237.0	2.24541701575	1.00229738884	2.24528275987	1237.0	2.24528275987
1.01793256979	2.24547374112	1218.0	2.24547374112	1.01793256979	2.24533948185	1218.0	2.24533948185
1.03320155833	2.24632462166	1200.0	2.24632462166	1.03320155833	2.24619031151	1200.0	2.24619031151
1.04893559222	2.24615444555	1182.0	2.24615444555	1.04893559222	2.24602014558	1182.0	2.24602014558
1.0642419485	2.24689187535	1165.0	2.24689187535	1.0642419485	2.24675753129	1165.0	2.24675753129
1.08000162892	2.24666497387	1148.0	2.24666497387	1.08000162892	2.24653064338	1148.0	2.24653064338
1.09526666961	2.24745912904	1132.0	2.24745912904	1.09526666961	2.24732475107	1132.0	2.24732475107
1.11096941756	2.2473456783	1116.0	2.2473456783	1.11096941756	2.24721130711	1116.0	2.24721130711
1.12712897273	2.24632462166	1100.0	2.24632462166	1.12712897273	2.24619031151	1100.0	2.24619031151
1.14165918048	2.24853691106	1086.0	2.24853691106	1.14165918048	2.24840246864	1086.0	2.24840246864
1.15764880486	2.24785620663	1071.0	2.24785620663	1.15764880486	2.24772180491	1071.0	2.24772180491
1.17298190161	2.248451823	1057.0	2.248451823	1.17298190161	2.24831738567	1057.0	2.24831738567
1.18872662512	2.24825328421	1043.0	2.24825328421	1.18872662512	2.24811885875	1043.0	2.24811885875
1.20372997087	2.24944451696	1030.0	2.24944451696	1.20372997087	2.24931002028	1030.0	2.24931002028
1.21911688299	2.24989831992	1017.0	2.24989831992	1.21911688299	2.2497637961	1017.0	2.2497637961
1.23490226096	2.24961469307	1004.0	2.24961469307	1.23490226096	2.24948018621	1004.0	2.24948018621
1.24984059476	2.25086265119	992.0	2.25086265119	1.24984059476	2.25072806972	992.0	2.25072806972
1.26514476531	2.25142990489	980.0	2.25142990489	1.26514476531	2.25129528949	980.0	2.25129528949
1.2808283781	2.25131645415	968.0	2.25131645415	1.2808283781	2.25118184554	968.0	2.25118184554
1.29555054336	2.2528764018	957.0	2.2528764018	1.29555054336	2.25274169992	957.0	2.25274169992
1.31061508457	2.2538123704	946.0	2.2538123704	1.31061508457	2.25367761255	946.0	2.25367761255
1.32603408556	2.25412435993	935.0	2.25412435993	1.32603408556	2.25398958343	935.0	2.25398958343
1.34182020563	2.2538123704	924.0	2.2538123704	1.34182020563	2.25367761255	924.0	2.25367761255
1.35650095186	2.25534395536	914.0	2.25534395536	1.35650095186	2.25520910595	914.0	2.25520910595
1.37150649336	2.25630828664	904.0	2.25630828664	1.37150649336	2.25617337957	904.0	2.25617337957
1.38684772931	2.25670536423	894.0	2.25670536423	1.38684772931	2.25657043341	894.0	2.25657043341
1.40253605204	2.25653518812	884.0	2.25653518812	1.40253605204	2.25640026748	884.0	2.25640026748
1.41696213714	2.25837876262	875.0	2.25837876262	1.41696213714	2.25824373175	875.0	2.25824373175
1.43334320231	2.25710244181	865.0	2.25710244181	1.43334320231	2.25696748725	865.0	2.25696748725
1.44841339953	2.25789659698	856.0	2.25789659698	1.44841339953	2.25776159494	856.0	2.25776159494
1.46207767689	2.26084631618	848.0	2.26084631618	1.46207767689	2.26071113777	848.0	2.26071113777
1.47776146603	2.26064777739	839.0	2.26064777739	1.47776146603	2.26051261085	839.0	2.26051261085
1.49198780987	2.262661528	831.0	2.262661528	1.49198780987	2.26252624105	831.0	2.26252624105
1.50832344282	2.26147029524	822.0	2.26147029524	1.50832344282	2.26133507952	822.0	2.26133507952
1.52314726044	2.26254807726	814.0	2.26254807726	1.52314726044	2.2624127971	814.0	2.2624127971
1.53826534739	2.26317205632	806.0	2.26317205632	1.53826534739	2.26303673885	806.0	2.26303673885
1.5556359724	2.26050596396	797.0	2.26050596396	1.5556359724	2.26037080591	797.0	2.26037080591
1.56743599241	2.26592323673	791.0	2.26592323673	1.56743599241	2.26578775476	791.0	2.26578775476
1.58345066411	2.26521416961	783.0	2.26521416961	1.58345066411	2.26507873004	783.0	2.26507873004
1.59773436856	2.26697265606	776.0	2.26697265606	1.59773436856	2.26683711135	776.0	2.26683711135
1.61227811443	2.26833406492	769.0	2.26833406492	1.61227811443	2.26819843881	769.0	2.26819843881
1.62708906824	2.2692983962	762.0	2.2692983962	1.62708906824	2.26916271243	762.0	2.26916271243
1.64217466225	2.26986564989	755.0	2.26986564989	1.64217466225	2.2697299322	755.0	2.2697299322
1.65754260695	2.270035826	748.0	2.270035826	1.65754260695	2.26990009814	748.0	2.26990009814
1.67094591644	2.27287209446	742.0	2.27287209446	1.67094591644	2.27273619701	742.0	2.27273619701
1.68685968707	2.27227647808	735.0	2.27227647808	1.68685968707	2.27214061625	735.0	2.27214061625
1.7007433059	2.27440367943	729.0	2.27440367943	1.7007433059	2.27426769041	729.0	2.27426769041
1.71485735823	2.27619052856	723.0	2.27619052856	1.71485735823	2.2760544327	723.0	2.2760544327
1.73162272346	2.2744604048	716.0	2.2744604048	1.73162272346	2.27432441239	716.0	2.27432441239
1.74625615493	2.27553818681	710.0	2.27553818681	1.74625615493	2.27540212996	710.0	2.27540212996
1.75864095035	2.27950896266	705.0	2.27950896266	1.75864095035	2.27937266839	705.0	2.27937266839
1.77373658083	2.27993440293	699.0	2.27993440293	1.77373658083	2.27979808322	699.0	2.27979808322
1.7890936075	2.28001949098	693.0	2.28001949098	1.7890936075	2.27988316619	693.0	2.27988316619
1.80209574128	2.28308266092	688.0	2.28308266092	1.80209574128	2.28294615298	688.0	2.28294615298
1.81794995601	2.28251540723	682.0	2.28251540723	1.81794995601	2.2823789332	682.0	2.2823789332
1.83137646972	2.28498296079	677.0	2.28498296079	1.83137646972	2.28484633922	677.0	2.28484633922
1.84775241431	2.28376336535	671.0	2.28376336535	1.84775241431	2.28362681671	671.0	2.28362681671
1.86162442943	2.28563530254	666.0	2.28563530254	1.86162442943	2.28549864197	666.0	2.28549864197
1.87570630862	2.28722361287	661.0	2.28722361287	1.87570630862	2.28708685734	661.0	2.28708685734
1.89000285061	2.28852829637	656.0	2.28852829637	1.89000285061	2.28839146282	656.0	2.28839146282
1.90451900154	2.28954935301	651.0	2.28954935301	1.90451900154	2.28941245842	651.0	2.28941245842
1.91925986068	2.29028678281	646.0	2.29028678281	1.91925986068	2.29014984413	646.0	2.29014984413
1.93423068643	2.29074058577	641.0	2.29074058577	1.93423068643	2.29060361995	641.0	2.29060361995
1.94637656201	2.29451282282	637.0	2.29451282282	1.94637656201	2.29437563145	637.0	2.29437563145
1.96177511076	2.29442773477	632.0	2.29442773477	1.96177511076	2.29429054849	632.0	2.29429054849
1.97427049363	2.29771780618	628.0	2.29771780618	1.97427049363	2.29758042319	628.0	2.29758042319
1.99011536116	2.29709382712	623.0	2.29709382712	1.99011536116	2.29695648143	623.0	2.29695648143
2.00297555735	2.2999017329	619.0	2.2999017329	2.00297555735	2.29976421932	619.0	2.29976421932
2.01928643322	2.29873886283	614.0	2.29873886283	2.01928643322	2.29860141878	614.0	2.29860141878
2.03252765574	2.30106460297	610.0	2.30106460297	2.03252765574	2.30092701986	610.0	2.30092701986
2.04594367987	2.30316344163	606.0	2.30316344163	2.04594367987	2.30302573303	606.0	2.30302573303
2.05953799003	2.30503537881	602.0	2.30503537881	2.05953799003	2.30489755829	602.0	2.30489755829
2.07331416388	2.30668041452	598.0	2.30668041452	2.07331416388	2.30654249564	598.0	2.30654249564
2.08727587542	2.30809854875	594.0	2.30809854875	2.08727587542	2.30796054508	594.0	2.30796054508
2.10142689831	2.30928978151	590.0	2.30928978151	2.10142689831	2.30915170661	590.0	2.30915170661
2.11577110922	2.31025411278	586.0	2.31025411278	2.11577110922	2.31011598023	586.0	2.31011598023
2.13031249141	2.31099154258	582.0	2.31099154258	2.13031249141	2.31085336594	582.0	2.31085336594
2.14505513841	2.31150207091	578.0	2.31150207091	2.14505513841	2.31136386373	578.0	2.31136386373
2.15624673043	2.31581319897	575.0	2.31581319897	2.15624673043	2.31567473403	575.0	2.31567473403
2.17135178634	2.31589828702	571.0	2.31589828702	2.17135178634	2.315759817	571.0	2.315759817
2.18282019366	2.31984070018	568.0	2.31984070018	2.18282019366	2.31970199444	568.0	2.31970199444
2.19830118794	2.31950034797	564.0	2.31950034797	2.19830118794	2.31936166257	564.0	2.31936166257
2.21005680927	2.32307404623	561.0	2.32307404623	2.21005680927	2.32293514716	561.0	2.32293514716
2.22592795332	2.32230825374	557.0	2.32230825374	2.22592795332	2.32216940046	557.0	2.32216940046
2.2379817148	2.32551323711	554.0	2.32551323711	2.2379817148	2.32537419219	554.0	2.32537419219
2.25425794545	2.32432200435	550.0	2.32432200435	2.25425794545	2.32418303066	550.0	2.32418303066
2.26662133455	2.32715827281	547.0	2.32715827281	2.26662133455	2.32701912954	547.0	2.32701912954
2.27912108456	2.32982436517	544.0	2.32982436517	2.27912108456	2.32968506249	544.0	2.32968506249
2.29175946396	2.33232028141	541.0	2.33232028141	2.29175946396	2.3321808295	541.0	2.3321808295
2.30453879182	2.33464602155	538.0	2.33464602155	2.30453879182	2.33450643058	538.0	2.33450643058
2.32180125468	2.33243373215	534.0	2.33243373215	2.32180125468	2.33229427346	534.0	2.33229427346
2.33491877589	2.33439075739	531.0	2.33439075739	2.33491877589	2.33425118168	531.0	2.33425118168
2.34818535985	2.33617760652	528.0	2.33617760652	2.34818535985	2.33603792397	528.0	2.33603792397
2.35711382129	2.34224722103	526.0	2.34224722103	2.35711382129	2.34210717557	526.0	2.34210717557
2.37063455067	2.34372208063	523.0	2.34372208063	2.37063455067	2.34358194699	523.0	2.34358194699
2.38431128846	2.34502676412	520.0	2.34502676412	2.38431128846	2.34488655247	520.0	2.34488655247
2.39814675048	2.34616127151	517.0	2.34616127151	2.39814675048	2.34602099203	517.0	2.34602099203
2.41214371595	2.34712560278	514.0	2.34712560278	2.41214371595	2.34698526564	514.0	2.34698526564
2.42630502935	2.34791975795	511.0	2.34791975795	2.42630502935	2.34777937333	511.0	2.34777937333
2.4358386444	2.35316685461	509.0	2.35316685461	2.4358386444	2.35302615626	509.0	2.35302615626
2.45028037549	2.35364902025	506.0	2.35364902025	2.45028037549	2.35350829306	506.0	2.35350829306
2.46489437376	2.35396100978	503.0	2.35396100978	2.46489437376	2.35382026394	503.0	2.35382026394
2.47473427146	2.35881102885	501.0	2.35881102885	2.47473427146	2.35866999302	501.0	2.35866999302
2.48964230924	2.35881102885	498.0	2.35881102885	2.48964230924	2.35866999302	498.0	2.35866999302
2.50473105051	2.35864085274	495.0	2.35864085274	2.50473105051	2.35849982709	495.0	2.35849982709
2.51489223124	2.36309379422	493.0	2.36309379422	2.51489223124	2.36295250233	493.0	2.36295250233
2.53028953061	2.36261162859	490.0	2.36261162859	2.53028953061	2.36247036552	490.0	2.36247036552
2.54065956967	2.36680930591	488.0	2.36680930591	2.54065956967	2.36666779186	488.0	2.36666779186
2.55111495885	2.37089353249	486.0	2.37089353249	2.55111495885	2.37075177424	486.0	2.37075177424
2.56696039337	2.3699575639	483.0	2.3699575639	2.56696039337	2.36981586161	483.0	2.36981586161
2.57763382536	2.37378652632	481.0	2.37378652632	2.57763382536	2.3736445951	481.0	2.3736445951
2.59381144351	2.3725385682	478.0	2.3725385682	2.59381144351	2.37239671159	478.0	2.37239671159
2.60470981092	2.37611226646	476.0	2.37611226646	2.60470981092	2.37597019618	476.0	2.37597019618
2.61570014768	2.37957251399	474.0	2.37957251399	2.61570014768	2.37943023681	474.0	2.37943023681
2.62678362288	2.38291931077	472.0	2.38291931077	2.62678362288	2.38277683349	472.0	2.38277683349
2.63796142553	2.38615265682	470.0	2.38615265682	2.63796142553	2.38600998621	470.0	2.38600998621
2.65490764454	2.38416726889	467.0	2.38416726889	2.65490764454	2.38402471699	467.0	2.38402471699
2.66632660215	2.38714535078	465.0	2.38714535078	2.66632660215	2.38700262082	465.0	2.38700262082
2.67784421166	2.39000998193	463.0	2.39000998193	2.67784421166	2.38986708068	463.0	2.38986708068
2.68946175705	2.39276116233	461.0	2.39276116233	2.68946175705	2.39261809659	461.0	2.39261809659
2.70118054466	2.395398892	459.0	2.395398892	2.70118054466	2.39525566855	459.0	2.39525566855
2.71300190372	2.39792317093	457.0	2.39792317093	2.71300190372	2.39777979655	457.0	2.39777979655
2.72492718681	2.40033399913	455.0	2.40033399913	2.72492718681	2.4001904806	455.0	2.4001904806
2.73695777042	2.40263137658	453.0	2.40263137658	2.73695777042	2.40248772069	453.0	2.40248772069
2.74909505543	2.4048153033	451.0	2.4048153033	2.74909505543	2.40467151683	451.0	2.40467151683
2.76134046771	2.40688577927	449.0	2.40688577927	2.76134046771	2.40674186901	449.0	2.40674186901
2.77369545861	2.40884280451	447.0	2.40884280451	2.77369545861	2.40869877723	447.0	2.40869877723
2.78616150562	2.41068637901	445.0	2.41068637901	2.78616150562	2.4105422415	445.0	2.4105422415
2.79874011287	2.41241650277	443.0	2.41241650277	2.79874011287	2.41227226182	443.0	2.41227226182
2.81143281179	2.4140331758	441.0	2.4140331758	2.81143281179	2.41388883818	441.0	2.41388883818
2.82424116173	2.41553639808	439.0	2.41553639808	2.81782243182	2.42089400241	440.0	2.42089400241
2.83068920091	2.42245689313	438.0	2.42245689313	2.83068920091	2.42231205185	438.0	2.42231205185
2.84367401376	2.42376157662	436.0	2.42376157662	2.84367401376	2.42361665733	436.0	2.42361665733
2.8567785023	2.42495280937	434.0	2.42495280937	2.8567785023	2.42480781886	434.0	2.42480781886
2.8700043287	2.42603059139	432.0	2.42603059139	2.8700043287	2.42588553644	432.0	2.42588553644
2.87666327146	2.4326390969	431.0	2.4326390969	2.87666327146	2.43249364682	431.0	2.43249364682
2.89007428904	2.43351834013	429.0	2.43351834013	2.89007428904	2.43337283747	429.0	2.43337283747
2.90361093677	2.43428413261	427.0	2.43428413261	2.90361093677	2.43413858417	427.0	2.43413858417
2.91042692488	2.44066573665	426.0	2.44066573665	2.91042692488	2.44051980665	426.0	2.44051980665
2.92415535377	2.44123299034	424.0	2.44123299034	2.92415535377	2.44108702642	424.0	2.44108702642
2.93801390995	2.4416867933	422.0	2.4416867933	2.93801390995	2.44154080224	422.0	2.44154080224
2.94499256532	2.44784149586	421.0	2.44784149586	2.94499256532	2.44769513681	421.0	2.44769513681
2.95904980907	2.44809676002	419.0	2.44809676002	2.95904980907	2.44795038571	419.0	2.44795038571
2.9661288756	2.45410964916	418.0	2.45410964916	2.9661288756	2.45396291533	418.0	2.45396291533
2.98038911058	2.45416637453	416.0	2.45416637453	2.98038911058	2.45401963731	416.0	2.45401963731
2.98757077108	2.46003745024	415.0	2.46003745024	2.98757077108	2.45989036198	415.0	2.45989036198
3.00203842615	2.45989563682	413.0	2.45989563682	3.00203842615	2.45974855704	413.0	2.45974855704
3.00932492718	2.46562489911	412.0	2.46562489911	3.00932492718	2.46547747677	412.0	2.46547747677
3.02400456098	2.4652845469	410.0	2.4652845469	3.02400456098	2.46513714491	410.0	2.46513714491
3.03139821516	2.47087199577	409.0	2.47087199577	3.03139821516	2.4707242597	409.0	2.4707242597
3.04629452088	2.47033310476	407.0	2.47033310476	3.04629452088	2.47018540091	407.0	2.47018540091
3.05379770936	2.47577874021	406.0	2.47577874021	3.05379770936	2.47563071076	406.0	2.47563071076
3.06133795062	2.48116765028	405.0	2.48116765028	3.06133795062	2.48101929863	405.0	2.48101929863
3.07653069479	2.48034513243	403.0	2.48034513243	3.07653069479	2.48019682995	403.0	2.48019682995
3.08418375622	2.48559222908	402.0	2.48559222908	3.08418375622	2.48544361288	402.0	2.48544361288
3.099604675	2.48457117244	400.0	2.48457117244	3.099604675	2.48442261728	400.0	2.48442261728
3.10737310777	2.48967645567	399.0	2.48967645567	3.10737310777	2.48952759526	399.0	2.48952759526
3.11518057789	2.49472501353	398.0	2.49472501353	3.11518057789	2.49457585126	398.0	2.49457585126
3.13091381313	2.49342033004	396.0	2.49342033004	3.13091381313	2.49327124578	396.0	2.49327124578
3.13884017722	2.49832707448	395.0	2.49832707448	3.13884017722	2.49817769684	395.0	2.49817769684
3.14680677665	2.50317709355	394.0	2.50317709355	3.14680677665	2.50302742592	394.0	2.50302742592
3.15481391858	2.50797038725	393.0	2.50797038725	3.15481391858	2.50782043303	393.0	2.50782043303
3.16286191327	2.51270695558	392.0	2.51270695558	3.17095107417	2.50614713469	391.0	2.50614713469
3.17908171795	2.51094846913	390.0	2.51094846913	3.17908171795	2.51079833685	390.0	2.51079833685
