Column 1: energy in eV
Column 2: k *1e-3, linear interpolation
Column 3: energy in eV
Column 4: k *1e-3, spline interpolation
Column 5: lambda in nm
Column 6: k *1e-3, linear interpolation
Column 7: lambda in nm
Column 8: k *1e-3, spline interpolation
0.269530841304	2.53015098988	0.268946175705	1.7750598618	4600.0	2.53015098988	4610.0	1.7750598618
0.298757077108	0.1472576466	0.298757077108	-0.103687455335	4150.0	0.1472576466	4150.0	-0.103687455335
0.328000494709	-0.497662522372	0.328000494709	-0.659204205018	3780.0	-0.497662522372	3780.0	-0.659204205018
0.357303132565	-0.444053264598	0.357303132565	-0.54679602558	3470.0	-0.444053264598	3470.0	-0.54679602558
0.387450584375	-0.246355086259	0.387450584375	-0.228335432581	3200.0	-0.246355086259	3200.0	-0.228335432581
0.417455175084	-0.0157101595184	0.417455175084	0.027285183717	2970.0	-0.0157101595184	2970.0	0.027285183717
0.445986284173	0.0557134259248	0.445986284173	0.0776164199272	2780.0	0.0557134259248	2780.0	0.0776164199272
0.475035199234	-0.0370733582098	0.475035199234	-0.0555548899981	2610.0	-0.0370733582098	2610.0	-0.0555548899981
0.506264544712	-0.143328072386	0.506264544712	-0.144425399767	2449.0	-0.143328072386	2449.0	-0.144425399767
0.535337594991	-0.127913117175	0.535337594991	-0.13587686793	2316.0	-0.127913117175	2316.0	-0.13587686793
0.56279703586	-0.131655703371	0.56279703586	-0.153133058977	2203.0	-0.131655703371	2203.0	-0.153133058977
0.59436331256	-0.0744091314602	0.59436331256	-0.0574722486305	2086.0	-0.0744091314602	2086.0	-0.0574722486305
0.623662912475	-0.115423191714	0.623662912475	-0.117274996994	1988.0	-0.115423191714	1988.0	-0.117274996994
0.653235969442	-0.0696904213852	0.653235969442	-0.0929688524147	1898.0	-0.0696904213852	1898.0	-0.0929688524147
0.682732307269	-0.0122782351648	0.682732307269	-0.0142746221797	1816.0	-0.0122782351648	1816.0	-0.0142746221797
0.712143520965	0.0264307946523	0.712143520965	0.0332930233725	1741.0	0.0264307946523	1741.0	0.0332930233725
0.741088983861	0.0306857139157	0.741088983861	0.0340117613526	1673.0	0.0306857139157	1673.0	0.0340117613526
0.770566730889	0.0305536840978	0.770566730889	0.0300788822505	1609.0	0.0305536840978	1609.0	0.0300788822505
0.799897980645	0.0105711794815	0.799897980645	0.00854217362985	1550.0	0.0105711794815	1550.0	0.00854217362985
0.828771303476	-0.0179383830062	0.828771303476	-0.0197799111127	1496.0	-0.0179383830062	1496.0	-0.0197799111127
0.858022055363	-0.0363932039747	0.858022055363	-0.0386279164689	1445.0	-0.0363932039747	1445.0	-0.0386279164689
0.887503128132	-0.0528166958229	0.887503128132	-0.0590522390907	1397.0	-0.0528166958229	1397.0	-0.0590522390907
0.916365018477	-0.0602955076703	0.916365018477	-0.0638087160947	1353.0	-0.0602955076703	1353.0	-0.0638087160947
0.945722250191	-0.0560999111723	0.945722250191	-0.0581503999813	1311.0	-0.0560999111723	1311.0	-0.0581503999813
0.974718451258	-0.0481302444166	0.974718451258	-0.0512200210693	1272.0	-0.0481302444166	1272.0	-0.0512200210693
1.00310830906	-0.0548322559577	1.00310830906	-0.0553852795691	1236.0	-0.0548322559577	1236.0	-0.0553852795691
1.03234127394	-0.0581036691962	1.03234127394	-0.058588101202	1201.0	-0.0581036691962	1201.0	-0.058588101202
1.06150845034	-0.0554866697306	1.06150845034	-0.0599182161421	1168.0	-0.0554866697306	1168.0	-0.0599182161421
1.09045019349	-0.04980818844	1.09045019349	-0.0531043914175	1137.0	-0.04980818844	1137.0	-0.0531043914175
1.1189908574	-0.050655943519	1.1189908574	-0.0506020308139	1108.0	-0.050655943519	1108.0	-0.0506020308139
1.14800173148	-0.0382914579322	1.14800173148	-0.0401778084328	1080.0	-0.0382914579322	1080.0	-0.0401778084328
1.17632055977	-0.041120914987	1.17632055977	-0.0441638500935	1054.0	-0.041120914987	1054.0	-0.0441638500935
1.20489977648	-0.039645906481	1.20489977648	-0.041093282499	1029.0	-0.039645906481	1029.0	-0.041093282499
1.23367350249	-0.0256733327633	1.23367350249	-0.0293636418221	1005.0	-0.0256733327633	1005.0	-0.0293636418221
1.26128369278	-0.0228845648477	1.26128369278	-0.0248838988638	983.0	-0.0228845648477	983.0	-0.0248838988638
1.2901580333	-0.010215359381	1.2901580333	-0.009795059213	961.0	-0.010215359381	961.0	-0.009795059213
1.31898071277	0.000844631077487	1.31898071277	-0.000574916612833	940.0	0.000844631077487	940.0	-0.000574916612833
1.34619095548	-0.00301994683942	1.34619095548	-0.00370956020286	921.0	-0.00301994683942	921.0	-0.00370956020286
1.37454752772	0.00157840420643	1.37454752772	-0.000360603635788	902.0	0.00157840420643	902.0	-0.000360603635788
1.40253605204	0.00394049143903	1.40253605204	0.00148125711876	884.0	0.00394049143903	884.0	0.00148125711876
1.43168807159	0.0120800817661	1.43168807159	0.0110785155352	866.0	0.0120800817661	866.0	0.0110785155352
1.45863749412	0.0105722332864	1.45863749412	0.0103640210464	850.0	0.0105722332864	850.0	0.0103640210464
1.48662094724	0.017719557832	1.48662094724	0.0151151202211	834.0	0.017719557832	834.0	0.0151151202211
1.51384843712	0.0216100310847	1.51384843712	0.0152395269473	819.0	0.0216100310847	819.0	0.0152395269473
1.54209187811	0.0337099589947	1.54209187811	0.0323279209902	804.0	0.0337099589947	804.0	0.0323279209902
1.56942008861	0.065189726151	1.56942008861	0.063769238346	790.0	0.065189726151	790.0	0.063769238346
1.59773436856	0.0968931178614	1.59773436856	0.0971360267938	776.0	0.0968931178614	776.0	0.0971360267938
1.62495657929	0.0982418214628	1.62495657929	0.101420718824	763.0	0.0982418214628	763.0	0.101420718824
1.65312249333	0.102429691247	1.65312249333	0.100750916774	750.0	0.102429691247	750.0	0.100750916774
1.68000253388	0.103981505288	1.68000253388	0.100997777061	738.0	0.103981505288	738.0	0.100997777061
1.7077711708	0.110429400786	1.7077711708	0.108941980365	726.0	0.110429400786	726.0	0.108941980365
1.73404457343	0.112862620631	1.73404457343	0.111781507056	715.0	0.112862620631	715.0	0.111781507056
1.76113901989	0.118139159994	1.76113901989	0.116941906119	704.0	0.118139159994	704.0	0.116941906119
1.7890936075	0.127113527343	1.7890936075	0.126493053465	693.0	0.127113527343	693.0	0.126493053465
1.81528824305	0.12974482201	1.81528824305	0.12865677022	683.0	0.12974482201	683.0	0.12865677022
1.84226132244	0.132722751271	1.84226132244	0.130927075726	673.0	0.132722751271	673.0	0.130927075726
1.87004806938	0.139585965951	1.87004806938	0.138005371114	663.0	0.139585965951	663.0	0.138005371114
1.89578267584	0.144529884131	1.89578267584	0.142482884937	654.0	0.144529884131	654.0	0.142482884937
1.92223545736	0.155996602452	1.92223545736	0.154157042692	645.0	0.155996602452	645.0	0.154157042692
1.94943690252	0.168120512015	1.94943690252	0.167822459254	636.0	0.168120512015	636.0	0.167822459254
1.97427049363	0.173227887592	1.97427049363	0.172870996581	628.0	0.173227887592	628.0	0.172870996581
1.99974495161	0.178441513733	1.99974495161	0.177790109027	620.0	0.178441513733	620.0	0.177790109027
2.0258854085	0.182059991521	2.0258854085	0.18125057632	612.0	0.182059991521	612.0	0.18125057632
2.05271832781	0.189711909826	2.05271832781	0.186752539217	604.0	0.189711909826	604.0	0.186752539217
2.08027159396	0.202750676302	2.08027159396	0.200805103417	596.0	0.202750676302	596.0	0.200805103417
2.10499468591	0.213132968731	2.10499468591	0.212774074905	589.0	0.213132968731	589.0	0.212774074905
2.13031249141	0.227025204644	2.13031249141	0.225823571969	582.0	0.227025204644	582.0	0.225823571969
2.15624673043	0.234847879886	2.15624673043	0.23479699758	575.0	0.234847879886	575.0	0.23479699758
2.18282019366	0.245505465674	2.18282019366	0.243966723061	568.0	0.245505465674	568.0	0.243966723061
2.20612432384	0.251838141928	2.20612432384	0.248775822862	562.0	0.251838141928	562.0	0.248775822862
2.23394931532	0.276971033809	2.23394931532	0.274738256201	555.0	0.276971033809	555.0	0.274738256201
2.25836406193	0.295685939591	2.25836406193	0.294242983974	549.0	0.295685939591	549.0	0.294242983974
2.28331836096	0.31783080286	2.28331836096	0.318094293919	543.0	0.31783080286	543.0	0.318094293919
2.30883029795	0.342763934398	2.30883029795	0.341334037316	537.0	0.342763934398	537.0	0.341334037316
2.33052983083	0.350667409369	2.33052983083	0.349095092859	532.0	0.350667409369	532.0	0.349095092859
2.35711382129	0.374713794865	2.35711382129	0.3751637213	526.0	0.374713794865	526.0	0.3751637213
2.37973487524	0.395322974187	2.37973487524	0.392541998899	521.0	0.395322974187	521.0	0.392541998899
2.40279432171	0.411225406669	2.40279432171	0.410752691975	516.0	0.411225406669	516.0	0.410752691975
2.4310624902	0.440950197575	2.4310624902	0.443072850877	510.0	0.440950197575	510.0	0.443072850877
2.45513241584	0.466267104331	2.45513241584	0.462287041176	505.0	0.466267104331	505.0	0.462287041176
2.47473427146	0.47150651516	2.47473427146	0.46923272307	501.0	0.47150651516	501.0	0.46923272307
2.49968118952	0.505066579	2.49968118952	0.503238032745	496.0	0.505066579	496.0	0.503238032745
2.52513619145	0.554257090174	2.52513619145	0.553066076599	491.0	0.554257090174	491.0	0.553066076599
2.54587652977	0.580201729164	2.54587652977	0.581594563837	487.0	0.580201729164	487.0	0.581594563837
2.57228603734	0.620725965689	2.57228603734	0.617361876061	482.0	0.620725965689	482.0	0.617361876061
2.59381144351	0.641352026348	2.59381144351	0.640078848749	478.0	0.641352026348	478.0	0.640078848749
2.61570014768	0.681035403912	2.61570014768	0.678203444627	474.0	0.681035403912	474.0	0.678203444627
2.63796142553	0.732304655538	2.63796142553	0.727525378253	470.0	0.732304655538	470.0	0.727525378253
2.66060487124	0.775441879775	2.66060487124	0.778270378783	466.0	0.775441879775	466.0	0.778270378783
2.68364041126	0.832992277313	2.68364041126	0.832516739035	462.0	0.832992277313	462.0	0.832516739035
2.70707831878	0.890653748725	2.70707831878	0.886308710633	458.0	0.890653748725	458.0	0.886308710633
2.73092922907	0.9440055276	2.73092922907	0.940906599094	454.0	0.9440055276	454.0	0.940906599094
2.75520415556	1.01849534282	2.75520415556	1.01570905528	450.0	1.01849534282	450.0	1.01570905528
2.77369545861	1.07796823597	2.77369545861	1.07779920538	447.0	1.07796823597	447.0	1.07779920538
2.79874011287	1.17655635077	2.79874011287	1.17406249687	443.0	1.17655635077	443.0	1.17406249687
2.81782243182	1.2318923163	2.81782243182	1.22819637119	440.0	1.2318923163	440.0	1.22819637119
2.83716675057	1.29937895096	2.83716675057	1.29722034762	437.0	1.29937895096	437.0	1.29722034762
2.86337614319	1.45153776992	2.86337614319	1.44589032862	433.0	1.45153776992	433.0	1.44589032862
2.88335318605	1.5574082124	2.88335318605	1.55636399247	430.0	1.5574082124	430.0	1.55636399247
2.90361093677	1.65932212226	2.90361093677	1.65979386261	427.0	1.65932212226	427.0	1.65979386261
2.92415535377	1.77761220846	2.92415535377	1.77220570869	424.0	1.77761220846	424.0	1.77220570869
2.94499256532	1.90514827661	2.94499256532	1.90653236713	421.0	1.90514827661	421.0	1.90653236713
2.9661288756	2.05413238695	2.9661288756	2.05167657212	418.0	2.05413238695	418.0	2.05167657212
2.98757077108	2.20227265186	2.98757077108	2.19286258167	415.0	2.20227265186	415.0	2.19286258167
3.00932492718	2.36286939268	3.00932492718	2.35835511235	412.0	2.36286939268	412.0	2.35835511235
3.02400456098	2.50276665352	3.02400456098	2.49455914782	410.0	2.50276665352	410.0	2.49455914782
3.04629452088	2.77179761822	3.04629452088	2.76643660939	407.0	2.77179761822	407.0	2.76643660939
3.06133795062	2.94567877678	3.06133795062	2.9459718758	405.0	2.94567877678	405.0	2.9459718758
3.08418375622	3.24722629473	3.08418375622	3.24784151659	402.0	3.24722629473	402.0	3.24784151659
3.099604675	3.46173598419	3.099604675	3.45769910824	400.0	3.46173598419	400.0	3.45769910824
3.12302738035	3.82185242793	3.12302738035	3.8164796283	397.0	3.82185242793	397.0	3.8164796283
3.13884017722	4.07753858898	3.13884017722	4.06712420883	395.0	4.07753858898	395.0	4.06712420883
3.16286191327	4.55264408042	3.16286191327	4.54365231368	392.0	4.55264408042	392.0	4.54365231368
3.17908171795	4.9344267448	3.17908171795	4.92823625316	390.0	4.9344267448	390.0	4.92823625316
3.19546873711	5.36675290626	3.19546873711	5.36401358579	388.0	5.36675290626	388.0	5.36401358579
3.21202556995	5.82987969647	3.21202556995	5.83290835242	386.0	5.82987969647	386.0	5.83290835242
3.22875486979	6.3449401044	3.22875486979	6.34572316765	384.0	6.3449401044	384.0	6.34572316765
3.24565934555	6.92247492936	3.24565934555	6.91745561753	382.0	6.92247492936	382.0	6.91745561753
3.26274176316	7.55298500525	3.26274176316	7.55867760538	380.0	7.55298500525	380.0	7.55867760538
3.28000494709	8.28735041858	3.28000494709	8.28683885981	378.0	8.28735041858	378.0	8.28683885981
3.29745178191	9.10046923376	3.29745178191	9.11106228777	376.0	9.10046923376	376.0	9.11106228777
3.3150852139	10.016634448	3.3150852139	10.035804565	374.0	10.016634448	374.0	10.035804565
3.33290825269	11.0415935077	3.33290825269	11.0649926487	372.0	11.0415935077	372.0	11.0649926487
