Column 1: lambda in nm
Column 2: n2, linear interp.
Column 3: energy in eV
Column 4: n2, linear interp.
Column 5: lambda in nm
Column 6: n2, spline interp.
Column 7: energy in eV
Column 8: n2, spline interp.
0.270707831878	2.19275580251	4580.0	2.19275580251	0.270707831878	2.19318512382	4580.0	2.19318512382
0.29661288756	2.18318044966	4180.0	2.18318044966	0.29661288756	2.1836078962	4180.0	2.1836078962
0.319546873711	2.19536726238	3880.0	2.19536726238	0.319546873711	2.19579709499	3880.0	2.19579709499
0.343446501385	2.19971969549	3610.0	2.19971969549	0.343446501385	2.20015038027	3610.0	2.20015038027
0.367905599407	2.2001549388	3370.0	2.2001549388	0.367905599407	2.20058570879	3370.0	2.20058570879
0.392355022152	2.20059018211	3160.0	2.20059018211	0.392355022152	2.20102103732	3160.0	2.20102103732
0.416054318792	2.20494261523	2980.0	2.20494261523	0.416054318792	2.2053743226	2980.0	2.2053743226
0.441224864769	2.20146066874	2810.0	2.20146066874	0.441224864769	2.20189169438	2810.0	2.20189169438
0.466105966165	2.19971969549	2660.0	2.19971969549	0.466105966165	2.20015038027	2660.0	2.20015038027
0.495936748	2.17621655668	2500.0	2.17621655668	0.495936748	2.17664263976	2500.0	2.17664263976
0.515312497922	2.19911035485	2406.0	2.19911035485	0.515312497922	2.19954092033	2406.0	2.19954092033
0.539765724859	2.1994585495	2297.0	2.1994585495	0.539530839861	2.20084690591	2298.0	2.20084690591
0.560760682949	2.21334281113	2211.0	2.21334281113	0.560760682949	2.21377616319	2211.0	2.21377616319
0.587881398767	2.20302754466	2109.0	2.20302754466	0.588160279886	2.20241408861	2108.0	2.20241408861
0.612570093874	2.20233115536	2024.0	2.20233115536	0.612570093874	2.20276235143	2024.0	2.20276235143
0.636796029789	2.20328869064	1947.0	2.20328869064	0.636796029789	2.2037200742	1947.0	2.2037200742
0.661248997333	2.20341926364	1875.0	2.20341926364	0.661248997333	2.20385067275	1875.0	2.20385067275
0.685374168049	2.20459442058	1809.0	2.20459442058	0.685374168049	2.20502605978	1809.0	2.20502605978
0.709697693188	2.20507318822	1747.0	2.20507318822	0.709697693188	2.20550492116	1747.0	2.20550492116
0.733634242604	2.20668358847	1690.0	2.20668358847	0.733634242604	2.20711563671	1690.0	2.20711563671
0.75784955379	2.20737997777	1636.0	2.20737997777	0.75784955379	2.20781216236	1636.0	2.20781216236
0.782234618297	2.20755407509	1585.0	2.20755407509	0.782234618297	2.20798629377	1585.0	2.20798629377
0.806139057217	2.20903390235	1538.0	2.20903390235	0.806139057217	2.20946641076	1538.0	2.20946641076
0.830436617549	2.209382097	1493.0	2.209382097	0.830436617549	2.20981467359	1493.0	2.20981467359
0.854474066161	2.21038315662	1451.0	2.21038315662	0.854474066161	2.2108159292	1451.0	2.2108159292
0.878697285613	2.21086192426	1411.0	2.21086192426	0.878697285613	2.21129479058	1411.0	2.21129479058
0.902359439592	2.21268994617	1374.0	2.21268994617	0.902359439592	2.2131231704	1374.0	2.2131231704
0.926638168909	2.21295109215	1338.0	2.21295109215	0.926638168909	2.21338436752	1338.0	2.21338436752
0.950070398467	2.21517083304	1305.0	2.21517083304	0.950070398467	2.21560454301	1305.0	2.21560454301
0.973952765122	2.21625894132	1273.0	2.21625894132	0.973952765122	2.21669286433	1273.0	2.21669286433
0.998262375201	2.21634598998	1242.0	2.21634598998	0.998262375201	2.21677993003	1242.0	2.21677993003
1.02212849959	2.21739057393	1213.0	2.21739057393	1.02212849959	2.2178247185	1213.0	2.2178247185
1.04628005907	2.21778229291	1185.0	2.21778229291	1.04628005907	2.21821651418	1185.0	2.21821651418
1.06975139776	2.21956679049	1159.0	2.21956679049	1.06975139776	2.22000136114	1159.0	2.22000136114
1.09333498236	2.22104661775	1134.0	2.22104661775	1.09333498236	2.22148147814	1134.0	2.22148147814
1.11697465766	2.22235234768	1110.0	2.22235234768	1.11697465766	2.22278746372	1110.0	2.22278746372
1.14060889604	2.22361455328	1087.0	2.22361455328	1.14060889604	2.22404991645	1087.0	2.22404991645
1.16417076995	2.22496380755	1065.0	2.22496380755	1.16417076995	2.22539943489	1065.0	2.22539943489
1.18758799808	2.22653068347	1044.0	2.22653068347	1.18758799808	2.22696661759	1044.0	2.22696661759
1.21196663734	2.22626953748	1023.0	2.22626953748	1.21196663734	2.22670542047	1023.0	2.22670542047
1.23490226096	2.22861985136	1004.0	2.22861985136	1.23490226096	2.22905619452	1004.0	2.22905619452
1.25872271066	2.22931624066	985.0	2.22931624066	1.25872271066	2.22975272017	985.0	2.22975272017
1.28215291624	2.23066549493	967.0	2.23066549493	1.28215291624	2.2311022386	967.0	2.2311022386
1.30509670526	2.23279818715	950.0	2.23279818715	1.30509670526	2.23323534839	950.0	2.23323534839
1.32887660236	2.23345105212	933.0	2.23345105212	1.32887660236	2.23388834118	933.0	2.23388834118
1.35206310796	2.23506145237	917.0	2.23506145237	1.35206310796	2.23549905674	917.0	2.23549905674
1.37607310766	2.23527907403	901.0	2.23527907403	1.37607310766	2.235716721	901.0	2.235716721
1.39937005643	2.23662832829	886.0	2.23662832829	1.39937005643	2.23706623944	886.0	2.23706623944
1.42183700688	2.23923978816	872.0	2.23923978816	1.42183700688	2.2396782106	872.0	2.2396782106
1.44503714452	2.24063256676	858.0	2.24063256676	1.44503714452	2.24107126189	858.0	2.24107126189
1.46726848521	2.24346164828	845.0	2.24346164828	1.46726848521	2.24390089733	845.0	2.24390089733
1.49019455529	2.24515909719	832.0	2.24515909719	1.49019455529	2.24559867858	832.0	2.24559867858
1.51384843712	2.2457249135	819.0	2.2457249135	1.51384843712	2.24616460567	819.0	2.24616460567
1.53826534739	2.24515909719	806.0	2.24515909719	1.53826534739	2.24559867858	806.0	2.24559867858
1.55954952201	2.24911981133	795.0	2.24911981133	1.55954952201	2.24956016819	795.0	2.24956016819
1.58143095663	2.25212299017	784.0	2.25212299017	1.58143095663	2.25256393503	784.0	2.25256393503
1.60393514877	2.25416863374	773.0	2.25416863374	1.60393514877	2.25460997911	773.0	2.25460997911
1.62708906824	2.25525674202	762.0	2.25525674202	1.62708906824	2.25569830043	762.0	2.25569830043
1.65092126498	2.25538731501	751.0	2.25538731501	1.65092126498	2.25582889899	751.0	2.25582889899
1.67320090418	2.2576070559	741.0	2.2576070559	1.67320090418	2.25804907448	741.0	2.25804907448
1.69609010944	2.25895631016	731.0	2.25895631016	1.69609010944	2.25939859292	731.0	2.25939859292
1.71723250693	2.26256882965	722.0	2.26256882965	1.71723250693	2.2630118197	722.0	2.2630118197
1.74135094101	2.262220635	712.0	2.262220635	1.74135094101	2.26266355688	712.0	2.26266355688
1.7636441963	2.26422275423	703.0	2.26422275423	1.7636441963	2.26466606811	703.0	2.26466606811
1.78394513669	2.26870576034	695.0	2.26870576034	1.78394513669	2.26914995195	695.0	2.26914995195
1.80734966472	2.26918452798	686.0	2.26918452798	1.80734966472	2.26962881333	686.0	2.26962881333
1.82867532448	2.27223123116	678.0	2.27223123116	1.82867532448	2.27267611302	678.0	2.27267611302
1.85051025373	2.27458154504	670.0	2.27458154504	1.85051025373	2.27502688707	670.0	2.27502688707
1.87287291541	2.27623546962	662.0	2.27623546962	1.87287291541	2.27668113548	662.0	2.27668113548
1.89868586524	2.27371105842	653.0	2.27371105842	1.89868586524	2.27415623002	653.0	2.27415623002
1.91629346213	2.28097962172	647.0	2.28097962172	1.91629346213	2.28142621644	647.0	2.28142621644
1.94028461659	2.28058790274	639.0	2.28058790274	1.94028461659	2.28103442076	639.0	2.28103442076
1.96177511076	2.28311231394	632.0	2.28311231394	1.96177511076	2.28355932622	632.0	2.28355932622
1.983746992	2.28502738451	625.0	2.28502738451	1.983746992	2.28547477174	625.0	2.28547477174
2.00297555735	2.29003268259	619.0	2.29003268259	2.00297555735	2.29048104982	619.0	2.29048104982
2.0258854085	2.29077259622	612.0	2.29077259622	2.0258854085	2.29122110831	612.0	2.29122110831
2.04594367987	2.29468978602	606.0	2.29468978602	2.04594367987	2.29513906507	606.0	2.29513906507
2.06985287145	2.29425454271	599.0	2.29425454271	2.06985287145	2.29470373654	599.0	2.29470373654
2.09079573356	2.29708362424	593.0	2.29708362424	2.09079573356	2.29753337197	593.0	2.29753337197
2.11216672913	2.29939041379	587.0	2.29939041379	2.11216672913	2.29984061317	587.0	2.29984061317
2.13031249141	2.3051356255	582.0	2.3051356255	2.13031249141	2.30558694974	582.0	2.30558694974
2.15250324653	2.30644135543	576.0	2.30644135543	2.15250324653	2.30689293532	576.0	2.30689293532
2.17516117544	2.30722479339	570.0	2.30722479339	2.17516117544	2.30767652667	570.0	2.30767652667
2.19441038938	2.3115772265	565.0	2.3115772265	2.19441038938	2.31202981195	565.0	2.31202981195
2.21796398927	2.31135960485	559.0	2.31135960485	2.21796398927	2.31181214769	559.0	2.31181214769
2.2379817148	2.31479802701	554.0	2.31479802701	2.2379817148	2.31525124306	554.0	2.31525124306
2.25836406193	2.31780120586	549.0	2.31780120586	2.25836406193	2.3182550099	549.0	2.3182550099
2.27912108456	2.32036914139	544.0	2.32036914139	2.27912108456	2.32082344821	544.0	2.32082344821
2.30026320965	2.32250183362	539.0	2.32250183362	2.30026320965	2.322956558	539.0	2.322956558
2.31746143925	2.32855171565	535.0	2.32855171565	2.31746143925	2.32900762454	535.0	2.32900762454
2.33932428302	2.32985744558	530.0	2.32985744558	2.33932428302	2.33031361012	530.0	2.33031361012
2.3616035619	2.3307279322	525.0	2.3307279322	2.3616035619	2.33118426718	525.0	2.33118426718
2.37973487524	2.33564618162	521.0	2.33564618162	2.37973487524	2.33610347955	521.0	2.33610347955
2.40279432171	2.33568970595	516.0	2.33568970595	2.40279432171	2.3361470124	516.0	2.3361470124
2.42156615234	2.33986804174	512.0	2.33986804174	2.42156615234	2.34032616627	512.0	2.34032616627
2.44063360236	2.34369818288	508.0	2.34369818288	2.44063360236	2.34415705731	508.0	2.34415705731
2.46000371032	2.34718012937	504.0	2.34718012937	2.46000371032	2.34763968554	504.0	2.34763968554
2.47968374	2.35031388121	500.0	2.35031388121	2.47968374	2.35077405094	500.0	2.35077405094
2.49968118952	2.3530994384	496.0	2.3530994384	2.49968118952	2.35356015352	496.0	2.35356015352
2.52000380081	2.35553680095	492.0	2.35553680095	2.52000380081	2.35599799327	492.0	2.35599799327
2.54065956967	2.35762596884	488.0	2.35762596884	2.54065956967	2.35808757021	488.0	2.35808757021
2.55637498969	2.36424166717	485.0	2.36424166717	2.55637498969	2.36470456383	485.0	2.36470456383
2.57763382536	2.3656779701	481.0	2.3656779701	2.57763382536	2.36614114797	481.0	2.36614114797
2.59924920335	2.36676607838	477.0	2.36676607838	2.59924920335	2.36722946929	477.0	2.36722946929
2.61570014768	2.37251129009	474.0	2.37251129009	2.61570014768	2.37297580586	474.0	2.37297580586
2.63236065817	2.37799535581	471.0	2.37799535581	2.63236065817	2.37846094532	471.0	2.37846094532
2.65490764454	2.37812592881	467.0	2.37812592881	2.65490764454	2.37859154387	467.0	2.37859154387
2.67207299569	2.38304417822	464.0	2.38304417822	2.67207299569	2.38351075624	464.0	2.38351075624
2.68946175705	2.38770128166	461.0	2.38770128166	2.68946175705	2.38816877149	461.0	2.38816877149
2.71300190372	2.38687431936	457.0	2.38687431936	2.71300190372	2.38734164729	457.0	2.38734164729
2.73092922907	2.39096560649	454.0	2.39096560649	2.73092922907	2.39143373545	454.0	2.39143373545
2.74909505543	2.39479574763	451.0	2.39479574763	2.74909505543	2.39526462649	451.0	2.39526462649
2.76750417411	2.39836474278	448.0	2.39836474278	2.76750417411	2.39883432042	448.0	2.39883432042
2.78616150562	2.40167259195	445.0	2.40167259195	2.78616150562	2.40214281724	445.0	2.40214281724
2.79874011287	2.41015983652	443.0	2.41015983652	2.79874011287	2.41063172353	443.0	2.41063172353
2.81782243182	2.41298891804	440.0	2.41298891804	2.81782243182	2.41346135896	440.0	2.41346135896
2.83716675057	2.41555685358	437.0	2.41555685358	2.83716675057	2.41602979728	437.0	2.41602979728
2.8567785023	2.41786364313	434.0	2.41786364313	2.8567785023	2.41833703848	434.0	2.41833703848
2.8700043287	2.42552392541	432.0	2.42552392541	2.8700043287	2.42599882057	432.0	2.42599882057
2.89007428904	2.42735194732	429.0	2.42735194732	2.89007428904	2.42782720039	429.0	2.42782720039
2.91042692488	2.42891882324	426.0	2.42891882324	2.91042692488	2.42939438309	426.0	2.42939438309
2.92415535377	2.43596976488	424.0	2.43596976488	2.92415535377	2.43644670524	424.0	2.43644670524
2.94499256532	2.43705787316	421.0	2.43705787316	2.94499256532	2.43753502656	421.0	2.43753502656
2.95904980907	2.44371709582	419.0	2.44371709582	2.95904980907	2.44419555304	419.0	2.44419555304
2.97324189448	2.45020222116	417.0	2.45020222116	2.97324189448	2.4506819481	417.0	2.4506819481
2.9947871256	2.45059394014	414.0	2.45059394014	2.9947871256	2.45107374378	414.0	2.45107374378
3.00932492718	2.4566873465	412.0	2.4566873465	3.00932492718	2.45716834317	412.0	2.45716834317
3.02400456098	2.46260665554	410.0	2.46260665554	3.02400456098	2.46308881115	410.0	2.46308881115
3.03882811275	2.46835186725	408.0	2.46835186725	3.03882811275	2.46883514772	408.0	2.46883514772
3.06133795062	2.46782957527	405.0	2.46782957527	3.06133795062	2.46831275348	405.0	2.46831275348
3.07653069479	2.473183068	403.0	2.473183068	3.07653069479	2.47366729438	403.0	2.47366729438
3.09187498753	2.47836246341	401.0	2.47836246341	3.09187498753	2.47884770386	401.0	2.47884770386
