Column 1-2 and 5-6: raw data (x,y), Column 3-4 and 7-8 fitted line (x,y)
x = n/lambda [*1e-3 in 1/nm], y = l/2 [arb. units] where l=0,1,2...
x(lin)		y(lin)	x(lin)		y(lin)		x(spl)		y(spl)	x(spl)		y(spl) 
0.490197290372	0.0	0.0	-4.5056211646		0.510610862339	0.0	0.0	-4.50710513581
0.525118704789	0.5	0.490197290372	0.520838657006		0.514892976109	0.5	0.510610862339	0.727967630043
0.536416489947	1.0	0.525118704789	0.878921188118		0.542555371904	1.0	0.514892976109	0.77187029414
0.583396405056	1.5	0.536416489947	0.994768142575		0.581973768546	1.5	0.542555371904	1.05548089773
0.630619572787	2.0	0.583396405056	1.47649796923		0.629930352544	2.0	0.581973768546	1.45962070351
0.677834505391	2.5	0.630619572787	1.96072209676		0.677551061892	2.5	0.629930352544	1.95129885873
0.724371921901	3.0	0.677834505391	2.44486178169		0.725538260263	3.0	0.677551061892	2.43953343614
0.770652611233	3.5	0.724371921901	2.92205424865		0.774298495619	3.5	0.725538260263	2.93152546732
0.819452976327	4.0	0.770652611233	3.39661424727		0.814370814324	4.0	0.774298495619	3.43144311302
0.848488530939	4.5	0.819452976327	3.89701088193		0.848139171301	4.5	0.814370814324	3.84228729944
0.906542511453	5.0	0.848488530939	4.1947400851		0.906941235927	5.0	0.848139171301	4.18849968737
0.976663278286	5.5	0.906542511453	4.79002285444		0.971468541486	5.5	0.906941235927	4.79137187401
1.02616583185	6.0	0.976663278286	5.50903787976		1.0267523909	6.0	0.971468541486	5.45294248463
1.07529003514	6.5	1.02616583185	6.01663472181		1.07467209253	6.5	1.0267523909	6.01974392929
1.12492409343	7.0	1.07529003514	6.52035197795		1.12493558598	7.0	1.07467209253	6.51104394561
1.17640805756	7.5	1.12492409343	7.02929726328		1.17492479139	7.5	1.12493558598	7.02637384756
1.22281738636	8.0	1.17640805756	7.55721139545		1.22408433999	8.0	1.17492479139	7.53889159276
1.26840293887	8.5	1.22281738636	8.03309045709		1.26948986265	8.5	1.22408433999	8.04290322478
1.32363303472	9.0	1.26840293887	8.50052255565		1.32026856114	9.0	1.26948986265	8.50842644933
1.36545811691	9.5	1.32363303472	9.06684934526		1.36851096009	9.5	1.32026856114	9.02903852628
1.41904217067	10.0	1.36545811691	9.49572175907		1.41732777055	10.0	1.36851096009	9.52364701879
1.46504915242	10.5	1.41904217067	10.045170111		1.46555617793	10.5	1.41732777055	10.0241447046
1.51361234444	11.0	1.46504915242	10.5169235249		1.51369006371	11.0	1.46555617793	10.5186097476
1.56384151047	11.5	1.51361234444	11.0148881981		1.5637380096	11.5	1.51369006371	11.0121057015
1.61270627571	12.0	1.56384151047	11.52993569		1.61245878034	12.0	1.5637380096	11.5252256874
1.66121728309	12.5	1.61270627571	12.0309926807		1.66163890094	12.5	1.61245878034	12.0247387194
1.7092435745	13.0	1.66121728309	12.5284222551		1.70899180808	13.0	1.66163890094	12.5289612674
1.75633354534	13.5	1.7092435745	13.0208815748		1.75603447814	13.5	1.70899180808	13.0144501843
1.80701364577	14.0	1.75633354534	13.5037399077		1.80783332201	14.0	1.75603447814	13.4967583745
1.85481326735	14.5	1.80701364577	14.0234112596		1.85361314222	14.5	1.80783332201	14.0278295616
1.90258756899	15.0	1.85481326735	14.5135463176		1.90345889432	15.0	1.85361314222	14.4971902973
1.95147132835	15.5	1.90258756899	15.0034217462		1.95106679356	15.5	1.90345889432	15.0082372776
1.99712496316	16.0	1.95147132835	15.5046735017		1.99774860007	16.0	1.95106679356	15.4963405186
2.04827752845	16.5	1.99712496316	15.9728037129		2.04791401703	16.5	1.99774860007	15.9749489304
2.09456560376	17.0	2.04827752845	16.4973196971		2.09439522163	17.0	2.04791401703	16.4892732965
2.14313394974	17.5	2.09456560376	16.9719554312		2.14299233687	17.5	2.09439522163	16.9658250237
2.19639358491	18.0	2.14313394974	17.4699729529		2.19641258859	18.0	2.14299233687	17.4640702692
2.23944721473	18.5	2.19639358491	18.0160947319		2.23949499042	18.5	2.19641258859	18.0117650512
2.28468459595	19.0	2.23944721473	18.4575646149		2.28499786985	19.0	2.23949499042	18.4534703206
2.33639740545	19.5	2.28468459595	18.9214265816		2.33603047185	19.5	2.28499786985	18.919991702
2.38247959315	20.0	2.33639740545	19.4516872834		2.3821918482	20.0	2.33603047185	19.4432069421
2.43157796749	20.5	2.38247959315	19.9242118557		2.43223758323	20.5	2.3821918482	19.9164796082
2.47830661751	21.0	2.43157796749	20.427664263		2.478354063	21.0	2.43223758323	20.4295769271
2.52771884608	21.5	2.47830661751	20.9068176294		2.52708969906	21.5	2.478354063	20.902389288
2.5713329325	22.0	2.52771884608	21.4134882832		2.5716766392	22.0	2.52708969906	21.4020547277
2.62174946709	22.5	2.5713329325	21.8607050617		2.62336407142	22.5	2.5716766392	21.859185379
2.66859651178	23.0	2.62174946709	22.3776738219		2.66732573292	23.0	2.62336407142	22.3891143106
2.73229869474	23.5	2.66859651178	22.8580412016		2.72492007755	23.5	2.66732573292	22.8398342499
2.76269266997	24.0	2.73229869474	23.5112403715		2.76972838405	24.0	2.72492007755	23.4303242047
2.84298344933	24.5	2.76269266997	23.8228987554		2.84667199185	24.5	2.76972838405	23.8897244297
2.90192333546	25.0	2.84298344933	24.646196608		2.90043001992	25.0	2.84667199185	24.6785940277
2.92892893813	25.5	2.90192333546	25.2505634116		2.93448445057	25.5	2.90043001992	25.2297518848
2.96635572975	26.0	2.92892893813	25.5274775836		2.98163974846	26.0	2.93448445057	25.5788972626
3.04748270921	26.5	2.96635572975	25.911250134		3.01590905605	26.5	2.98163974846	26.0623601773
3.01844357783	27.0	3.01844357783	26.4453564637		3.02557313447	27.0	3.01590905605	26.4137085955
3.08308387524	27.5	3.04748270921	26.7431223429		3.10407882503	27.5	3.02557313447	26.5127902201
3.28459227316	28.0	3.08308387524	27.1081750148		3.24115118862	28.0	3.10407882503	27.3176751783
3.21633923959	28.5	3.21633923959	28.4745692159		3.27384895313	28.5	3.24115118862	28.7230189548
3.25988853152	29.0	3.25988853152	28.9211215948		3.24679255157	29.0	3.24679255157	28.780857414
3.27905474264	29.5	3.27905474264	29.1176510167		3.25285100549	29.5	3.25285100549	28.842972127
3.31757381004	30.0	3.28459227316	29.1744325927		3.32080109405	30.0	3.27384895313	29.0582550203
3.43524073486	30.5	3.31757381004	29.5126237113		3.44325306656	30.5	3.32080109405	29.5396350542
3.53278929804	31.0	3.43524073486	30.719174791		3.53439407386	31.0	3.44325306656	30.7950822718
3.53391029665	31.5	3.53036573511	31.6945820426		3.53935234595	31.5	3.53439407386	31.7295116785
3.53036573511	32.0	3.53278929804	31.7194331423		3.53705631115	32.0	3.53705631115	31.7568064483
3.60053674245	32.5	3.53391029665	31.730927809		3.58095385494	32.5	3.53935234595	31.780346702
3.63112903829	33.0	3.60053674245	32.4141122317		3.63760055164	33.0	3.58095385494	32.2068690164
3.67747919008	33.5	3.63112903829	32.7278041858		3.67843869112	33.5	3.63760055164	32.787643146
3.72751033109	34.0	3.67747919008	33.2030764492		3.72650637581	34.0	3.67843869112	33.2063389623
3.77696583246	34.5	3.72751033109	33.7160934019		3.77597001987	34.5	3.72650637581	33.699156185
3.81967952975	35.0	3.77696583246	34.2232077729		3.82138774794	35.0	3.77597001987	34.2062855765
3.86702566252	35.5	3.81967952975	34.6611920039		3.86727948719	35.5	3.82138774794	34.6719339378
3.91472882861	36.0	3.86702566252	35.1466770091		3.9136001072	36.0	3.86727948719	35.142442131
3.95296783178	36.5	3.91472882861	35.6358230171		3.95314860573	36.5	3.9136001072	35.6173474537
4.00895085846	37.0	3.95296783178	36.0279239463		4.00826306573	37.0	3.95314860573	36.022821138
4.05514863328	37.5	4.00895085846	36.601971253		4.05505778402	37.5	4.00826306573	36.5878859062
4.1017182096	38.0	4.05514863328	37.0756810502		4.10398585542	38.0	4.05505778402	37.0676519538
4.14609111787	38.5	4.1017182096	37.5532032824		4.1458564812	38.5	4.10398585542	37.56929035
4.18657464697	39.0	4.14609111787	38.0082009842		4.18555774159	39.0	4.1458564812	37.9985718026
4.22422519201	39.5	4.18657464697	38.4233171761		4.22514494963	39.5	4.18555774159	38.4056116883
4.27234911436	40.0	4.22422519201	38.8093840835		4.27289580457	40.0	4.22514494963	38.8114822444
4.31114311575	40.5	4.27234911436	39.3028445063		4.31144378169	40.5	4.27289580457	39.3010511485
4.33732304916	41.0	4.31114311575	39.700636361		4.33832606838	41.0	4.31144378169	39.6962669186
4.38465096415	41.5	4.33732304916	39.9690841594		4.38123786567	41.5	4.33832606838	39.9718794003
4.42364144315	42.0	4.38465096415	40.4543823604		4.42185797288	42.0	4.38123786567	40.411835535
4.477591597	42.5	4.42364144315	40.8541888873		4.47783605652	42.5	4.42185797288	40.8282959605
4.53575679007	43.0	4.477591597	41.4073912121		4.53706169299	43.0	4.47783605652	41.402215089
4.58732051691	43.5	4.53575679007	42.0038143498		4.58714427444	43.5	4.53706169299	42.009429975
4.62562224746	44.0	4.58732051691	42.532546365		4.62758907618	44.0	4.58714427444	42.5229050643
4.67955700625	44.5	4.62562224746	42.9252904978		4.68026553245	44.5	4.62758907618	42.9375681586
4.71586494591	45.0	4.67955700625	43.4783349625		4.71813682663	45.0	4.68026553245	43.4776371269
4.7426401129	45.5	4.71586494591	43.8506348579		4.74395192351	45.5	4.71813682663	43.8659151589
4.7604891824	46.0	4.7426401129	44.1251861533		4.76058958956	46.0	4.74395192351	44.1305862041
4.79360075829	46.5	4.7604891824	44.3082096674		4.78452418316	46.5	4.76058958956	44.3011650124
4.84708592579	47.0	4.79360075829	44.6477341999		4.84499485699	47.0	4.78452418316	44.5465560693
4.8951156416	47.5	4.84708592579	45.1961685768		4.89589437848	47.5	4.84499485699	45.1665357857
4.96237733529	48.0	4.8951156416	45.6886630102		4.96596919659	48.0	4.89589437848	45.6883866088
5.00741478476	48.5	4.96237733529	46.3783612348		5.00971683508	48.5	4.96596919659	46.406833471
5.02788913618	49.0	5.00741478476	46.8401731106		5.02972496047	49.0	5.00971683508	46.8553591247
5.0777195172	49.5	5.02788913618	47.0501161413		5.06657425472	49.5	5.02972496047	47.0604937978
5.11761190847	50.0	5.0777195172	47.5610745106		5.12741410691	50.0	5.06657425472	47.4382937057
5.1685520347	50.5	5.11761190847	47.9701292032		5.16850039303	50.5	5.12741410691	48.0620584487
5.18815585526	51.0	5.1685520347	48.4924668472		5.18616140008	51.0	5.16850039303	48.4832984053
5.19841695653	51.5	5.18815585526	48.6934834958		5.19792723707	51.5	5.18616140008	48.6643690872
5.2678006638	52.0	5.19841695653	48.7987003426		5.26263991434	52.0	5.19792723707	48.784999135
5.34529949341	52.5	5.2678006638	49.510157594		5.34073749957	52.5	5.26263991434	49.4484702818
5.39548868487	53.0	5.34529949341	50.304826926		5.40509304579	53.0	5.34073749957	50.2491711123
5.43750386618	53.5	5.39548868487	50.8194645205		5.44707772412	53.5	5.40509304579	50.9089807485
5.46489091449	54.0	5.43750386618	51.2502862017		5.4665116392	54.0	5.44707772412	51.3394315327
5.4617643694	54.5	5.4569140113	51.4493169114		5.44921649576	54.5	5.44921649576	51.3613594351
5.4569140113	55.0	5.4617643694	51.4990522538		5.45634390477	55.0	5.45634390477	51.4344336832
5.5036965885	55.5	5.46489091449	51.5311116993		5.49831921141	55.5	5.4665116392	51.5386790754
5.58607230443	56.0	5.5036965885	51.9290232444		5.58597258426	56.0	5.49831921141	51.8647883835
5.61214563273	56.5	5.58607230443	52.773699938		5.6179914351	56.5	5.58597258426	52.7634605797
5.6217750405	57.0	5.61214563273	53.0410546126		5.62749504032	57.0	5.6179914351	53.0917360363
5.67523004531	57.5	5.6217750405	53.1397941044		5.65675890556	57.5	5.62749504032	53.1891723984
5.67541246512	58.0	5.64807213988	53.4094433171		5.69341072885	58.0	5.65675890556	53.489202177
5.74630907205	58.5	5.65262295296	53.4561071391		5.74093077047	58.5	5.67103090168	53.6355267927
5.74254292312	59.0	5.67469922839	53.6824762228		5.73804795974	59.0	5.68226069491	53.7506610153
5.74026579273	59.5	5.67489030392	53.6844355023		5.73505387122	59.5	5.68448408773	53.7734565022
5.79269196752	60.0	5.67523004531	53.6879191944		5.81394135958	60.0	5.69341072885	53.8649775003
5.87680263114	60.5	5.67541246512	53.6897897185		5.86379518708	60.5	5.69726213604	53.9044643158
5.80429399953	61.0	5.72165437147	54.1639520383		5.8324486568	61.0	5.71389446258	54.0749883805
5.77840373098	61.5	5.74026579273	54.3547926712		5.74090087307	61.5	5.72493833647	54.1882164523
5.67469922839	62.0	5.74254292312	54.3781422585		5.68448408773	62.0	5.73505387122	54.2919266638
5.74317087629	62.5	5.74317087629	54.3845812606		5.71389446258	62.5	5.73804795974	54.322623761
5.67489030392	63.0	5.74630907205	54.4167601715		5.72493833647	63.0	5.74090087307	54.3518734499
5.65262295296	63.5	5.77840373098	54.7458572856		5.68226069491	63.5	5.74093077047	54.352179975
5.64807213988	64.0	5.79269196752	54.892368187		5.67103090168	64.0	5.78987543538	54.8539884973
5.72165437147	64.5	5.79895348689	54.9565735104		5.69726213604	64.5	5.81394135958	55.10072603
5.79895348689	65.0	5.80429399953	55.0113348743		5.78987543538	65.0	5.8324486568	55.2904733597
5.86309660471	65.5	5.86309660471	55.6142940055		5.90831359729	65.5	5.86379518708	55.611855804
5.9656482023	66.0	5.87680263114	55.754834952		5.94903945005	66.0	5.90831359729	56.0682838474
			5.9656482023	56.6658532349					5.94903945005	56.4858284364
