Column 1: lambda in nm
Column 2: n2, linear interp.
Column 3: energy in eV
Column 4: n2, linear interp.
Column 5: lambda in nm
Column 6: n2, spline interp.
Column 7: energy in eV
Column 8: n2, spline interp.
0.259381144351	2.21191821691	4780.0	2.21191821691	0.258300389583	2.22324308689	4800.0	2.22324308689
0.297324189448	2.20530758267	4170.0	2.20530758267	0.297324189448	2.20736277913	4170.0	2.20736277913
0.332397284182	2.21918991458	3730.0	2.21918991458	0.33150852139	2.22721316383	3740.0	2.22721316383
0.367905599407	2.22778373909	3370.0	2.22778373909	0.369000556548	2.22324308689	3360.0	2.22324308689
0.405177081699	2.22513948539	3060.0	2.22513948539	0.405177081699	2.22721316383	3060.0	2.22721316383
0.441224864769	2.22910586594	2810.0	2.22910586594	0.441224864769	2.23118324077	2810.0	2.23118324077
0.47870342471	2.22580054882	2590.0	2.22580054882	0.47870342471	2.22787484332	2590.0	2.22787484332
0.514670763802	2.22950250399	2409.0	2.22950250399	0.514670763802	2.23158024847	2409.0	2.23158024847
0.547633334806	2.24497138812	2264.0	2.24497138812	0.547633334806	2.24706354854	2264.0	2.24706354854
0.588439425724	2.2285770152	2107.0	2.2285770152	0.588439425724	2.23065389718	2107.0	2.23065389718
0.624605476071	2.2307585245	1985.0	2.2307585245	0.624605476071	2.2328374395	1985.0	2.2328374395
0.66089651919	2.23227897037	1876.0	2.23227897037	0.66089651919	2.23435930233	1876.0	2.23435930233
0.699290394811	2.22692435664	1773.0	2.22692435664	0.699290394811	2.22899969846	1773.0	2.22899969846
0.733634242604	2.23439437333	1690.0	2.23439437333	0.733634242604	2.23647667669	1690.0	2.23647667669
0.770088118012	2.23505543676	1610.0	2.23505543676	0.770088118012	2.23713835618	1610.0	2.23713835618
0.806139057217	2.23677420166	1538.0	2.23677420166	0.806139057217	2.23885872286	1538.0	2.23885872286
0.842283879076	2.23809632851	1472.0	2.23809632851	0.842283879076	2.24018208184	1472.0	2.24018208184
0.878074978754	2.24021173146	1412.0	2.24021173146	0.878074978754	2.24229945621	1412.0	2.24229945621
0.914337662242	2.24100500757	1356.0	2.24100500757	0.914337662242	2.2430934716	1356.0	2.2430934716
0.950070398467	2.24298819784	1305.0	2.24298819784	0.950070398467	2.24507851007	1305.0	2.24507851007
0.986349936356	2.24358315493	1257.0	2.24358315493	0.986349936356	2.24567402161	1257.0	2.24567402161
1.02212849959	2.24523581349	1213.0	2.24523581349	1.02212849959	2.24732822033	1213.0	2.24732822033
1.05788555461	2.2468223657	1172.0	2.2468223657	1.05788555461	2.24891625111	1172.0	2.24891625111
1.09333498236	2.24893776866	1134.0	2.24893776866	1.09333498236	2.25103362548	1134.0	2.25103362548
1.12918203097	2.25012768282	1098.0	2.25012768282	1.12918203097	2.25222464856	1098.0	2.25222464856
1.16417076995	2.25290414921	1065.0	2.25290414921	1.16417076995	2.25500370242	1065.0	2.25500370242
1.19907337524	2.25568061559	1034.0	2.25568061559	1.19907337524	2.25778275628	1034.0	2.25778275628
1.23490226096	2.25660610438	1004.0	2.25660610438	1.23490226096	2.25870910756	1004.0	2.25870910756
1.27032978484	2.2581926566	976.0	2.2581926566	1.27032978484	2.26029713834	976.0	2.26029713834
1.30509670526	2.26083691029	950.0	2.26083691029	1.30509670526	2.2629438563	950.0	2.2629438563
1.34036958919	2.26248956885	925.0	2.26248956885	1.34036958919	2.26459805503	925.0	2.26459805503
1.37454752772	2.26586099232	902.0	2.26586099232	1.37454752772	2.26797262043	902.0	2.26797262043
1.40891121591	2.26876967138	880.0	2.26876967138	1.40891121591	2.27088401018	880.0	2.27088401018
1.44335491269	2.27141392508	859.0	2.27141392508	1.44335491269	2.27353072814	859.0	2.27353072814
1.47952490453	2.27128171239	838.0	2.27128171239	1.47952490453	2.27339839224	838.0	2.27339839224
1.51384843712	2.27392596609	819.0	2.27392596609	1.51384843712	2.27604511021	819.0	2.27604511021
1.54786750312	2.2769007515	801.0	2.2769007515	1.54786750312	2.27902266791	801.0	2.27902266791
1.58143095663	2.28040438765	784.0	2.28040438765	1.58143095663	2.28252956921	784.0	2.28252956921
1.6143774349	2.28463519356	768.0	2.28463519356	1.6143774349	2.28676431795	768.0	2.28676431795
1.64872589096	2.28675059652	752.0	2.28675059652	1.64872589096	2.28888169231	752.0	2.28888169231
1.68456775815	2.28675059652	736.0	2.28675059652	1.68456775815	2.28888169231	736.0	2.28888169231
1.71723250693	2.29098140243	722.0	2.29098140243	1.71723250693	2.29311644105	722.0	2.29311644105
1.75118908192	2.29336123076	708.0	2.29336123076	1.75118908192	2.29549848722	708.0	2.29549848722
1.78394513669	2.29719539862	695.0	2.29719539862	1.78394513669	2.29933622826	695.0	2.29933622826
1.81794995601	2.29931080157	682.0	2.29931080157	1.81794995601	2.30145360263	682.0	2.30145360263
1.85051025373	2.30314496943	670.0	2.30314496943	1.85051025373	2.30529134367	670.0	2.30529134367
1.88425816109	2.30539258508	658.0	2.30539258508	1.88425816109	2.30754105394	658.0	2.30754105394
1.91629346213	2.30962339099	647.0	2.30962339099	1.91629346213	2.31177580267	647.0	2.31177580267
1.94943690252	2.31239985737	636.0	2.31239985737	1.94943690252	2.31455485653	636.0	2.31455485653
1.98057806709	2.31742393939	626.0	2.31742393939	1.98057806709	2.31958362066	626.0	2.31958362066
2.01273030844	2.32112589457	616.0	2.32112589457	2.01273030844	2.3232890258	616.0	2.3232890258
2.04594367987	2.3235057229	606.0	2.3235057229	2.04594367987	2.32567107197	606.0	2.32567107197
2.07678705193	2.32846369858	597.0	2.32846369858	2.07678705193	2.33063366814	597.0	2.33063366814
2.10857460884	2.33223176009	588.0	2.33223176009	2.10857460884	2.33440524124	588.0	2.33440524124
2.14135037997	2.33480990745	579.0	2.33480990745	2.14135037997	2.33698579125	579.0	2.33698579125
2.17135178634	2.34029673387	571.0	2.34029673387	2.17135178634	2.34247773102	571.0	2.34247773102
2.20220580817	2.34472585881	563.0	2.34472585881	2.20220580817	2.3469109836	563.0	2.3469109836
2.23394931532	2.34809728227	555.0	2.34809728227	2.23394931532	2.350285549	555.0	2.350285549
2.26662133455	2.35041100425	547.0	2.35041100425	2.26662133455	2.35260142721	547.0	2.35260142721
2.29600346296	2.35603004336	540.0	2.35603004336	2.29600346296	2.35822570288	540.0	2.35822570288
2.3261573546	2.36072359367	533.0	2.36072359367	2.3261573546	2.36292362726	533.0	2.36292362726
2.35711382129	2.36449165519	526.0	2.36449165519	2.35711382129	2.36669520036	526.0	2.36669520036
2.38890533719	2.36733422791	519.0	2.36733422791	2.38890533719	2.36954042216	519.0	2.36954042216
2.41684575049	2.37387875581	513.0	2.37387875581	2.41684575049	2.37609104912	513.0	2.37609104912
2.44544747535	2.3796300076	507.0	2.3796300076	2.44544747535	2.38184766068	507.0	2.38184766068
2.47968374	2.37982832663	500.0	2.37982832663	2.47968374	2.38204616453	500.0	2.38204616453
2.50473105051	2.38875268285	495.0	2.38875268285	2.50473105051	2.39097883764	495.0	2.39097883764
2.53546394683	2.39212410631	489.0	2.39212410631	2.53546394683	2.39435340304	489.0	2.39435340304
2.56696039337	2.39470225367	483.0	2.39470225367	2.56696039337	2.39693395305	483.0	2.39693395305
2.59381144351	2.40151120693	478.0	2.40151120693	2.59381144351	2.4037492518	478.0	2.4037492518
2.62123016913	2.40765909678	473.0	2.40765909678	2.62123016913	2.40990287106	473.0	2.40990287106
2.64923476496	2.4131459232	468.0	2.4131459232	2.64923476496	2.41539481083	468.0	2.41539481083
2.67784421166	2.41797168619	463.0	2.41797168619	2.67784421166	2.42022507111	463.0	2.42022507111
2.70707831878	2.42213638577	458.0	2.42213638577	2.70707831878	2.4243936519	458.0	2.4243936519
2.73695777042	2.42564002191	453.0	2.42564002191	2.73695777042	2.42790055319	453.0	2.42790055319
2.76134046771	2.43390331471	449.0	2.43390331471	2.76134046771	2.43617154682	449.0	2.43617154682
2.78616150562	2.44163775678	445.0	2.44163775678	2.78616150562	2.44391319686	445.0	2.44391319686
2.81782243182	2.44329041534	440.0	2.44329041534	2.81782243182	2.44556739558	440.0	2.44556739558
2.84367401376	2.44990104958	436.0	2.44990104958	2.84367401376	2.45218419048	436.0	2.45218419048
2.8700043287	2.45598283308	432.0	2.45598283308	2.8700043287	2.45827164179	432.0	2.45827164179
2.89682679907	2.46153576584	428.0	2.46153576584	2.89682679907	2.46382974951	428.0	2.46382974951
2.91727498824	2.47237720599	425.0	2.47237720599	2.91727498824	2.47468129315	425.0	2.47468129315
2.94499256532	2.47693854362	421.0	2.47693854362	2.94499256532	2.47924688163	421.0	2.47924688163
2.97324189448	2.48097103051	417.0	2.48097103051	2.97324189448	2.48328312652	417.0	2.48328312652
2.9947871256	2.49049034381	414.0	2.49049034381	2.9947871256	2.49281131118	414.0	2.49281131118
3.02400456098	2.49353123556	410.0	2.49353123556	3.02400456098	2.49585503683	410.0	2.49585503683
3.04629452088	2.50219116642	407.0	2.50219116642	3.04629452088	2.50452303815	407.0	2.50452303815
3.0689155198	2.51045445922	404.0	2.51045445922	3.0689155198	2.51279403178	404.0	2.51279403178
3.09187498753	2.51832111397	401.0	2.51832111397	3.09187498753	2.52066801771	401.0	2.52066801771
3.11518057789	2.52579113066	398.0	2.52579113066	3.11518057789	2.52814499595	398.0	2.52814499595
3.13884017722	2.5328645093	395.0	2.5328645093	3.13884017722	2.5352249665	395.0	2.5352249665
3.16286191327	2.53954124988	392.0	2.53954124988	3.16286191327	2.54190792935	392.0	2.54190792935
3.18725416452	2.54582135241	389.0	2.54582135241	3.18725416452	2.5481938845	389.0	2.5481938845
3.21202556995	2.55170481688	386.0	2.55170481688	3.21202556995	2.55408283196	386.0	2.55408283196
3.22875486979	2.56386838388	384.0	2.56386838388	3.22875486979	2.56625773458	384.0	2.56625773458
3.25417813648	2.56902467859	381.0	2.56902467859	3.25417813648	2.57141883461	381.0	2.57141883461
3.27135058047	2.58059328851	379.0	2.58059328851	3.27135058047	2.58299822568	379.0	2.58299822568
3.29745178191	2.58502241345	376.0	2.58502241345	3.29745178191	2.58743147827	376.0	2.58743147827
3.3150852139	2.59599606629	374.0	2.59599606629	3.3150852139	2.5984153578	374.0	2.5984153578
3.33290825269	2.60670529376	372.0	2.60670529376	3.33290825269	2.60913456554	372.0	2.60913456554
3.36000506775	2.61007671723	369.0	2.61007671723	3.36000506775	2.61250913094	369.0	2.61250913094
