Column 1: energy in eV
Column 2: alpha *1e3 in 1/cm, linear interpolation
Column 3: energy in eV
Column 4: alpha *1e3 in 1/cm, spline interpolation
Column 5: lambda in nm
Column 6: alpha *1e3 in 1/cm, linear interpolation
Column 7: lambda in nm
Column 8: alpha *1e3 in 1/cm, spline interpolation
0.136246359341	0.35132738188	0.1349120642	0.291726156745	9100.0	0.35132738188	9190.0	0.291726156745
0.159567808237	0.0930950891391	0.159567808237	0.0596773599963	7770.0	0.0930950891391	7770.0	0.0596773599963
0.185883338831	0.0403660032923	0.185605070359	0.0171702314755	6670.0	0.0403660032923	6680.0	0.0171702314755
0.211938781197	0.0345211397377	0.211938781197	0.0497578856074	5850.0	0.0345211397377	5850.0	0.0497578856074
0.237973487524	0.0352459394668	0.238431128846	0.0414367281043	5210.0	0.0352459394668	5200.0	0.0414367281043
0.263236065817	-0.0233303814429	0.263236065817	-0.0353969765088	4710.0	-0.0233303814429	4710.0	-0.0353969765088
0.291042692488	-0.0768473564355	0.291042692488	-0.079472326096	4260.0	-0.0768473564355	4260.0	-0.079472326096
0.316286191327	-0.0257986005511	0.316286191327	-0.0393285772489	3920.0	-0.0257986005511	3920.0	-0.0393285772489
0.342497754144	0.0369785249402	0.342497754144	0.0358360409228	3620.0	0.0369785249402	3620.0	0.0358360409228
0.369000556548	0.04191067614	0.369000556548	0.0570761833688	3360.0	0.04191067614	3360.0	0.0570761833688
0.394854098726	0.043438998823	0.394854098726	0.0415128465722	3140.0	0.043438998823	3140.0	0.0415128465722
0.421714921769	0.0429679292773	0.421714921769	0.0383694308185	2940.0	0.0429679292773	2940.0	0.0383694308185
0.44759634296	0.0422923018525	0.44759634296	0.0419125312079	2770.0	0.0422923018525	2770.0	0.0419125312079
0.473222087786	0.0393482489053	0.473222087786	0.0392772679242	2620.0	0.0393482489053	2620.0	0.0392772679242
0.500743889338	0.0292580132665	0.500743889338	0.0281536563462	2476.0	0.0292580132665	2476.0	0.0281536563462
0.526025400933	0.0171648232348	0.526025400933	0.0148492663664	2357.0	0.0171648232348	2357.0	0.0148492663664
0.551776533155	0.0138104274083	0.551776533155	0.0109351871953	2247.0	0.0138104274083	2247.0	0.0109351871953
0.578284454291	0.0146549686409	0.578284454291	0.0122409801712	2144.0	0.0146549686409	2144.0	0.0122409801712
0.604211437622	0.0165930370501	0.604211437622	0.0143288815668	2052.0	0.0165930370501	2052.0	0.0143288815668
0.630000950203	0.0229516843228	0.630000950203	0.0200934300997	1968.0	0.0229516843228	1968.0	0.0200934300997
0.656000989418	0.0360618517061	0.656000989418	0.0334205725531	1890.0	0.0360618517061	1890.0	0.0334205725531
0.681981226623	0.0526849944191	0.681981226623	0.05146542918	1818.0	0.0526849944191	1818.0	0.05146542918
0.708076453455	0.0700477276091	0.708076453455	0.0701196988602	1751.0	0.0700477276091	1751.0	0.0701196988602
0.734068602724	0.081424116853	0.734068602724	0.0816622645822	1689.0	0.081424116853	1689.0	0.0816622645822
0.760172820356	0.084759878158	0.760172820356	0.0851067969797	1631.0	0.084759878158	1631.0	0.0851067969797
0.786202834496	0.0838391126523	0.786202834496	0.0834111267882	1577.0	0.0838391126523	1577.0	0.0834111267882
0.8119462148	0.0790829114289	0.8119462148	0.0778322541237	1527.0	0.0790829114289	1527.0	0.0778322541237
0.837730993243	0.0722670108346	0.837730993243	0.0710582608393	1480.0	0.0722670108346	1480.0	0.0710582608393
0.864001303136	0.0653819852834	0.864001303136	0.0642470281171	1435.0	0.0653819852834	1435.0	0.0642470281171
0.889413106169	0.058602650082	0.889413106169	0.0573315013322	1394.0	0.058602650082	1394.0	0.0573315013322
0.915012450185	0.049182159523	0.915012450185	0.0479044154658	1355.0	0.049182159523	1355.0	0.0479044154658
0.940699446131	0.0394965600353	0.940699446131	0.0377704844032	1318.0	0.0394965600353	1318.0	0.0377704844032
0.966361551052	0.0316766489148	0.966361551052	0.0298793795949	1283.0	0.0316766489148	1283.0	0.0298793795949
0.992667630104	0.0266922687417	0.992667630104	0.0248493454285	1249.0	0.0266922687417	1249.0	0.0248493454285
1.01793256979	0.0217143230092	1.01793256979	0.0199529664596	1218.0	0.0217143230092	1218.0	0.0199529664596
1.04363793771	0.0170550557124	1.04363793771	0.0155162931207	1188.0	0.0170550557124	1188.0	0.0155162931207
1.06882919828	0.013407945675	1.06882919828	0.0115257157396	1160.0	0.013407945675	1160.0	0.0115257157396
1.09429997352	0.0115681526509	1.09429997352	0.0096247359309	1133.0	0.0115681526509	1133.0	0.0096247359309
1.12000168925	0.0114171256665	1.12000168925	0.00973388764925	1107.0	0.0114171256665	1107.0	0.00973388764925
1.14482167128	0.011511354296	1.14482167128	0.0100973677293	1083.0	0.011511354296	1083.0	0.0100973677293
1.17076663834	0.012373089101	1.17076663834	0.0110051201231	1059.0	0.012373089101	1059.0	0.0110051201231
1.19560450338	0.0118908605011	1.19560450338	0.0102361480194	1037.0	0.0118908605011	1037.0	0.0102361480194
1.22031680118	0.0111544247091	1.22031680118	0.00962337205547	1016.0	0.0111544247091	1016.0	0.00962337205547
1.24607223116	0.0121617780019	1.24607223116	0.0105091201925	995.0	0.0121617780019	995.0	0.0105091201925
1.27163268718	0.0146801533096	1.27163268718	0.0130516054535	975.0	0.0146801533096	975.0	0.0130516054535
1.29555054336	0.0142117505232	1.29555054336	0.0128951646699	957.0	0.0142117505232	957.0	0.0128951646699
1.32179303838	0.0168609524614	1.32179303838	0.0154263658393	938.0	0.0168609524614	938.0	0.0154263658393
1.34619095548	0.0163793352331	1.34619095548	0.0149591690996	921.0	0.0163793352331	921.0	0.0149591690996
1.37150649336	0.0178508307857	1.37150649336	0.0162874867599	904.0	0.0178508307857	904.0	0.0162874867599
1.39621832207	0.0178558459157	1.39621832207	0.016399933739	888.0	0.0178558459157	888.0	0.016399933739
1.42020832761	0.0173092134296	1.42020832761	0.0157398339927	873.0	0.0173092134296	873.0	0.0157398339927
1.44503714452	0.0181477168294	1.44503714452	0.0166072154544	858.0	0.0181477168294	858.0	0.0166072154544
1.47074954923	0.021472293692	1.47074954923	0.020164516397	843.0	0.021472293692	843.0	0.020164516397
1.49558729795	0.0227218348097	1.49558729795	0.020414068106	829.0	0.0227218348097	829.0	0.020414068106
1.51941405637	0.0238765557491	1.51941405637	0.0216013154143	816.0	0.0238765557491	816.0	0.0216013154143
1.54401229141	0.028505260385	1.54401229141	0.0275704520724	803.0	0.028505260385	803.0	0.0275704520724
1.56743599241	0.0352393443822	1.56743599241	0.0340393033119	791.0	0.0352393443822	791.0	0.0340393033119
1.59362708226	0.0427953128736	1.59362708226	0.0391930555535	778.0	0.0427953128736	778.0	0.0391930555535
1.61648222947	0.0538549092812	1.61648222947	0.0444208793935	767.0	0.0538549092812	767.0	0.0444208793935
1.64217466225	0.0924390013867	1.64217466225	0.0832069764983	755.0	0.0924390013867	755.0	0.0832069764983
1.66645412634	0.164117075617	1.66421727517	0.153856805674	744.0	0.164117075617	745.0	0.153856805674
1.68915786104	0.242989213004	1.68915786104	0.24811925162	734.0	0.242989213004	734.0	0.24811925162
1.71485735823	0.279089729637	1.71485735823	0.291165319599	723.0	0.279089729637	723.0	0.291165319599
1.73890865358	0.261404160439	1.73890865358	0.270798441843	713.0	0.261404160439	713.0	0.270798441843
1.7636441963	0.229487174482	1.7636441963	0.227291609479	703.0	0.229487174482	703.0	0.227291609479
1.78651566282	0.192955820916	1.78651566282	0.186484126815	694.0	0.192955820916	694.0	0.186484126815
1.80998813139	0.159123942015	1.80998813139	0.158264281824	685.0	0.159123942015	685.0	0.158264281824
1.83408560651	0.144563241249	1.83408560651	0.14464397432	676.0	0.144563241249	676.0	0.14464397432
1.85883338831	0.127504801745	1.85883338831	0.12608695013	667.0	0.127504801745	667.0	0.12608695013
1.88139889226	0.089856370929	1.88139889226	0.0898316147219	659.0	0.089856370929	659.0	0.0898316147219
1.90451900154	0.0581050517063	1.90451900154	0.0543778987998	651.0	0.0581050517063	651.0	0.0543778987998
1.9282144168	0.0435649956005	1.9282144168	0.0375505841728	643.0	0.0435649956005	643.0	0.0375505841728
1.95250688189	0.0384600491043	1.95250688189	0.0353154693246	635.0	0.0384600491043	635.0	0.0353154693246
1.97427049363	0.0357260778526	1.97427049363	0.0343537307618	628.0	0.0357260778526	628.0	0.0343537307618
1.9965247504	0.0362183449055	1.9965247504	0.0349232958524	621.0	0.0362183449055	621.0	0.0349232958524
2.02258053834	0.0410082879001	2.02258053834	0.0391435426106	613.0	0.0410082879001	613.0	0.0391435426106
2.0425730972	0.0395859751616	2.0425730972	0.0384395642411	607.0	0.0395859751616	607.0	0.0384395642411
2.06640311667	0.0402752389847	2.06640311667	0.0389607965581	600.0	0.0402752389847	600.0	0.0389607965581
2.09079573356	0.042644282042	2.09079573356	0.0403183714365	593.0	0.042644282042	593.0	0.0403183714365
2.11216672913	0.0423757530917	2.11216672913	0.0408208130014	587.0	0.0423757530917	587.0	0.0408208130014
2.1339791222	0.0443760366989	2.1339791222	0.0433119710281	581.0	0.0443760366989	581.0	0.0433119710281
2.15624673043	0.0470535109719	2.15624673043	0.0453968147353	575.0	0.0470535109719	575.0	0.0453968147353
2.17898395431	0.0472690036564	2.17898395431	0.0458404340935	569.0	0.0472690036564	569.0	0.0458404340935
2.20220580817	0.0468101805403	2.20220580817	0.0458081830873	563.0	0.0468101805403	563.0	0.0458081830873
2.22592795332	0.0498857830869	2.22592795332	0.048083762186	557.0	0.0498857830869	557.0	0.048083762186
2.2460903442	0.0492737385976	2.2460903442	0.0471542378123	552.0	0.0492737385976	552.0	0.0471542378123
2.27077265568	0.0493847241963	2.27077265568	0.0482511766446	546.0	0.0493847241963	546.0	0.0482511766446
2.29175946396	0.0518872308636	2.29175946396	0.050067449552	541.0	0.0518872308636	541.0	0.050067449552
2.31313781716	0.0552922118748	2.31313781716	0.053091772507	536.0	0.0552922118748	536.0	0.053091772507
2.33491877589	0.0562163643747	2.33491877589	0.0556926002254	531.0	0.0562163643747	531.0	0.0556926002254
2.35711382129	0.0593984835264	2.35711382129	0.0581519340554	526.0	0.0593984835264	526.0	0.0581519340554
2.37973487524	0.0616187198214	2.37973487524	0.0596426971113	521.0	0.0616187198214	521.0	0.0596426971113
2.39814675048	0.0588257549347	2.39814675048	0.0572684842331	517.0	0.0588257549347	517.0	0.0572684842331
2.42156615234	0.0625534408101	2.42156615234	0.0601825139058	512.0	0.0625534408101	512.0	0.0601825139058
2.44063360236	0.0661059951353	2.44063360236	0.0641521304707	508.0	0.0661059951353	508.0	0.0641521304707
2.46489437376	0.0750466523919	2.46489437376	0.0740811061097	503.0	0.0750466523919	503.0	0.0740811061097
2.48465304609	0.0794781485101	2.48465304609	0.077844781413	499.0	0.0794781485101	499.0	0.077844781413
2.50473105051	0.0820566390971	2.50473105051	0.0804019598286	495.0	0.0820566390971	495.0	0.0804019598286
2.52513619145	0.0859370349667	2.52513619145	0.0846666305262	491.0	0.0859370349667	491.0	0.0846666305262
2.54587652977	0.0932326402151	2.54587652977	0.0912168386769	487.0	0.0932326402151	487.0	0.0912168386769
2.56696039337	0.100452527343	2.56696039337	0.0974566676701	483.0	0.100452527343	483.0	0.0974566676701
2.58839638831	0.107683668238	2.58839638831	0.105998484537	479.0	0.107683668238	479.0	0.105998484537
2.61019341053	0.124481941409	2.61019341053	0.122801728031	475.0	0.124481941409	475.0	0.122801728031
2.62678362288	0.136227436783	2.62678362288	0.134249815074	472.0	0.136227436783	472.0	0.134249815074
2.64923476496	0.150640400018	2.64923476496	0.150013759294	468.0	0.150640400018	468.0	0.150013759294
2.67207299569	0.165623425079	2.67207299569	0.164727130943	464.0	0.165623425079	464.0	0.164727130943
2.68946175705	0.176117509134	2.68946175705	0.174973147387	461.0	0.176117509134	461.0	0.174973147387
2.70707831878	0.18586418668	2.70707831878	0.183453115603	458.0	0.18586418668	458.0	0.183453115603
2.73092922907	0.199138273237	2.73092922907	0.1972526067	454.0	0.199138273237	454.0	0.1972526067
2.74909505543	0.211475111638	2.74909505543	0.209964040671	451.0	0.211475111638	451.0	0.209964040671
2.76750417411	0.232006736459	2.76750417411	0.228676200334	448.0	0.232006736459	448.0	0.228676200334
2.78616150562	0.249548584324	2.78616150562	0.248535776323	445.0	0.249548584324	445.0	0.248535776323
2.80507210407	0.269614250002	2.80507210407	0.269678508815	442.0	0.269614250002	442.0	0.269678508815
2.82424116173	0.29457415087	2.82424116173	0.292112549986	439.0	0.29457415087	439.0	0.292112549986
2.84367401376	0.315310184006	2.84367401376	0.312516767394	436.0	0.315310184006	436.0	0.312516767394
2.86337614319	0.33817017152	2.86337614319	0.337239869013	433.0	0.33817017152	433.0	0.337239869013
2.88335318605	0.372825539957	2.88335318605	0.372348074699	430.0	0.372825539957	430.0	0.372348074699
2.90361093677	0.407053647994	2.90361093677	0.406494668724	427.0	0.407053647994	427.0	0.406494668724
2.91727498824	0.417208693422	2.91727498824	0.41722108749	425.0	0.417208693422	425.0	0.41722108749
2.93801390995	0.437783312069	2.93801390995	0.435733561831	422.0	0.437783312069	422.0	0.435733561831
2.95904980907	0.46966777367	2.95904980907	0.467020787976	419.0	0.46966777367	419.0	0.467020787976
2.97324189448	0.492696534537	2.97324189448	0.490540390839	417.0	0.492696534537	417.0	0.490540390839
2.9947871256	0.535087091153	2.9947871256	0.532992912925	414.0	0.535087091153	414.0	0.532992912925
3.00932492718	0.564708560352	3.00932492718	0.561962349749	412.0	0.564708560352	412.0	0.561962349749
3.02400456098	0.601297119607	3.02400456098	0.599541612644	410.0	0.601297119607	410.0	0.599541612644
3.04629452088	0.673147598305	3.04629452088	0.675084249392	407.0	0.673147598305	407.0	0.675084249392
3.06133795062	0.717389831665	3.06133795062	0.716444225821	405.0	0.717389831665	405.0	0.716444225821
3.07653069479	0.751574784908	3.07653069479	0.74968497561	403.0	0.751574784908	403.0	0.74968497561
3.09187498753	0.793627692165	3.09187498753	0.791215810075	401.0	0.793627692165	401.0	0.791215810075
3.11518057789	0.900607019743	3.11518057789	0.895208474651	398.0	0.900607019743	398.0	0.895208474651
3.13091381313	0.973797811793	3.13091381313	0.9724626604	396.0	0.973797811793	396.0	0.9724626604
3.14680677665	1.05182099235	3.14680677665	1.0522141545	394.0	1.05182099235	394.0	1.0522141545
3.16286191327	1.14333625172	3.16286191327	1.14100468861	392.0	1.14333625172	392.0	1.14100468861
3.17908171795	1.24498949272	3.17908171795	1.24361714503	390.0	1.24498949272	390.0	1.24361714503
3.19546873711	1.35821242637	3.19546873711	1.35833129388	388.0	1.35821242637	388.0	1.35833129388
3.21202556995	1.48502173878	3.21202556995	1.48362757745	386.0	1.48502173878	386.0	1.48362757745
3.22875486979	1.61976105702	3.22875486979	1.62112394829	384.0	1.61976105702	384.0	1.62112394829
3.23718503916	1.69104353393	3.23718503916	1.69088175341	383.0	1.69104353393	383.0	1.69088175341
3.25417813648	1.84691426122	3.25417813648	1.84902609074	381.0	1.84691426122	381.0	1.84902609074
3.27135058047	2.0152020275	3.27135058047	2.01802941774	379.0	2.0152020275	379.0	2.01802941774
3.28870522546	2.19751073449	3.28870522546	2.20120656618	377.0	2.19751073449	377.0	2.20120656618
3.30624498667	2.39374919475	3.30624498667	2.39676554762	375.0	2.39374919475	375.0	2.39676554762
3.3150852139	2.48557376899	3.3150852139	2.49197973337	374.0	2.48557376899	374.0	2.49197973337
3.33290825269	2.68096267811	3.33290825269	2.68598256858	372.0	2.68096267811	372.0	2.68598256858
3.28000494709	2.11630001805	3.28000494709	2.11715923749	378.0	2.11630001805	378.0	2.11715923749
3.28870522546	2.22936818931	3.28870522546	2.23034658628	377.0	2.22936818931	377.0	2.23034658628
3.29745178191	2.29057217914	3.29745178191	2.29160690778	376.0	2.29057217914	376.0	2.29160690778
3.30624498667	2.38708848351	3.30624498667	2.38821793717	375.0	2.38708848351	375.0	2.38821793717
3.3150852139	2.50724202537	3.3150852139	2.50849820849	374.0	2.50724202537	374.0	2.50849820849
3.32397284182	2.59355578541	3.32397284182	2.59489409098	373.0	2.59355578541	373.0	2.59489409098
3.33290825269	2.68217194194	3.33290825269	2.68359563376	372.0	2.68217194194	372.0	2.68359563376
3.34189183288	2.79259706397	3.34189183288	2.79413287569	371.0	2.79259706397	371.0	2.79413287569
3.35092397297	2.89023647035	3.35092397297	2.89186773285	370.0	2.89023647035	370.0	2.89186773285
3.36000506775	2.97822368602	3.36000506775	2.97993609583	369.0	2.97822368602	369.0	2.97993609583
3.3691355163	3.07471621517	3.3691355163	3.07652231854	368.0	3.07471621517	368.0	3.07652231854
3.37831572207	3.16116113712	3.37831572207	3.16304390765	367.0	3.16116113712	367.0	3.16304390765
3.3875460929	3.2421098476	3.3875460929	3.24406440292	366.0	3.2421098476	366.0	3.24406440292
3.3968270411	3.31725492675	3.3968270411	3.31927042195	365.0	3.31725492675	365.0	3.31927042195
3.40615898352	3.38766447968	3.40615898352	3.38973663067	364.0	3.38766447968	364.0	3.38973663067
3.4155423416	3.44272767836	3.4155423416	3.44483323525	363.0	3.44272767836	363.0	3.44483323525
3.42497754144	3.49738871787	3.42497754144	3.49952621928	362.0	3.49738871787	362.0	3.49952621928
3.43446501385	3.53865402258	3.43446501385	3.54080706923	361.0	3.53865402258	361.0	3.54080706923
3.44400519444	3.57707001038	3.44400519444	3.5792346181	360.0	3.57707001038	360.0	3.5792346181
3.45359852368	3.77188907197	3.45359852368	3.77426108533	359.0	3.77188907197	359.0	3.77426108533
3.46324544693	3.80637945989	3.46324544693	3.80875682414	358.0	3.80637945989	358.0	3.80875682414
3.47294641457	3.84143452706	3.47294641457	3.84381359985	357.0	3.84143452706	357.0	3.84381359985
3.48270188202	3.8715746269	3.48270188202	3.87394877561	356.0	3.8715746269	356.0	3.87394877561
3.49251230986	3.89640219326	3.49251230986	3.89876162642	355.0	3.89640219326	355.0	3.89876162642
3.50237816384	3.90990139225	3.50237816384	3.91223261221	354.0	3.90990139225	354.0	3.91223261221
3.51229991501	3.92640547298	3.51229991501	3.92871037366	353.0	3.92640547298	353.0	3.92871037366
3.52227803977	3.93208137067	3.52227803977	3.93434530303	352.0	3.93208137067	352.0	3.93434530303
3.53231301994	3.94230868843	3.53231301994	3.94453500857	351.0	3.94230868843	351.0	3.94453500857
3.54240534286	3.94818734849	3.54240534286	3.95036719229	350.0	3.94818734849	350.0	3.95036719229
3.55255550143	3.94883605061	3.55255550143	3.95096440203	349.0	3.94883605061	349.0	3.95096440203
3.56276399425	3.94823682243	3.56276399425	3.95030908848	348.0	3.94823682243	348.0	3.95030908848
3.57303132565	3.94950864081	3.57303132565	3.95152767448	347.0	3.94950864081	347.0	3.95152767448
3.58335800578	3.94540151718	3.58335800578	3.94735476975	346.0	3.94540151718	346.0	3.94735476975
3.59374455072	3.94383122238	3.59374455072	3.9457241529	345.0	3.94383122238	345.0	3.9457241529
3.60419148256	3.94143873401	3.60419148256	3.94326600756	344.0	3.94143873401	344.0	3.94326600756
3.61469932945	3.93788736436	3.61469932945	3.93964487085	343.0	3.93788736436	343.0	3.93964487085
3.62526862573	3.93645416609	3.62526862573	3.93814387083	342.0	3.93645416609	342.0	3.93814387083
3.63589991202	3.93407348603	3.63589991202	3.93569205396	341.0	3.93407348603	341.0	3.93569205396
3.64659373529	3.92806524068	3.64659373529	3.92960646881	340.0	3.92806524068	340.0	3.92960646881
3.65735064897	3.9254288815	3.65735064897	3.92689553418	339.0	3.9254288815	339.0	3.92689553418
3.66817121302	3.92318057625	3.66817121302	3.92456928804	338.0	3.92318057625	338.0	3.92456928804
3.67905599407	3.9186629629	3.67905599407	3.91997073605	337.0	3.9186629629	337.0	3.91997073605
3.69000556548	3.91607792851	3.69000556548	3.91730013361	336.0	3.91607792851	336.0	3.91730013361
3.70102050746	3.90935978228	3.70102050746	3.91049251411	335.0	3.90935978228	335.0	3.91049251411
3.71210140719	3.91009117963	3.71210140719	3.91114015593	334.0	3.91009117963	334.0	3.91114015593
3.72324885886	3.90534839021	3.72324885886	3.90630338356	333.0	3.90534839021	333.0	3.90630338356
3.73446346386	3.90207484096	3.73446346386	3.90294003098	332.0	3.90207484096	332.0	3.90294003098
3.74574583082	3.89891852666	3.74574583082	3.89968858266	331.0	3.89891852666	331.0	3.89968858266
3.75709657576	3.89346990424	3.75709657576	3.89413896443	330.0	3.89346990424	330.0	3.89413896443
3.76851632219	3.89070723844	3.76851632219	3.89127469701	329.0	3.89070723844	329.0	3.89127469701
3.78000570122	3.87859289035	3.78000570122	3.87904595895	328.0	3.87859289035	328.0	3.87904595895
3.79156535168	3.87279547471	3.79156535168	3.87313979488	327.0	3.87279547471	327.0	3.87313979488
3.80319592025	3.87976254453	3.80319592025	3.88001113995	326.0	3.87976254453	326.0	3.88001113995
3.81489806154	3.87441382003	3.81489806154	3.87454586907	325.0	3.87441382003	325.0	3.87454586907
3.82667243827	3.86576268901	3.82667243827	3.86577282688	324.0	3.86576268901	324.0	3.86577282688
3.83851972136	3.86422240681	3.83851972136	3.86411190981	323.0	3.86422240681	323.0	3.86411190981
3.85044059006	3.85606905438	3.85044059006	3.85583329721	322.0	3.85606905438	322.0	3.85583329721
3.86243573209	3.85770001978	3.86243573209	3.85734451594	321.0	3.85770001978	321.0	3.85734451594
3.87450584375	3.83855209376	3.87450584375	3.83804683797	320.0	3.83855209376	320.0	3.83804683797
3.88665163009	3.83891560715	3.88665163009	3.83828292214	319.0	3.83891560715	319.0	3.83828292214
3.89887380503	3.83396023946	3.89887380503	3.83318927971	318.0	3.83396023946	318.0	3.83318927971
3.91117309148	3.82912556984	3.91117309148	3.82821165016	317.0	3.82912556984	317.0	3.82821165016
3.92355022152	3.82293410642	3.92355022152	3.82187140841	316.0	3.82293410642	316.0	3.82187140841
3.93600593651	3.81771045979	3.93600593651	3.81650063308	315.0	3.81771045979	315.0	3.81650063308
3.94854098726	3.81333983539	3.94854098726	3.81197314257	314.0	3.81333983539	314.0	3.81197314257
3.96115613419	3.80718427142	3.96115613419	3.80565663867	313.0	3.80718427142	313.0	3.80565663867
3.97385214744	3.80344662806	3.97385214744	3.8017589722	312.0	3.80344662806	312.0	3.8017589722
3.98662980707	3.79468716685	3.98662980707	3.79282643217	311.0	3.79468716685	311.0	3.79282643217
3.99948990323	3.78836355805	3.99948990323	3.78632917504	310.0	3.78836355805	310.0	3.78632917504
4.01243323625	3.78367721021	4.01243323625	3.78146504375	309.0	3.78367721021	309.0	3.78146504375
4.02546061688	3.77604694663	4.02546061688	3.77365440284	308.0	3.77604694663	308.0	3.77365440284
4.03857286645	3.77116258091	4.03857286645	3.76858525849	307.0	3.77116258091	307.0	3.76858525849
4.05177081699	3.76718122573	4.05177081699	3.76441113475	306.0	3.76718122573	306.0	3.76441113475
4.06505531148	3.7585895477	4.06505531148	3.75561815178	305.0	3.7585895477	305.0	3.75561815178
4.07842720395	3.75082174929	4.07842720395	3.7476477666	304.0	3.75082174929	304.0	3.7476477666
4.09188735974	3.74563942214	4.09188735974	3.74225497327	303.0	3.74563942214	303.0	3.74225497327
4.10543665563	3.74178963307	4.10543665563	3.73819076922	302.0	3.74178963307	302.0	3.73819076922
4.11907598007	3.73270797685	4.11907598007	3.72888500062	301.0	3.73270797685	301.0	3.72888500062
4.13280623333	3.72608479958	4.13280623333	3.72203376163	300.0	3.72608479958	300.0	3.72203376163
4.14662832776	3.71694476967	4.14662832776	3.71266147285	299.0	3.71694476967	299.0	3.71266147285
4.16054318792	3.7111753151	4.16054318792	3.70665064342	298.0	3.7111753151	298.0	3.70665064342
4.17455175084	3.70168733383	4.17455175084	3.69692107432	297.0	3.70168733383	297.0	3.69692107432
4.18865496622	3.69680123039	4.18865496622	3.69178459423	296.0	3.69680123039	296.0	3.69178459423
4.20285379661	3.69078344421	4.20285379661	3.68550847155	295.0	3.69078344421	295.0	3.68550847155
4.21714921769	3.68975939543	4.21714921769	3.68422727599	294.0	3.68975939543	294.0	3.68422727599
4.23154221843	3.68097669437	4.23154221843	3.67516603273	293.0	3.68097669437	293.0	3.67516603273
4.24603380137	3.67293465206	4.24603380137	3.66684317279	292.0	3.67293465206	292.0	3.66684317279
4.26062498282	3.66312115711	4.26062498282	3.65674203689	291.0	3.66312115711	291.0	3.65674203689
4.2753167931	3.65264503628	4.2753167931	3.6459617026	290.0	3.65264503628	290.0	3.6459617026
4.29011027682	3.65259162888	4.29011027682	3.64560956491	289.0	3.65259162888	289.0	3.64560956491
4.30500649306	3.6454357416	4.30500649306	3.63814614073	288.0	3.6454357416	288.0	3.63814614073
4.32000651568	3.63360941231	4.32000651568	3.62599257222	287.0	3.63360941231	287.0	3.62599257222
4.33511143357	3.62818609406	4.33511143357	3.62024820818	286.0	3.62818609406	286.0	3.62024820818
4.35032235088	3.62006613962	4.35032235088	3.61178711932	285.0	3.62006613962	285.0	3.61178711932
4.36564038732	3.61063013183	4.36564038732	3.602005802	284.0	3.61063013183	284.0	3.602005802
4.38106667845	3.60436002447	4.38106667845	3.5953827593	283.0	3.60436002447	283.0	3.5953827593
4.39660237589	3.59318332301	4.39660237589	3.58383862138	282.0	3.59318332301	282.0	3.58383862138
4.41224864769	3.5859994486	4.41224864769	3.57627286196	281.0	3.5859994486	281.0	3.57627286196
4.42800667857	3.57618698049	4.42800667857	3.56607198645	280.0	3.57618698049	280.0	3.56607198645
4.44387767025	3.56984435958	4.44387767025	3.55933894583	279.0	3.56984435958	279.0	3.55933894583
4.45986284173	3.55678451047	4.45986284173	3.54587110507	278.0	3.55678451047	278.0	3.54587110507
4.4759634296	3.54997551817	4.4759634296	3.5386424533	277.0	3.54997551817	277.0	3.5386424533
4.49218068841	3.53851188992	4.49218068841	3.52675515567	276.0	3.53851188992	276.0	3.52675515567
4.50851589091	3.52975029187	4.50851589091	3.51754863483	275.0	3.52975029187	275.0	3.51754863483
4.52497032847	3.51812158729	4.52497032847	3.50546381444	274.0	3.51812158729	274.0	3.50546381444
4.54154531136	3.50289589552	4.54154531136	3.48978419213	273.0	3.50289589552	273.0	3.48978419213
4.55824216912	3.49607645648	4.55824216912	3.48247863329	272.0	3.49607645648	272.0	3.48247863329
4.57506225092	3.48372069348	4.57506225092	3.46962682346	271.0	3.48372069348	271.0	3.46962682346
4.59200692593	3.4769296039	4.59200692593	3.46233715477	270.0	3.4769296039	270.0	3.46233715477
4.60907758364	3.46070933964	4.60907758364	3.44559491011	269.0	3.46070933964	269.0	3.44559491011
4.62627563433	3.4484569675	4.62627563433	3.43281322121	268.0	3.4484569675	268.0	3.43281322121
4.64360250936	3.43739066514	4.64360250936	3.42120241784	267.0	3.43739066514	267.0	3.42120241784
4.66105966165	3.42547338764	4.66105966165	3.40873500928	266.0	3.42547338764	266.0	3.40873500928
4.67864856604	3.4103524053	4.67864856604	3.39303961128	265.0	3.4103524053	265.0	3.39303961128
4.6963707197	3.39871820439	4.6963707197	3.38081751912	264.0	3.39871820439	264.0	3.38081751912
4.71422764259	3.38035550274	4.71422764259	3.36182840796	263.0	3.38035550274	263.0	3.36182840796
4.73222087786	3.36968582128	4.73222087786	3.35055694029	262.0	3.36968582128	262.0	3.35055694029
4.75035199234	3.35094462363	4.75035199234	3.33117060016	261.0	3.35094462363	261.0	3.33117060016
4.76862257692	3.33761729387	4.76862257692	3.31718631263	260.0	3.33761729387	260.0	3.31718631263
4.7870342471	3.3211250678	4.7870342471	3.30003788492	259.0	3.3211250678	259.0	3.30003788492
4.80558864341	3.31180639211	4.80558864341	3.2900213137	258.0	3.31180639211	258.0	3.2900213137
4.82428743191	3.29409923246	4.82428743191	3.27160471267	257.0	3.29409923246	257.0	3.27160471267
4.84313230469	3.27508471841	4.84313230469	3.25186285255	256.0	3.27508471841	256.0	3.25186285255
4.86212498039	3.25870091263	4.86212498039	3.23473195272	255.0	3.25870091263	255.0	3.23473195272
4.88126720472	3.24389499967	4.88126720472	3.21917661271	254.0	3.24389499967	254.0	3.21917661271
4.90056075099	3.22577859597	4.90056075099	3.20029385077	253.0	3.22577859597	253.0	3.20029385077
4.92000742063	3.20949999985	4.92000742063	3.18321175042	252.0	3.20949999985	252.0	3.18321175042
4.93960904382	3.19359698614	4.93960904382	3.16648796258	251.0	3.19359698614	251.0	3.16648796258
4.95936748	3.17904617038	4.95936748	3.15110364785	250.0	3.17904617038	250.0	3.15110364785
