Column 1: energy in eV
Column 2: alpha *1e3 in 1/cm, linear interpolation
Column 3: energy in eV
Column 4: alpha *1e3 in 1/cm, spline interpolation
Column 5: lambda in nm
Column 6: alpha *1e3 in 1/cm, linear interpolation
Column 7: lambda in nm
Column 8: alpha *1e3 in 1/cm, spline interpolation
0.225836406193	0.198578631445	0.225836406193	0.176935384814	5490.0	0.198578631445	5490.0	0.176935384814
0.242156615234	0.117792873716	0.242156615234	0.0898932276548	5120.0	0.117792873716	5120.0	0.0898932276548
0.257763382536	0.0667375743384	0.258300389583	0.0578373008753	4810.0	0.0667375743384	4800.0	0.0578373008753
0.273092922907	0.0529917033424	0.273092922907	0.0546353360678	4540.0	0.0529917033424	4540.0	0.0546353360678
0.28700043287	0.0526791631343	0.28700043287	0.0499556039359	4320.0	0.0526791631343	4320.0	0.0499556039359
0.306133795062	0.0298596883894	0.306133795062	0.0317484724479	4050.0	0.0298596883894	4050.0	0.0317484724479
0.321202556995	0.0109994401023	0.321202556995	0.0104267926965	3860.0	0.0109994401023	3860.0	0.0104267926965
0.337831572207	0.0121584015713	0.337831572207	0.00818820072836	3670.0	0.0121584015713	3670.0	0.00818820072836
0.353231301994	0.0118441708962	0.353231301994	0.0116316237605	3510.0	0.0118441708962	3510.0	0.0116316237605
0.369000556548	0.0127201464669	0.369000556548	0.0137696743467	3360.0	0.0127201464669	3360.0	0.0137696743467
0.385044059006	0.014440315184	0.385044059006	0.0147496095456	3220.0	0.014440315184	3220.0	0.0147496095456
0.401243323625	0.0163961213404	0.401243323625	0.0163178084085	3090.0	0.0163961213404	3090.0	0.0163178084085
0.417455175084	0.017893000067	0.417455175084	0.0167320339688	2970.0	0.017893000067	2970.0	0.0167320339688
0.433511143357	0.0197153590587	0.433511143357	0.0187784227842	2860.0	0.0197153590587	2860.0	0.0187784227842
0.449218068841	0.0211754509879	0.449218068841	0.0253976896621	2760.0	0.0211754509879	2760.0	0.0253976896621
0.464360250936	0.0230813342139	0.464360250936	0.0258831503403	2670.0	0.0230813342139	2670.0	0.0258831503403
0.47870342471	0.00625381198508	0.47870342471	0.00495777254913	2590.0	0.00625381198508	2590.0	0.00495777254913
0.498529099316	-0.0289251184326	0.498529099316	-0.0288302440378	2487.0	-0.0289251184326	2487.0	-0.0288302440378
0.512967261067	-0.035910634625	0.512967261067	-0.0386568480633	2417.0	-0.035910634625	2417.0	-0.0386568480633
0.528942777304	-0.0262110059048	0.528942777304	-0.0292478630861	2344.0	-0.0262110059048	2344.0	-0.0292478630861
0.545225096746	-0.0283239893858	0.545225096746	-0.0261811314446	2274.0	-0.0283239893858	2274.0	-0.0261811314446
0.560760682949	-0.0305674050879	0.561014420814	-0.0294780078904	2211.0	-0.0305674050879	2210.0	-0.0294780078904
0.576670637209	-0.0243480723529	0.576670637209	-0.0256399275355	2150.0	-0.0243480723529	2150.0	-0.0256399275355
0.592658637667	-0.0192946107467	0.592658637667	-0.019409756697	2092.0	-0.0192946107467	2092.0	-0.019409756697
0.608362055937	-0.0177785252317	0.608362055937	-0.0169572666084	2038.0	-0.0177785252317	2038.0	-0.0169572666084
0.624290971803	-0.0153112740281	0.624290971803	-0.0155640780918	1986.0	-0.0153112740281	1986.0	-0.0155640780918
0.640083567372	-0.0111618752754	0.640083567372	-0.0117385865228	1937.0	-0.0111618752754	1937.0	-0.0117385865228
0.656000989418	-0.00596603286816	0.656000989418	-0.0061745537169	1890.0	-0.00596603286816	1890.0	-0.0061745537169
0.67200101355	0.000259646445539	0.67200101355	0.000439555509031	1845.0	0.000259646445539	1845.0	0.000439555509031
0.68765494731	0.00593465503869	0.68765494731	0.00621521521237	1803.0	0.00593465503869	1803.0	0.00621521521237
0.703655998865	0.0112249092867	0.703655998865	0.0115544081833	1762.0	0.0112249092867	1762.0	0.0115544081833
0.719583209518	0.0148441128636	0.719583209518	0.0153069416208	1723.0	0.0148441128636	1723.0	0.0153069416208
0.735374774614	0.0167484323383	0.735374774614	0.0172249987306	1686.0	0.0167484323383	1686.0	0.0172249987306
0.750964185342	0.0169968306997	0.750964185342	0.0174333483995	1651.0	0.0169968306997	1651.0	0.0174333483995
0.76722887995	0.0160806545947	0.76722887995	0.016400459675	1616.0	0.0160806545947	1616.0	0.016400459675
0.782728453283	0.0130441488165	0.782728453283	0.0133050416481	1584.0	0.0130441488165	1584.0	0.0133050416481
0.798352781713	0.00962706109602	0.798352781713	0.00971135113923	1553.0	0.00962706109602	1553.0	0.00971135113923
0.8140787065	0.00610834723479	0.8140787065	0.00615596149028	1523.0	0.00610834723479	1523.0	0.00615596149028
0.829880769746	0.00227361150436	0.829880769746	0.0023439123886	1494.0	0.00227361150436	1494.0	0.0023439123886
0.845731152797	-0.00128871597533	0.845731152797	-0.00137627143115	1466.0	-0.00128871597533	1466.0	-0.00137627143115
0.861599631689	-0.00485250067242	0.861599631689	-0.00500806220756	1439.0	-0.00485250067242	1439.0	-0.00500806220756
0.877453552725	-0.00788961400876	0.877453552725	-0.0079592903058	1413.0	-0.00788961400876	1413.0	-0.0079592903058
0.892614737221	-0.0103090122103	0.892614737221	-0.0103939910229	1389.0	-0.0103090122103	1389.0	-0.0103939910229
0.908309062271	-0.0114447685189	0.908309062271	-0.0115055321344	1365.0	-0.0114447685189	1365.0	-0.0115055321344
0.923876207154	-0.0132326581905	0.923876207154	-0.0131901190181	1342.0	-0.0132326581905	1342.0	-0.0131901190181
0.939986254738	-0.0141727417084	0.939986254738	-0.0142538014145	1319.0	-0.0141727417084	1319.0	-0.0142538014145
0.955930508867	-0.0148425388145	0.955930508867	-0.0150187732458	1297.0	-0.0148425388145	1297.0	-0.0150187732458
0.970902012529	-0.0156957690768	0.970902012529	-0.0156699924179	1277.0	-0.0156957690768	1277.0	-0.0156699924179
0.987135246815	-0.0154909109185	0.987135246815	-0.0153784822285	1256.0	-0.0154909109185	1256.0	-0.0153784822285
1.00229738884	-0.0156878986449	1.00229738884	-0.0156557117747	1237.0	-0.0156878986449	1237.0	-0.0156557117747
1.01793256979	-0.0162209946146	1.01793256979	-0.0161829846553	1218.0	-0.0162209946146	1218.0	-0.0161829846553
1.03320155833	-0.0173670291372	1.03320155833	-0.0173581897235	1200.0	-0.0173670291372	1200.0	-0.0173581897235
1.04893559222	-0.0174364955965	1.04893559222	-0.0174712120088	1182.0	-0.0174364955965	1182.0	-0.0174712120088
1.0642419485	-0.017234526203	1.0642419485	-0.0172654572372	1165.0	-0.017234526203	1165.0	-0.0172654572372
1.08000162892	-0.0171108873022	1.08000162892	-0.0170210946965	1148.0	-0.0171108873022	1148.0	-0.0170210946965
1.09526666961	-0.0173998953812	1.09526666961	-0.017348376675	1132.0	-0.0173998953812	1132.0	-0.017348376675
1.11096941756	-0.0170329239819	1.11096941756	-0.0171256187696	1116.0	-0.0170329239819	1116.0	-0.0171256187696
1.12712897273	-0.0167292830767	1.12712897273	-0.0167255759954	1100.0	-0.0167292830767	1100.0	-0.0167255759954
1.14165918048	-0.0167700040399	1.14165918048	-0.0166790121701	1086.0	-0.0167700040399	1086.0	-0.0166790121701
1.15764880486	-0.0158053482515	1.15764880486	-0.0157159623882	1071.0	-0.0158053482515	1071.0	-0.0157159623882
1.17298190161	-0.0160361794081	1.17298190161	-0.0159877630796	1057.0	-0.0160361794081	1057.0	-0.0159877630796
1.18872662512	-0.0163924495442	1.18872662512	-0.0163620602091	1043.0	-0.0163924495442	1043.0	-0.0163620602091
1.20372997087	-0.0163077857369	1.20372997087	-0.0163395252251	1030.0	-0.0163077857369	1030.0	-0.0163395252251
1.21911688299	-0.0156639357846	1.21911688299	-0.0157083996079	1017.0	-0.0156639357846	1017.0	-0.0157083996079
1.23490226096	-0.0150786495896	1.23490226096	-0.0150566343383	1004.0	-0.0150786495896	1004.0	-0.0150566343383
1.24984059476	-0.014967957569	1.24984059476	-0.0149022511582	992.0	-0.014967957569	992.0	-0.0149022511582
1.26514476531	-0.0146472782113	1.26514476531	-0.0145424049141	980.0	-0.0146472782113	980.0	-0.0145424049141
1.2808283781	-0.0143082119611	1.2808283781	-0.0142541922433	968.0	-0.0143082119611	968.0	-0.0142541922433
1.29555054336	-0.0145812411313	1.29555054336	-0.0145645017803	957.0	-0.0145812411313	957.0	-0.0145645017803
1.31061508457	-0.0147089611209	1.31061508457	-0.0147290962313	946.0	-0.0147089611209	946.0	-0.0147290962313
1.32603408556	-0.0143056470713	1.32603408556	-0.0142570938123	935.0	-0.0143056470713	935.0	-0.0142570938123
1.34182020563	-0.0134431894052	1.34182020563	-0.0134092044007	924.0	-0.0134431894052	924.0	-0.0134092044007
1.35650095186	-0.0135561565005	1.35650095186	-0.0134901644109	914.0	-0.0135561565005	914.0	-0.0134901644109
1.37150649336	-0.0137527568862	1.37150649336	-0.0136941986544	904.0	-0.0137527568862	904.0	-0.0136941986544
1.38684772931	-0.013662054597	1.38684772931	-0.013581306273	894.0	-0.013662054597	894.0	-0.013581306273
1.40253605204	-0.0131360408465	1.40253605204	-0.0131686241756	884.0	-0.0131360408465	884.0	-0.0131686241756
1.41696213714	-0.0137478561043	1.41696213714	-0.0136969357734	875.0	-0.0137478561043	875.0	-0.0136969357734
1.43334320231	-0.0135845759765	1.43334320231	-0.0134406340805	865.0	-0.0135845759765	865.0	-0.0134406340805
1.44841339953	-0.0132612458748	1.44841339953	-0.0133334936726	856.0	-0.0132612458748	856.0	-0.0133334936726
1.46207767689	-0.0143565520069	1.46207767689	-0.0144341207186	848.0	-0.0143565520069	848.0	-0.0144341207186
1.47776146603	-0.0140474512286	1.47776146603	-0.0137996681772	839.0	-0.0140474512286	839.0	-0.0137996681772
1.49198780987	-0.0137421896131	1.49198780987	-0.0134822769025	831.0	-0.0137421896131	831.0	-0.0134822769025
1.50832344282	-0.012367001297	1.50832344282	-0.0132938382561	822.0	-0.012367001297	822.0	-0.0132938382561
1.52314726044	-0.0121018301219	1.52314726044	-0.0129848179385	814.0	-0.0121018301219	814.0	-0.0129848179385
1.53826534739	-0.00671973015353	1.53826534739	-0.007368284018	806.0	-0.00671973015353	806.0	-0.007368284018
1.5556359724	0.00605591729547	1.5556359724	0.0062998112593	797.0	0.00605591729547	797.0	0.0062998112593
1.56743599241	0.0114754485509	1.56743599241	0.0124289916271	791.0	0.0114754485509	791.0	0.0124289916271
1.58345066411	0.0151746747535	1.58345066411	0.0161637704295	783.0	0.0151746747535	783.0	0.0161637704295
1.59773436856	0.0148178005051	1.59773436856	0.0151649905143	776.0	0.0148178005051	776.0	0.0151649905143
1.61227811443	0.0150261253583	1.61227811443	0.0147407951067	769.0	0.0150261253583	769.0	0.0147407951067
1.62708906824	0.0154809515454	1.62708906824	0.0155193131873	762.0	0.0154809515454	762.0	0.0155193131873
1.64217466225	0.0157778124404	1.64217466225	0.015999632277	755.0	0.0157778124404	755.0	0.015999632277
1.65754260695	0.0156476914989	1.65754260695	0.0155925249774	748.0	0.0156476914989	748.0	0.0155925249774
1.67094591644	0.0148175472817	1.67094591644	0.014673909784	742.0	0.0148175472817	742.0	0.014673909784
1.68685968707	0.0159114033934	1.68685968707	0.0158869236277	735.0	0.0159114033934	735.0	0.0158869236277
1.7007433059	0.0170461588671	1.7007433059	0.0170454273807	729.0	0.0170461588671	729.0	0.0170454273807
1.71485735823	0.0173832349699	1.71485735823	0.017640983419	723.0	0.0173832349699	723.0	0.017640983419
1.73162272346	0.0179668794522	1.73162272346	0.0182044412789	716.0	0.0179668794522	716.0	0.0182044412789
1.74625615493	0.018008986398	1.74625615493	0.0178287186159	710.0	0.018008986398	710.0	0.0178287186159
1.75864095035	0.0172095768708	1.75864095035	0.0171009513992	705.0	0.0172095768708	705.0	0.0171009513992
1.77373658083	0.0183459708381	1.77373658083	0.0182910794785	699.0	0.0183459708381	699.0	0.0182910794785
1.7890936075	0.0203042758905	1.7890936075	0.0203196230568	693.0	0.0203042758905	693.0	0.0203196230568
1.80209574128	0.0206748934519	1.80209574128	0.0209586955243	688.0	0.0206748934519	688.0	0.0209586955243
1.81794995601	0.0215903777877	1.81794995601	0.0218343677931	682.0	0.0215903777877	682.0	0.0218343677931
1.83137646972	0.0210671041591	1.83137646972	0.0209954606564	677.0	0.0210671041591	677.0	0.0209954606564
1.84775241431	0.020994749552	1.84775241431	0.0209864642983	671.0	0.020994749552	671.0	0.0209864642983
1.86162442943	0.0212336206509	1.86162442943	0.021128745132	666.0	0.0212336206509	666.0	0.021128745132
1.87570630862	0.0219233060498	1.87570630862	0.0218143770992	661.0	0.0219233060498	661.0	0.0218143770992
1.89000285061	0.0223089972476	1.89000285061	0.0226686654748	656.0	0.0223089972476	656.0	0.0226686654748
1.90451900154	0.0232112091656	1.90451900154	0.0231764915439	651.0	0.0232112091656	651.0	0.0231764915439
1.91925986068	0.0232820448207	1.91925986068	0.0231052164196	646.0	0.0232820448207	646.0	0.0231052164196
1.93423068643	0.0236709555686	1.93423068643	0.0237137102403	641.0	0.0236709555686	641.0	0.0237137102403
1.94637656201	0.0244915752029	1.94637656201	0.0243162303456	637.0	0.0244915752029	637.0	0.0243162303456
1.96177511076	0.0264580911662	1.96177511076	0.0265808808869	632.0	0.0264580911662	632.0	0.0265808808869
1.97427049363	0.0265372021101	1.97427049363	0.0270267413192	628.0	0.0265372021101	628.0	0.0270267413192
1.99011536116	0.0273663905455	1.99011536116	0.0274128845235	623.0	0.0273663905455	623.0	0.0274128845235
2.00297555735	0.0264725212397	2.00297555735	0.0261538530759	619.0	0.0264725212397	619.0	0.0261538530759
2.01928643322	0.0266738044342	2.01928643322	0.0267470706402	614.0	0.0266738044342	614.0	0.0267470706402
2.03252765574	0.0281500330134	2.03252765574	0.0281327988373	610.0	0.0281500330134	610.0	0.0281327988373
2.04594367987	0.0294034986739	2.04594367987	0.029334070305	606.0	0.0294034986739	606.0	0.029334070305
2.05953799003	0.0293090991963	2.05953799003	0.0295489024311	602.0	0.0293090991963	602.0	0.0295489024311
2.07331416388	0.0296941948047	2.07331416388	0.0298084978786	598.0	0.0296941948047	598.0	0.0298084978786
2.08727587542	0.0309432395268	2.08727587542	0.030939510146	594.0	0.0309432395268	594.0	0.030939510146
2.10142689831	0.0317916669141	2.10142689831	0.0314475064732	590.0	0.0317916669141	590.0	0.0314475064732
2.11577110922	0.0318205194949	2.11577110922	0.0319012971889	586.0	0.0318205194949	586.0	0.0319012971889
2.13031249141	0.0338803652312	2.13031249141	0.0342549149761	582.0	0.0338803652312	582.0	0.0342549149761
2.14505513841	0.0367600933252	2.14505513841	0.0368050243507	578.0	0.0367600933252	578.0	0.0368050243507
2.15624673043	0.0351890103848	2.15624673043	0.035556143762	575.0	0.0351890103848	575.0	0.035556143762
2.17135178634	0.0334784569008	2.17135178634	0.0337209305777	571.0	0.0334784569008	571.0	0.0337209305777
2.18282019366	0.0326652749933	2.18282019366	0.0323521857456	568.0	0.0326652749933	568.0	0.0323521857456
2.19830118794	0.0332024451814	2.19830118794	0.0328278354176	564.0	0.0332024451814	564.0	0.0328278354176
2.21005680927	0.0327720082499	2.21005680927	0.0324866647803	561.0	0.0327720082499	561.0	0.0324866647803
2.22592795332	0.035795686396	2.22592795332	0.0356076963388	557.0	0.035795686396	557.0	0.0356076963388
2.2379817148	0.0386401392938	2.2379817148	0.0390767996976	554.0	0.0386401392938	554.0	0.0390767996976
2.25425794545	0.0433284016399	2.25425794545	0.0436893667281	550.0	0.0433284016399	550.0	0.0436893667281
2.26662133455	0.0427575496274	2.26662133455	0.0426517609523	547.0	0.0427575496274	547.0	0.0426517609523
2.27912108456	0.0410492328272	2.27912108456	0.0413869683213	544.0	0.0410492328272	544.0	0.0413869683213
2.29175946396	0.0433796519487	2.29175946396	0.0428353863224	541.0	0.0433796519487	541.0	0.0428353863224
2.30453879182	0.044969442243	2.30453879182	0.0449909751248	538.0	0.044969442243	538.0	0.0449909751248
2.32180125468	0.0460070153297	2.32180125468	0.0466795731079	534.0	0.0460070153297	534.0	0.0466795731079
2.33491877589	0.0472013148892	2.33491877589	0.0467860933526	531.0	0.0472013148892	531.0	0.0467860933526
2.34818535985	0.0479966181994	2.34818535985	0.0480306946954	528.0	0.0479966181994	528.0	0.0480306946954
2.35711382129	0.0485071705333	2.35711382129	0.0482065729822	526.0	0.0485071705333	526.0	0.0482065729822
2.37063455067	0.0501798580486	2.37063455067	0.0506980334916	523.0	0.0501798580486	523.0	0.0506980334916
2.38431128846	0.0526273967944	2.38431128846	0.0531099822504	520.0	0.0526273967944	520.0	0.0531099822504
2.39814675048	0.0548940060744	2.39814675048	0.0539019430775	517.0	0.0548940060744	517.0	0.0539019430775
2.41214371595	0.0548834944514	2.41214371595	0.0546806191056	514.0	0.0548834944514	514.0	0.0546806191056
2.42630502935	0.059870994412	2.42630502935	0.0600545434429	511.0	0.059870994412	511.0	0.0600545434429
2.4358386444	0.0634756849401	2.4358386444	0.0638654311905	509.0	0.0634756849401	509.0	0.0638654311905
2.45028037549	0.0655922180118	2.45028037549	0.0665743472683	506.0	0.0655922180118	506.0	0.0665743472683
2.46489437376	0.0626444740229	2.46489437376	0.0626889285687	503.0	0.0626444740229	503.0	0.0626889285687
2.47473427146	0.0603202261794	2.47473427146	0.0597588413854	501.0	0.0603202261794	501.0	0.0597588413854
2.48964230924	0.0634888005387	2.48964230924	0.0627697938847	498.0	0.0634888005387	498.0	0.0627697938847
2.50473105051	0.0681716120102	2.50473105051	0.0681394666872	495.0	0.0681716120102	495.0	0.0681394666872
2.51489223124	0.0693495418775	2.51489223124	0.0694481251597	493.0	0.0693495418775	493.0	0.0694481251597
2.53028953061	0.0727597785949	2.53028953061	0.072891059234	490.0	0.0727597785949	490.0	0.072891059234
2.54065956967	0.0760676444785	2.54065956967	0.0756210445067	488.0	0.0760676444785	488.0	0.0756210445067
2.55111495885	0.0801910652205	2.55111495885	0.0792925163544	486.0	0.0801910652205	486.0	0.0792925163544
2.56696039337	0.0892334748025	2.56696039337	0.0893841883805	483.0	0.0892334748025	483.0	0.0893841883805
2.57763382536	0.0962913689548	2.57763382536	0.0974192334994	481.0	0.0962913689548	481.0	0.0974192334994
2.59381144351	0.107597136745	2.59381144351	0.108143984139	478.0	0.107597136745	478.0	0.108143984139
2.60470981092	0.108342846994	2.60470981092	0.107639010378	476.0	0.108342846994	476.0	0.107639010378
2.61570014768	0.10756473302	2.61570014768	0.107829255385	474.0	0.10756473302	474.0	0.107829255385
2.62678362288	0.115362585205	2.62678362288	0.114799070906	472.0	0.115362585205	472.0	0.114799070906
2.63796142553	0.124771381963	2.63796142553	0.123513524275	470.0	0.124771381963	470.0	0.123513524275
2.65490764454	0.129651462281	2.65490764454	0.131152097892	467.0	0.129651462281	467.0	0.131152097892
2.66632660215	0.136322602153	2.66632660215	0.136308030789	465.0	0.136322602153	465.0	0.136308030789
2.67784421166	0.145643589961	2.67784421166	0.144496269583	463.0	0.145643589961	463.0	0.144496269583
2.68946175705	0.151671309352	2.68946175705	0.152464296387	461.0	0.151671309352	461.0	0.152464296387
2.70118054466	0.160112163269	2.70118054466	0.160088166848	459.0	0.160112163269	459.0	0.160088166848
2.71300190372	0.168812812535	2.71300190372	0.168316094833	457.0	0.168812812535	457.0	0.168316094833
2.72492718681	0.177201343985	2.72492718681	0.177420365957	455.0	0.177201343985	455.0	0.177420365957
2.73695777042	0.187696792003	2.73695777042	0.187499146406	453.0	0.187696792003	453.0	0.187499146406
2.74909505543	0.19822433809	2.74909505543	0.198108929091	451.0	0.19822433809	451.0	0.198108929091
2.76134046771	0.209028395126	2.76134046771	0.208958885872	449.0	0.209028395126	449.0	0.208958885872
2.77369545861	0.221773385703	2.77369545861	0.221146214658	447.0	0.221773385703	447.0	0.221146214658
2.78616150562	0.233035081278	2.78616150562	0.234947825375	445.0	0.233035081278	445.0	0.234947825375
2.79874011287	0.246560306503	2.79874011287	0.246710392917	443.0	0.246560306503	443.0	0.246710392917
2.81143281179	0.257159823165	2.81143281179	0.253658889191	441.0	0.257159823165	441.0	0.253658889191
2.82424116173	0.265359664993	2.81782243182	0.257208030191	439.0	0.265359664993	440.0	0.257208030191
2.83068920091	0.2747395751	2.83068920091	0.276001682528	438.0	0.2747395751	438.0	0.276001682528
2.84367401376	0.296280411899	2.84367401376	0.295629758127	436.0	0.296280411899	436.0	0.295629758127
2.8567785023	0.305579725467	2.8567785023	0.30578653377	434.0	0.305579725467	434.0	0.30578653377
2.8700043287	0.320061048385	2.8700043287	0.319500498765	432.0	0.320061048385	432.0	0.319500498765
2.87666327146	0.331286900459	2.87666327146	0.33032408425	431.0	0.331286900459	431.0	0.33032408425
2.89007428904	0.357087986312	2.89007428904	0.358773243119	429.0	0.357087986312	429.0	0.358773243119
2.90361093677	0.374483501133	2.90361093677	0.376017221301	427.0	0.374483501133	427.0	0.376017221301
2.91042692488	0.37860963664	2.91042692488	0.378811416557	426.0	0.37860963664	426.0	0.378811416557
2.92415535377	0.389664899498	2.92415535377	0.387431868201	424.0	0.389664899498	424.0	0.387431868201
2.93801390995	0.407222780076	2.93801390995	0.406280920246	422.0	0.407222780076	422.0	0.406280920246
2.94499256532	0.419209146653	2.94499256532	0.41859433602	421.0	0.419209146653	421.0	0.41859433602
2.95904980907	0.449355547997	2.95904980907	0.449470359037	419.0	0.449355547997	419.0	0.449470359037
2.9661288756	0.461540727341	2.9661288756	0.462322178328	418.0	0.461540727341	418.0	0.462322178328
2.98038911058	0.488482630554	2.98038911058	0.488671056762	416.0	0.488482630554	416.0	0.488671056762
2.98757077108	0.500683672124	2.98757077108	0.500486571467	415.0	0.500683672124	415.0	0.500486571467
3.00203842615	0.527894767135	3.00203842615	0.528064692747	413.0	0.527894767135	413.0	0.528064692747
3.00932492718	0.540526736885	3.00932492718	0.54066948041	412.0	0.540526736885	412.0	0.54066948041
3.02400456098	0.569143731942	3.02400456098	0.568893979263	410.0	0.569143731942	410.0	0.568893979263
3.03139821516	0.581924023045	3.03139821516	0.581731036724	409.0	0.581924023045	409.0	0.581731036724
3.04629452088	0.614366733803	3.04629452088	0.613901901577	407.0	0.614366733803	407.0	0.613901901577
3.05379770936	0.631568986086	3.05379770936	0.63090538479	406.0	0.631568986086	406.0	0.63090538479
3.06133795062	0.650876460953	3.06133795062	0.650069797979	405.0	0.650876460953	405.0	0.650069797979
3.07653069479	0.700390976667	3.07653069479	0.699731206289	403.0	0.700390976667	403.0	0.699731206289
3.08418375622	0.726761770842	3.08418375622	0.726939424266	402.0	0.726761770842	402.0	0.726939424266
3.099604675	0.784430399977	3.099604675	0.785553962825	400.0	0.784430399977	400.0	0.785553962825
3.10737310777	0.810307931046	3.10737310777	0.810449321209	399.0	0.810307931046	399.0	0.810449321209
3.11518057789	0.835728770381	3.11518057789	0.834376974553	398.0	0.835728770381	398.0	0.834376974553
3.13091381313	0.898017146358	3.13091381313	0.896668740643	396.0	0.898017146358	396.0	0.896668740643
3.13884017722	0.936990723943	3.13884017722	0.936527408032	395.0	0.936990723943	395.0	0.936527408032
3.14680677665	0.979891859646	3.14680677665	0.979719076372	394.0	0.979891859646	394.0	0.979719076372
3.15481391858	1.01871859041	3.15481391858	1.02182689734	393.0	1.01871859041	393.0	1.02182689734
3.16286191327	1.05938527566	3.17095107417	1.11071722855	392.0	1.05938527566	391.0	1.11071722855
3.17908171795	1.16325673014	3.17908171795	1.15947340331	390.0	1.16325673014	390.0	1.15947340331
3.17095107417	1.11772235607	3.17095107417	1.11789265303	391.0	1.11772235607	391.0	1.11789265303
3.17908171795	1.15368373611	3.17908171795	1.15386114413	390.0	1.15368373611	390.0	1.15386114413
3.18725416452	1.22947331314	3.18725416452	1.22965622414	389.0	1.22947331314	389.0	1.22965622414
3.19546873711	1.26513904481	3.19546873711	1.26532970158	388.0	1.26513904481	388.0	1.26532970158
3.20372576227	1.34330193961	3.20372576227	1.34349841199	387.0	1.34330193961	387.0	1.34349841199
3.21202556995	1.39871781625	3.21202556995	1.3989214258	386.0	1.39871781625	386.0	1.3989214258
3.22036849351	1.46990603422	3.22036849351	1.47011643896	385.0	1.46990603422	385.0	1.47011643896
3.22875486979	1.54585392142	3.22875486979	1.54607101824	384.0	1.54585392142	384.0	1.54607101824
3.23718503916	1.61601738123	3.23718503916	1.61624184581	383.0	1.61601738123	383.0	1.61624184581
3.24565934555	1.70569828654	3.24565934555	1.70592930867	382.0	1.70569828654	382.0	1.70592930867
3.25417813648	1.78677153596	3.25417813648	1.78700975249	381.0	1.78677153596	381.0	1.78700975249
3.26274176316	1.8848598817	3.26274176316	1.88510470095	380.0	1.8848598817	380.0	1.88510470095
3.27135058047	1.98223345931	3.27135058047	1.98248520549	379.0	1.98223345931	379.0	1.98248520549
3.28000494709	2.0899665793	3.28000494709	2.09022540971	378.0	2.0899665793	378.0	2.09022540971
3.28870522546	2.20366719703	3.28870522546	2.20393271944	377.0	2.20366719703	377.0	2.20393271944
3.29745178191	2.32454769821	3.29745178191	2.32481984988	376.0	2.32454769821	376.0	2.32481984988
3.30624498667	2.45409007425	3.30624498667	2.45436843364	375.0	2.45409007425	375.0	2.45436843364
3.3150852139	2.59099912559	3.3150852139	2.59128329062	374.0	2.59099912559	374.0	2.59128329062
3.32397284182	2.73782631478	3.32397284182	2.73811682017	373.0	2.73782631478	373.0	2.73811682017
3.33290825269	2.89217485123	3.33290825269	2.89247145061	372.0	2.89217485123	372.0	2.89247145061
3.34189183288	3.05798507053	3.34189183288	3.05828715798	371.0	3.05798507053	371.0	3.05828715798
3.35092397297	3.23407426253	3.35092397297	3.23438214901	370.0	3.23407426253	370.0	3.23438214901
3.36000506775	3.42097797191	3.36000506775	3.42129097402	369.0	3.42097797191	369.0	3.42129097402
3.3691355163	3.61814050462	3.3691355163	3.61845897687	368.0	3.61814050462	368.0	3.61845897687
3.37831572207	3.82776311552	3.37831572207	3.82808622673	367.0	3.82776311552	367.0	3.82808622673
3.3875460929	4.04614806254	3.3875460929	4.04647599371	366.0	4.04614806254	366.0	4.04647599371
3.3968270411	4.275416067	3.3968270411	4.27574859401	365.0	4.275416067	365.0	4.27574859401
3.40615898352	4.51883992348	3.40615898352	4.51917679108	364.0	4.51883992348	364.0	4.51917679108
3.4155423416	4.77285884228	3.4155423416	4.77319995332	363.0	4.77285884228	363.0	4.77319995332
3.42497754144	5.04185248043	3.42497754144	5.0421974283	362.0	5.04185248043	362.0	5.0421974283
3.43446501385	5.32100634626	3.43446501385	5.32135480272	361.0	5.32100634626	361.0	5.32135480272
3.44400519444	5.61648214116	3.44400519444	5.6168343139	360.0	5.61648214116	360.0	5.6168343139
3.45359852368	5.97473589626	3.45359852368	5.97508887811	359.0	5.97473589626	359.0	5.97508887811
3.46324544693	6.33838235295	3.46324544693	6.33873589142	358.0	6.33838235295	358.0	6.33873589142
3.47294641457	6.69424122745	3.47294641457	6.69459607231	357.0	6.69424122745	357.0	6.69459607231
3.48270188202	7.08635423291	3.48270188202	7.08670883176	356.0	7.08635423291	356.0	7.08670883176
3.49251230986	7.51132750412	3.49251230986	7.51168061787	355.0	7.51132750412	355.0	7.51168061787
3.50237816384	7.96686845834	3.50237816384	7.96721877075	354.0	7.96686845834	354.0	7.96721877075
3.51229991501	8.50182616741	3.51229991501	8.50216965318	353.0	8.50182616741	353.0	8.50216965318
3.52227803977	9.09214442516	3.52227803977	9.09247821478	352.0	9.09214442516	352.0	9.09247821478
3.53231301994	9.75121522482	3.53231301994	9.7515361458	351.0	9.75121522482	351.0	9.7515361458
3.54240534286	10.559558352	3.54240534286	10.5598579164	350.0	10.559558352	350.0	10.5598579164
3.55255550143	12.1828893305	3.55255550143	12.1831235127	349.0	12.1828893305	349.0	12.1831235127
3.56276399425	13.0069115338	3.56276399425	13.0071084509	348.0	13.0069115338	348.0	13.0071084509
3.57303132565	11.2569584563	3.57303132565	11.2573013493	347.0	11.2569584563	347.0	11.2573013493
3.58335800578	11.5741048401	3.58335800578	11.5744605725	346.0	11.5741048401	346.0	11.5744605725
3.59374455072	11.3702684267	3.59374455072	11.3706662165	345.0	11.3702684267	345.0	11.3706662165
3.60419148256	10.2017526941	3.60419148256	10.2022522765	344.0	10.2017526941	344.0	10.2022522765
3.61469932945	11.3574048278	3.61469932945	11.3578677169	343.0	11.3574048278	343.0	11.3578677169
3.62526862573	10.5900976641	3.62526862573	10.5906404741	342.0	10.5900976641	342.0	10.5906404741
3.63589991202	11.5068259244	3.63589991202	11.507346831	341.0	11.5068259244	341.0	11.507346831
3.64659373529	11.1761932008	3.64659373529	11.1767694655	340.0	11.1761932008	340.0	11.1767694655
3.65735064897	10.6988454103	3.65735064897	10.6994864059	339.0	10.6988454103	339.0	10.6994864059
3.66817121302	11.8045616699	3.66817121302	11.8051745491	338.0	11.8045616699	338.0	11.8051745491
3.67905599407	13.5757359763	3.67905599407	13.5762247546	337.0	13.5757359763	337.0	13.5762247546
3.69000556548	11.4472321826	3.69000556548	11.4479420443	336.0	11.4472321826	336.0	11.4479420443
3.70102050746	12.9359524242	3.70102050746	12.9366212268	335.0	12.9359524242	335.0	12.9366212268
3.71210140719	10.586429491	3.71210140719	10.5872714763	334.0	10.586429491	334.0	10.5872714763
3.72324885886	11.2171237348	3.72324885886	11.2179692899	333.0	11.2171237348	333.0	11.2179692899
3.73446346386	10.7797326733	3.73446346386	10.7806482857	332.0	10.7797326733	332.0	10.7806482857
3.74574583082	12.3651110842	3.74574583082	12.3659764281	331.0	12.3651110842	331.0	12.3659764281
3.75709657576	10.8146498583	3.75709657576	10.8156525033	330.0	10.8146498583	330.0	10.8156525033
3.76851632219	10.4631527104	3.76851632219	10.4642227422	329.0	10.4631527104	329.0	10.4642227422
3.78000570122	10.5789715054	3.78000570122	10.5800828013	328.0	10.5789715054	328.0	10.5800828013
3.79156535168	11.8759731277	3.79156535168	11.8770553833	327.0	11.8759731277	327.0	11.8770553833
3.80319592025	11.7123663976	3.80319592025	11.7135078036	326.0	11.7123663976	326.0	11.7135078036
3.81489806154	11.3699594642	3.81489806154	11.3711728573	325.0	11.3699594642	325.0	11.3711728573
3.82667243827	10.7872281406	3.82667243827	10.7885293905	324.0	10.7872281406	324.0	10.7885293905
3.83851972136	11.0176722367	3.83851972136	11.0190139445	323.0	11.0176722367	323.0	11.0190139445
3.85044059006	10.9770972207	3.85044059006	10.9784961045	322.0	10.9770972207	322.0	10.9784961045
3.86243573209	11.3609221289	3.86243573209	11.3623539734	321.0	11.3609221289	321.0	11.3623539734
3.87450584375	11.1466975381	3.87450584375	11.1482014766	320.0	11.1466975381	320.0	11.1482014766
3.88665163009	10.8965294975	3.88665163009	10.8981088645	319.0	10.8965294975	319.0	10.8981088645
3.89887380503	10.853175509	3.89887380503	10.8548189119	318.0	10.853175509	318.0	10.8548189119
3.91117309148	11.4713745649	3.91117309148	11.4730443669	317.0	11.4713745649	317.0	11.4730443669
3.92355022152	10.638310458	3.92355022152	10.6400941186	316.0	10.638310458	316.0	10.6400941186
3.93600593651	12.4821459722	3.93600593651	12.4838803198	315.0	12.4821459722	315.0	12.4838803198
3.94854098726	10.5429444494	3.94854098726	10.5448663268	314.0	10.5429444494	314.0	10.5448663268
3.96115613419	10.4012129675	3.96115613419	10.4032127096	313.0	10.4012129675	313.0	10.4032127096
3.97385214744	10.9510734154	3.97385214744	10.9531116017	312.0	10.9510734154	312.0	10.9531116017
3.98662980707	11.3598346096	3.98662980707	11.3619202832	311.0	11.3598346096	311.0	11.3619202832
3.99948990323	11.130176703	3.99948990323	11.1323514796	310.0	11.130176703	310.0	11.1323514796
4.01243323625	10.571371939	4.01243323625	10.5736551307	309.0	10.571371939	309.0	10.5736551307
4.02546061688	11.3695732334	4.02546061688	11.371889069	308.0	11.3695732334	308.0	11.371889069
4.03857286645	10.6135951362	4.03857286645	10.6160347529	307.0	10.6135951362	307.0	10.6160347529
4.05177081699	11.1270599133	4.05177081699	11.1295509736	306.0	11.1270599133	306.0	11.1295509736
4.06505531148	11.0094583519	4.06505531148	11.0120412645	305.0	11.0094583519	305.0	11.0120412645
4.07842720395	10.9424455079	4.07842720395	10.9451194745	304.0	10.9424455079	304.0	10.9451194745
4.09188735974	10.7062170668	4.09188735974	10.7089935807	303.0	10.7062170668	303.0	10.7089935807
4.10543665563	10.6409155442	4.10543665563	10.6437875141	302.0	10.6409155442	302.0	10.6437875141
4.11907598007	10.2455751033	4.11907598007	10.2485643531	301.0	10.2455751033	301.0	10.2485643531
4.13280623333	12.5281254116	4.13280623333	12.5310730284	300.0	12.5281254116	300.0	12.5310730284
4.14662832776	11.3272797243	4.14662832776	11.3303967593	299.0	11.3272797243	299.0	11.3303967593
4.16054318792	11.2148690103	4.16054318792	11.2180910467	298.0	11.2148690103	298.0	11.2180910467
4.17455175084	10.8040472691	4.17455175084	10.8073965663	297.0	10.8040472691	297.0	10.8073965663
4.18865496622	10.9929997174	4.18865496622	10.9964423834	296.0	10.9929997174	296.0	10.9964423834
4.20285379661	11.465961377	4.20285379661	11.4694841911	295.0	11.465961377	295.0	11.4694841911
4.21714921769	10.8907964004	4.21714921769	10.8944634338	294.0	10.8907964004	294.0	10.8944634338
4.23154221843	11.2167352444	4.23154221843	11.2204952016	293.0	11.2167352444	293.0	11.2204952016
4.24603380137	12.5730141921	4.24603380137	12.5768169126	292.0	12.5730141921	292.0	12.5768169126
4.26062498282	12.9734424293	4.26062498282	12.9773320263	291.0	12.9734424293	291.0	12.9773320263
4.2753167931	11.6561605264	4.2753167931	11.6602512781	290.0	11.6561605264	290.0	11.6602512781
4.29011027682	10.7898286302	4.29011027682	10.7940924215	289.0	10.7898286302	289.0	10.7940924215
4.30500649306	10.3151640123	4.30500649306	10.3195833038	288.0	10.3151640123	288.0	10.3195833038
4.32000651568	11.6206683163	4.32000651568	11.6251370787	287.0	11.6206683163	287.0	11.6251370787
4.33511143357	10.0598523354	4.33511143357	10.0645453771	286.0	10.0598523354	286.0	10.0645453771
4.35032235088	11.5459466574	4.35032235088	11.5506863373	285.0	11.5459466574	285.0	11.5506863373
4.36564038732	10.6030654375	4.36564038732	10.6080021617	284.0	10.6030654375	284.0	10.6080021617
4.38106667845	11.2119281386	4.38106667845	11.2169700922	283.0	11.2119281386	283.0	11.2169700922
4.39660237589	11.2089903116	4.39660237589	11.2141804042	282.0	11.2089903116	282.0	11.2141804042
4.41224864769	10.5628610465	4.41224864769	10.5682352077	281.0	10.5628610465	281.0	10.5682352077
4.42800667857	11.2496747716	4.42800667857	11.2551614309	280.0	11.2496747716	280.0	11.2551614309
4.44387767025	10.2701066217	4.44387767025	10.2758076797	279.0	10.2701066217	279.0	10.2758076797
4.45986284173	10.578048459	4.45986284173	10.5838927973	278.0	10.578048459	278.0	10.5838927973
4.4759634296	10.7637677035	4.4759634296	10.7697612363	277.0	10.7637677035	277.0	10.7697612363
4.49218068841	10.0210512323	4.49218068841	10.0272581328	276.0	10.0210512323	276.0	10.0272581328
4.50851589091	10.7681499778	4.50851589091	10.7744851364	275.0	10.7681499778	275.0	10.7744851364
4.52497032847	10.7814299895	4.52497032847	10.7879344927	274.0	10.7814299895	274.0	10.7879344927
4.54154531136	11.6194753816	4.54154531136	11.6261125131	273.0	11.6194753816	273.0	11.6261125131
4.55824216912	10.5773757449	4.55824216912	10.5842533526	272.0	10.5773757449	272.0	10.5842533526
4.57506225092	10.6515767352	4.57506225092	10.6586340457	271.0	10.6515767352	271.0	10.6586340457
4.59200692593	11.347703078	4.59200692593	11.3549107953	270.0	11.347703078	270.0	11.3549107953
4.60907758364	10.4849795176	4.60907758364	10.4924333166	269.0	10.4849795176	269.0	10.4924333166
4.62627563433	10.9287616064	4.62627563433	10.9363843967	268.0	10.9287616064	268.0	10.9363843967
4.64360250936	11.2573937104	4.64360250936	11.2652012459	267.0	11.2573937104	267.0	11.2652012459
4.66105966165	11.6362066868	4.66105966165	11.6442008272	266.0	11.6362066868	266.0	11.6442008272
4.67864856604	10.5097556344	4.67864856604	10.5180292401	265.0	10.5097556344	265.0	10.5180292401
4.6963707197	10.953776944	4.6963707197	10.9622344172	264.0	10.953776944	264.0	10.9622344172
4.71422764259	11.7191542152	4.71422764259	11.7277909398	263.0	11.7191542152	263.0	11.7277909398
4.73222087786	10.8222711403	4.73222087786	10.8311851871	262.0	10.8222711403	262.0	10.8311851871
4.75035199234	11.8783397843	4.75035199234	11.8874242764	261.0	11.8783397843	261.0	11.8874242764
4.76862257692	10.7329135926	4.76862257692	10.742295693	260.0	10.7329135926	260.0	10.742295693
4.7870342471	11.6526472799	4.7870342471	11.6622152083	259.0	11.6526472799	259.0	11.6622152083
4.80558864341	10.2139087535	4.80558864341	10.2238096856	258.0	10.2139087535	258.0	10.2238096856
4.82428743191	10.1656856227	4.82428743191	10.1758347058	257.0	10.1656856227	257.0	10.1758347058
4.84313230469	11.6385313973	4.84313230469	11.6488444408	256.0	11.6385313973	256.0	11.6488444408
4.86212498039	10.6086063341	4.86212498039	10.6192454158	255.0	10.6086063341	255.0	10.6192454158
4.88126720472	11.0561914264	4.88126720472	11.0670673466	254.0	11.0561914264	254.0	11.0670673466
4.90056075099	10.3360463012	4.90056075099	10.3472297687	253.0	10.3360463012	253.0	10.3472297687
4.92000742063	10.6442507483	4.92000742063	10.6556933102	252.0	10.6442507483	252.0	10.6556933102
4.93960904382	9.96947692689	4.93960904382	9.98123626143	251.0	9.96947692689	251.0	9.98123626143
4.95936748	11.6194300399	4.95936748	11.6313779506	250.0	11.6194300399	250.0	11.6313779506
