Column 1: energy in eV
Column 2: k *1e-3, linear interpolation
Column 3: energy in eV
Column 4: k *1e-3, spline interpolation
Column 5: lambda in nm
Column 6: k *1e-3, linear interpolation
Column 7: lambda in nm
Column 8: k *1e-3, spline interpolation
0.225836406193	8.67550958102	0.225836406193	7.72995873224	5490.0	8.67550958102	5490.0	7.72995873224
0.242156615234	4.7993134369	0.242156615234	3.66257959213	5120.0	4.7993134369	5120.0	3.66257959213
0.257763382536	2.55449837044	0.258300389583	2.20922215906	4810.0	2.55449837044	4800.0	2.20922215906
0.273092922907	1.91449337727	0.273092922907	1.97387482321	4540.0	1.91449337727	4540.0	1.97387482321
0.28700043287	1.81097622953	0.28700043287	1.71734716113	4320.0	1.81097622953	4320.0	1.71734716113
0.306133795062	0.962344193788	0.306133795062	1.02321758095	4050.0	0.962344193788	4050.0	1.02321758095
0.321202556995	0.337868745861	0.321202556995	0.320278790461	3860.0	0.337868745861	3860.0	0.320278790461
0.337831572207	0.355085291815	0.337831572207	0.239135845944	3670.0	0.355085291815	3670.0	0.239135845944
0.353231301994	0.330827739541	0.353231301994	0.324890938301	3510.0	0.330827739541	3510.0	0.324890938301
0.369000556548	0.340111663426	0.369000556548	0.368173971823	3360.0	0.340111663426	3360.0	0.368173971823
0.385044059006	0.370017854154	0.385044059006	0.377943196126	3220.0	0.370017854154	3220.0	0.377943196126
0.401243323625	0.403171420744	0.401243323625	0.401245749706	3090.0	0.403171420744	3090.0	0.401245749706
0.417455175084	0.422892271999	0.417455175084	0.395453408247	2970.0	0.422892271999	2970.0	0.395453408247
0.433511143357	0.448704949411	0.433511143357	0.427381069769	2860.0	0.448704949411	2860.0	0.427381069769
0.449218068841	0.465084522175	0.449218068841	0.557819163691	2760.0	0.465084522175	2760.0	0.557819163691
0.464360250936	0.490413375846	0.464360250936	0.549944081147	2670.0	0.490413375846	2670.0	0.549944081147
0.47870342471	0.128894599232	0.47870342471	0.102182494026	2590.0	0.128894599232	2590.0	0.102182494026
0.498529099316	-0.572454623132	0.498529099316	-0.570576971844	2487.0	-0.572454623132	2487.0	-0.570576971844
0.512967261067	-0.690700652974	0.512967261067	-0.743520978621	2417.0	-0.690700652974	2417.0	-0.743520978621
0.528942777304	-0.48891282715	0.528942777304	-0.545559200646	2344.0	-0.48891282715	2344.0	-0.545559200646
0.545225096746	-0.512548561872	0.545225096746	-0.473771582361	2274.0	-0.512548561872	2274.0	-0.473771582361
0.560760682949	-0.537820622384	0.561014420814	-0.518418558843	2211.0	-0.537820622384	2210.0	-0.518418558843
0.576670637209	-0.416574977496	0.576670637209	-0.438677529837	2150.0	-0.416574977496	2150.0	-0.438677529837
0.592658637667	-0.321209097843	0.592658637667	-0.323126002377	2092.0	-0.321209097843	2092.0	-0.323126002377
0.608362055937	-0.288330143476	0.608362055937	-0.275011062529	2038.0	-0.288330143476	2038.0	-0.275011062529
0.624290971803	-0.241980689199	0.624290971803	-0.245976026324	1986.0	-0.241980689199	1986.0	-0.245976026324
0.640083567372	-0.172050889409	0.640083567372	-0.180940406681	1937.0	-0.172050889409	1937.0	-0.180940406681
0.656000989418	-0.0897299822428	0.656000989418	-0.0928661654433	1890.0	-0.0897299822428	1890.0	-0.0928661654433
0.67200101355	0.00381214040808	0.67200101355	0.00645357310436	1845.0	0.00381214040808	1845.0	0.00645357310436
0.68765494731	0.0851493510985	0.68765494731	0.0891747774421	1803.0	0.0851493510985	1803.0	0.0891747774421
0.703655998865	0.157390632269	0.703655998865	0.162010717682	1762.0	0.157390632269	1762.0	0.162010717682
0.719583209518	0.203530575763	0.719583209518	0.209876512655	1723.0	0.203530575763	1723.0	0.209876512655
0.735374774614	0.224709725576	0.735374774614	0.231103703297	1686.0	0.224709725576	1686.0	0.231103703297
0.750964185342	0.223308450359	0.750964185342	0.229043524904	1651.0	0.223308450359	1651.0	0.229043524904
0.76722887995	0.206792705886	0.76722887995	0.210905309481	1616.0	0.206792705886	1616.0	0.210905309481
0.782728453283	0.164422428396	0.782728453283	0.16771100119	1584.0	0.164422428396	1584.0	0.16771100119
0.798352781713	0.118974892122	0.798352781713	0.120016580619	1553.0	0.118974892122	1553.0	0.120016580619
0.8140787065	0.0740310239454	0.8140787065	0.0746080920054	1523.0	0.0740310239454	1523.0	0.0746080920054
0.829880769746	0.0270306812664	0.829880769746	0.0278664796386	1494.0	0.0270306812664	1494.0	0.0278664796386
0.845731152797	-0.0150342344485	0.845731152797	-0.0160556614155	1466.0	-0.0150342344485	1466.0	-0.0160556614155
0.861599631689	-0.0555669467494	0.861599631689	-0.0573483127137	1439.0	-0.0555669467494	1439.0	-0.0573483127137
0.877453552725	-0.0887131609952	0.877453552725	-0.0894966219542	1413.0	-0.0887131609952	1413.0	-0.0894966219542
0.892614737221	-0.113948715978	0.892614737221	-0.114888013205	1389.0	-0.113948715978	1389.0	-0.114888013205
0.908309062271	-0.124316793668	0.908309062271	-0.1249768278	1365.0	-0.124316793668	1365.0	-0.1249768278
0.923876207154	-0.141315482701	0.923876207154	-0.140861194258	1342.0	-0.141315482701	1342.0	-0.140861194258
0.939986254738	-0.148760902308	0.939986254738	-0.149611726748	1319.0	-0.148760902308	1319.0	-0.149611726748
0.955930508867	-0.15319278281	0.955930508867	-0.155011733281	1297.0	-0.15319278281	1297.0	-0.155011733281
0.970902012529	-0.159501082104	0.970902012529	-0.159239138585	1277.0	-0.159501082104	1277.0	-0.159239138585
0.987135246815	-0.154830576869	0.987135246815	-0.153706859934	1256.0	-0.154830576869	1256.0	-0.153706859934
1.00229738884	-0.154427489204	1.00229738884	-0.15411065024	1237.0	-0.154427489204	1237.0	-0.15411065024
1.01793256979	-0.157222574814	1.01793256979	-0.156854161914	1218.0	-0.157222574814	1218.0	-0.156854161914
1.03320155833	-0.16584291204	1.03320155833	-0.165758501857	1200.0	-0.16584291204	1200.0	-0.165758501857
1.04893559222	-0.164008673845	1.04893559222	-0.164335218402	1182.0	-0.164008673845	1182.0	-0.164335218402
1.0642419485	-0.159777422158	1.0642419485	-0.160064176831	1165.0	-0.159777422158	1165.0	-0.160064176831
1.08000162892	-0.156316403723	1.08000162892	-0.155496103937	1148.0	-0.156316403723	1148.0	-0.155496103937
1.09526666961	-0.15674121173	1.09526666961	-0.156277122478	1132.0	-0.15674121173	1132.0	-0.156277122478
1.11096941756	-0.151266771824	1.11096941756	-0.152089979942	1116.0	-0.151266771824	1116.0	-0.152089979942
1.12712897273	-0.146440145282	1.12712897273	-0.146407695265	1100.0	-0.146440145282	1100.0	-0.146407695265
1.14165918048	-0.144928276797	1.14165918048	-0.144141914739	1086.0	-0.144928276797	1086.0	-0.144141914739
1.15764880486	-0.134704987596	1.15764880486	-0.13394317448	1071.0	-0.134704987596	1071.0	-0.13394317448
1.17298190161	-0.134885737136	1.17298190161	-0.134478490996	1057.0	-0.134885737136	1057.0	-0.134478490996
1.18872662512	-0.136056188372	1.18872662512	-0.135803959009	1043.0	-0.136056188372	1043.0	-0.135803959009
1.20372997087	-0.133666432612	1.20372997087	-0.133926584678	1030.0	-0.133666432612	1030.0	-0.133926584678
1.21911688299	-0.126768684307	1.21911688299	-0.127128531312	1017.0	-0.126768684307	1017.0	-0.127128531312
1.23490226096	-0.12047204919	1.23490226096	-0.12029615662	1004.0	-0.12047204919	1004.0	-0.12029615662
1.24984059476	-0.118158331981	1.24984059476	-0.117639639977	992.0	-0.118158331981	992.0	-0.117639639977
1.26514476531	-0.114228149778	1.26514476531	-0.113410285699	980.0	-0.114228149778	980.0	-0.113410285699
1.2808283781	-0.110217576764	1.2808283781	-0.109801457517	968.0	-0.110217576764	968.0	-0.109801457517
1.29555054336	-0.111044375428	1.29555054336	-0.110916895829	957.0	-0.111044375428	957.0	-0.110916895829
1.31061508457	-0.110729483058	1.31061508457	-0.110881060749	946.0	-0.110729483058	946.0	-0.110881060749
1.32603408556	-0.106441075329	1.32603408556	-0.106079815116	935.0	-0.106441075329	935.0	-0.106079815116
1.34182020563	-0.0988472120681	1.34182020563	-0.0985973217442	924.0	-0.0988472120681	924.0	-0.0985973217442
1.35650095186	-0.0985990897583	1.35650095186	-0.0981191041547	914.0	-0.0985990897583	914.0	-0.0981191041547
1.37150649336	-0.0989346296288	1.37150649336	-0.0985133732205	904.0	-0.0989346296288	904.0	-0.0985133732205
1.38684772931	-0.0971949434293	1.38684772931	-0.0966204816066	894.0	-0.0971949434293	894.0	-0.0966204816066
1.40253605204	-0.0924074298355	1.40253605204	-0.092636642102	884.0	-0.0924074298355	884.0	-0.092636642102
1.41696213714	-0.0957267174465	1.41696213714	-0.0953721577179	875.0	-0.0957267174465	875.0	-0.0953721577179
1.43334320231	-0.0935087670124	1.43334320231	-0.0925179499825	865.0	-0.0935087670124	865.0	-0.0925179499825
1.44841339953	-0.0903333732323	1.44841339953	-0.090825513062	856.0	-0.0903333732323	856.0	-0.090825513062
1.46207767689	-0.0968804476284	1.46207767689	-0.0974038944495	848.0	-0.0968804476284	848.0	-0.0974038944495
1.47776146603	-0.0937885085714	1.47776146603	-0.0921341726736	839.0	-0.0937885085714	839.0	-0.0921341726736
1.49198780987	-0.0908755592122	1.49198780987	-0.0891567855969	831.0	-0.0908755592122	831.0	-0.0891567855969
1.50832344282	-0.0808958718324	1.50832344282	-0.0869585609231	822.0	-0.0808958718324	822.0	-0.0869585609231
1.52314726044	-0.0783908896334	1.52314726044	-0.0841105369746	814.0	-0.0783908896334	814.0	-0.0841105369746
1.53826534739	-0.0430999742882	1.53826534739	-0.0472597625898	806.0	-0.0430999742882	806.0	-0.0472597625898
1.5556359724	0.0384085925253	1.5556359724	0.0399554471832	797.0	0.0384085925253	797.0	0.0399554471832
1.56743599241	0.0722331059806	1.56743599241	0.0782352572491	791.0	0.0722331059806	791.0	0.0782352572491
1.58345066411	0.0945521240511	1.58345066411	0.100715096146	783.0	0.0945521240511	783.0	0.100715096146
1.59773436856	0.0915030564101	1.59773436856	0.0936470282487	776.0	0.0915030564101	776.0	0.0936470282487
1.61227811443	0.091952487756	1.61227811443	0.0902064071235	769.0	0.091952487756	769.0	0.0902064071235
1.62708906824	0.0938734455604	1.62708906824	0.0941060630121	762.0	0.0938734455604	762.0	0.0941060630121
1.64217466225	0.0947946607505	1.64217466225	0.0961273763111	755.0	0.0947946607505	755.0	0.0961273763111
1.65754260695	0.0931412386308	1.65754260695	0.0928128657112	748.0	0.0931412386308	748.0	0.0928128657112
1.67094591644	0.0874924066815	1.67094591644	0.0866442777619	742.0	0.0874924066815	742.0	0.0866442777619
1.68685968707	0.0930649099333	1.68685968707	0.0929217291505	735.0	0.0930649099333	735.0	0.0929217291505
1.7007433059	0.0988881371993	1.7007433059	0.0988838937023	729.0	0.0988881371993	729.0	0.0988838937023
1.71485735823	0.100013593972	1.71485735823	0.101496537093	723.0	0.100013593972	723.0	0.101496537093
1.73162272346	0.102370732828	1.73162272346	0.103724300004	716.0	0.102370732828	716.0	0.103724300004
1.74625615493	0.101750781789	1.74625615493	0.100732268733	710.0	0.101750781789	710.0	0.100732268733
1.75864095035	0.0965493702697	1.75864095035	0.095939958373	705.0	0.0965493702697	705.0	0.095939958373
1.77373658083	0.102048825467	1.77373658083	0.101743494187	699.0	0.102048825467	699.0	0.101743494187
1.7890936075	0.11197237153	1.7890936075	0.112057006836	693.0	0.11197237153	693.0	0.112057006836
1.80209574128	0.113193595283	1.80209574128	0.114747391774	688.0	0.113193595283	688.0	0.114747391774
1.81794995601	0.117174943372	1.81794995601	0.118499121918	682.0	0.117174943372	682.0	0.118499121918
1.83137646972	0.113496807896	1.83137646972	0.11311083606	677.0	0.113496807896	677.0	0.11311083606
1.84775241431	0.112104579609	1.84775241431	0.112060339268	671.0	0.112104579609	671.0	0.112060339268
1.86162442943	0.112535208355	1.86162442943	0.111979382828	666.0	0.112535208355	666.0	0.111979382828
1.87570630862	0.115318143509	1.87570630862	0.114745169509	661.0	0.115318143509	661.0	0.114745169509
1.89000285061	0.116459259746	1.89000285061	0.118336829366	656.0	0.116459259746	656.0	0.118336829366
1.90451900154	0.120245515834	1.90451900154	0.120065661424	651.0	0.120245515834	651.0	0.120065661424
1.91925986068	0.119686116347	1.91925986068	0.118777093762	646.0	0.119686116347	646.0	0.118777093762
1.93423068643	0.120743554246	1.93423068643	0.120961642232	641.0	0.120743554246	641.0	0.120961642232
1.94637656201	0.124149874956	1.94637656201	0.123261036981	637.0	0.124149874956	637.0	0.123261036981
1.96177511076	0.133065577406	1.96177511076	0.133683123282	632.0	0.133065577406	632.0	0.133683123282
1.97427049363	0.132618744398	1.97427049363	0.135065199566	628.0	0.132618744398	628.0	0.135065199566
1.99011536116	0.135673710676	1.99011536116	0.135904212777	623.0	0.135673710676	623.0	0.135904212777
2.00297555735	0.130399549323	2.00297555735	0.128829839186	619.0	0.130399549323	619.0	0.128829839186
2.01928643322	0.130329722282	2.01928643322	0.130687705122	614.0	0.130329722282	614.0	0.130687705122
2.03252765574	0.13664661552	2.03252765574	0.136562956938	610.0	0.13664661552	610.0	0.136562956938
2.04594367987	0.141795278392	2.04594367987	0.141460467388	606.0	0.141795278392	606.0	0.141460467388
2.05953799003	0.140407109241	2.05953799003	0.141555901934	602.0	0.140407109241	602.0	0.141555901934
2.07331416388	0.141306738741	2.07331416388	0.141850676527	598.0	0.141306738741	598.0	0.141850676527
2.08727587542	0.146265654921	2.08727587542	0.146248026504	594.0	0.146265654921	594.0	0.146248026504
2.10142689831	0.149264127686	2.10142689831	0.147648270042	590.0	0.149264127686	590.0	0.147648270042
2.11577110922	0.148386714003	2.11577110922	0.148763399763	586.0	0.148386714003	586.0	0.148763399763
2.13031249141	0.156913823169	2.13031249141	0.15864851617	582.0	0.156913823169	582.0	0.15864851617
2.14505513841	0.169080911219	2.14505513841	0.169287574969	578.0	0.169080911219	578.0	0.169287574969
2.15624673043	0.161014517176	2.15624673043	0.162694411064	575.0	0.161014517176	575.0	0.162694411064
2.17135178634	0.152121877326	2.17135178634	0.153223647072	571.0	0.152121877326	571.0	0.153223647072
2.18282019366	0.147647055507	2.18282019366	0.146231891987	568.0	0.147647055507	568.0	0.146231891987
2.19830118794	0.149018198309	2.19830118794	0.147336886232	564.0	0.149018198309	564.0	0.147336886232
2.21005680927	0.14630395038	2.21005680927	0.145030092626	561.0	0.14630395038	561.0	0.145030092626
2.22592795332	0.158663133011	2.22592795332	0.157829873631	557.0	0.158663133011	557.0	0.157829873631
2.2379817148	0.170348606019	2.2379817148	0.172273663549	554.0	0.170348606019	554.0	0.172273663549
2.25425794545	0.189638055675	2.25425794545	0.191217913571	550.0	0.189638055675	550.0	0.191217913571
2.26662133455	0.18611881158	2.26662133455	0.185658325358	547.0	0.18611881158	547.0	0.185658325358
2.27912108456	0.177702722157	2.27912108456	0.179164783991	544.0	0.177702722157	544.0	0.179164783991
2.29175946396	0.186755527307	2.29175946396	0.18441238693	541.0	0.186755527307	541.0	0.18441238693
2.30453879182	0.192526232666	2.30453879182	0.192618420704	538.0	0.192526232666	538.0	0.192618420704
2.32180125468	0.195503912307	2.32180125468	0.198361904201	534.0	0.195503912307	534.0	0.198361904201
2.33491877589	0.199452164633	2.33491877589	0.197697619564	531.0	0.199452164633	531.0	0.197697619564
2.34818535985	0.201666934607	2.34818535985	0.201810113496	528.0	0.201666934607	528.0	0.201810113496
2.35711382129	0.2030401019	2.35711382129	0.201781868185	526.0	0.2030401019	526.0	0.201781868185
2.37063455067	0.208843639622	2.37063455067	0.211000234911	523.0	0.208843639622	523.0	0.211000234911
2.38431128846	0.217773668889	2.38431128846	0.21977062127	520.0	0.217773668889	520.0	0.21977062127
2.39814675048	0.225842464872	2.39814675048	0.221760963657	517.0	0.225842464872	517.0	0.221760963657
2.41214371595	0.224488971508	2.41214371595	0.223659154125	514.0	0.224488971508	514.0	0.223659154125
2.42630502935	0.243459938302	2.42630502935	0.244206323696	511.0	0.243459938302	511.0	0.244206323696
2.4358386444	0.25710783667	2.4358386444	0.258686501247	509.0	0.25710783667	509.0	0.258686501247
2.45028037549	0.264114940841	2.45028037549	0.268069602207	506.0	0.264114940841	506.0	0.268069602207
2.46489437376	0.250749969108	2.46489437376	0.2509279094	503.0	0.250749969108	503.0	0.2509279094
2.47473427146	0.24048656723	2.47473427146	0.238248420748	501.0	0.24048656723	501.0	0.238248420748
2.48964230924	0.251603455274	2.48964230924	0.248754062043	498.0	0.251603455274	498.0	0.248754062043
2.50473105051	0.268533763492	2.50473105051	0.268407140337	495.0	0.268533763492	495.0	0.268407140337
2.51489223124	0.272069996937	2.51489223124	0.272456755848	493.0	0.272069996937	493.0	0.272456755848
2.53028953061	0.28371192133	2.53028953061	0.284223823415	490.0	0.28371192133	490.0	0.284223823415
2.54065956967	0.295399615726	2.54065956967	0.293665298054	488.0	0.295399615726	488.0	0.293665298054
2.55111495885	0.310136147446	2.55111495885	0.30666104105	486.0	0.310136147446	486.0	0.30666104105
2.56696039337	0.342977058789	2.56696039337	0.343556340272	483.0	0.342977058789	483.0	0.343556340272
2.57763382536	0.368572198677	2.57763382536	0.372889299156	481.0	0.368572198677	481.0	0.372889299156
2.59381144351	0.409278326596	2.59381144351	0.41135842643	478.0	0.409278326596	478.0	0.41135842643
2.60470981092	0.410390531615	2.60470981092	0.407724477593	476.0	0.410390531615	476.0	0.407724477593
2.61570014768	0.405731177412	2.61570014768	0.406728948405	474.0	0.405731177412	474.0	0.406728948405
2.62678362288	0.433308406125	2.62678362288	0.431191814491	472.0	0.433308406125	472.0	0.431191814491
2.63796142553	0.466662581603	2.63796142553	0.461958016287	470.0	0.466662581603	470.0	0.461958016287
2.65490764454	0.48181957021	2.65490764454	0.487396334195	467.0	0.48181957021	467.0	0.487396334195
2.66632660215	0.504441671716	2.66632660215	0.504387752535	465.0	0.504441671716	465.0	0.504387752535
2.67784421166	0.536614621845	2.67784421166	0.53238739227	463.0	0.536614621845	463.0	0.53238739227
2.68946175705	0.55640944993	2.68946175705	0.559318539867	461.0	0.55640944993	461.0	0.559318539867
2.70118054466	0.584826639255	2.70118054466	0.584738989785	459.0	0.584826639255	459.0	0.584738989785
2.71300190372	0.613919943124	2.71300190372	0.612113534602	457.0	0.613919943124	457.0	0.612113534602
2.72492718681	0.641606188354	2.72492718681	0.642399217624	455.0	0.641606188354	455.0	0.642399217624
2.73695777042	0.676620556459	2.73695777042	0.675908071858	453.0	0.676620556459	453.0	0.675908071858
2.74909505543	0.711416042244	2.74909505543	0.711001845817	451.0	0.711416042244	451.0	0.711001845817
2.76134046771	0.746864407328	2.76134046771	0.746616048783	449.0	0.746864407328	449.0	0.746616048783
2.77369545861	0.788872988483	2.77369545861	0.786642070219	447.0	0.788872988483	447.0	0.786642070219
2.78616150562	0.825223243458	2.78616150562	0.83199664804	445.0	0.825223243458	445.0	0.83199664804
2.79874011287	0.869194607837	2.79874011287	0.869723704768	443.0	0.869194607837	443.0	0.869723704768
2.81143281179	0.902468067321	2.81143281179	0.890182006932	441.0	0.902468067321	441.0	0.890182006932
2.82424116173	0.927020987261	2.81782243182	0.900590446974	439.0	0.927020987261	440.0	0.900590446974
2.83068920091	0.957602935537	2.83068920091	0.962002002465	438.0	0.957602935537	438.0	0.962002002465
2.84367401376	1.02796792767	2.84367401376	1.02571043382	436.0	1.02796792767	436.0	1.02571043382
2.8567785023	1.05536916682	2.8567785023	1.05608341286	434.0	1.05536916682	434.0	1.05608341286
2.8700043287	1.10028883554	2.8700043287	1.09836180789	432.0	1.10028883554	432.0	1.09836180789
2.87666327146	1.13624417487	2.87666327146	1.1329419184	431.0	1.13624417487	431.0	1.1329419184
2.89007428904	1.21905322411	2.89007428904	1.22480647771	429.0	1.21905322411	429.0	1.22480647771
2.90361093677	1.27247922166	2.90361093677	1.27769073842	427.0	1.27247922166	427.0	1.27769073842
2.91042692488	1.2834867772	2.91042692488	1.28417081117	426.0	1.2834867772	426.0	1.28417081117
2.92415535377	1.31476241198	2.92415535377	1.30722797503	424.0	1.31476241198	424.0	1.30722797503
2.93801390995	1.367523038	2.93801390995	1.36436011324	422.0	1.367523038	422.0	1.36436011324
2.94499256532	1.40443932586	2.94499256532	1.40237958017	421.0	1.40443932586	421.0	1.40237958017
2.95904980907	1.49828443223	2.95904980907	1.49866724622	419.0	1.49828443223	419.0	1.49866724622
2.9661288756	1.53524060327	2.9661288756	1.53783997362	418.0	1.53524060327	418.0	1.53783997362
2.98038911058	1.61708404556	2.98038911058	1.61770781598	416.0	1.61708404556	416.0	1.61770781598
2.98757077108	1.65349033789	2.98757077108	1.65283941985	415.0	1.65349033789	415.0	1.65283941985
3.00203842615	1.73495232249	3.00203842615	1.73551079144	413.0	1.73495232249	413.0	1.73551079144
3.00932492718	1.7721665422	3.00932492718	1.77263453996	412.0	1.7721665422	412.0	1.77263453996
3.02400456098	1.8569317845	3.02400456098	1.85611692235	410.0	1.8569317845	410.0	1.85611692235
3.03139821516	1.89399893358	3.03139821516	1.89337081741	409.0	1.89399893358	409.0	1.89337081741
3.04629452088	1.98981287702	3.04629452088	1.98830737696	407.0	1.98981287702	407.0	1.98830737696
3.05379770936	2.04050171859	3.05379770936	2.03835772544	406.0	2.04050171859	406.0	2.03835772544
3.06133795062	2.09770167358	3.06133795062	2.09510188949	405.0	2.09770167358	405.0	2.09510188949
3.07653069479	2.24613432358	3.07653069479	2.24401845838	403.0	2.24613432358	403.0	2.24401845838
3.08418375622	2.32492133842	3.08418375622	2.32548965428	402.0	2.32492133842	402.0	2.32548965428
3.099604675	2.49691951336	3.099604675	2.50049592498	400.0	2.49691951336	400.0	2.50049592498
3.10737310777	2.57284202742	3.10737310777	2.57329096114	399.0	2.57284202742	399.0	2.57329096114
3.11518057789	2.64690626132	3.11518057789	2.64262487605	398.0	2.64690626132	398.0	2.64262487605
3.13091381313	2.82989258292	3.13091381313	2.82564339531	396.0	2.82989258292	396.0	2.82564339531
3.13884017722	2.9452524306	3.13884017722	2.94379608501	395.0	2.9452524306	395.0	2.94379608501
3.14680677665	3.07230627322	3.14680677665	3.07176453677	394.0	3.07230627322	394.0	3.07176453677
3.15481391858	3.18593505092	3.15481391858	3.19565595333	393.0	3.18593505092	393.0	3.19565595333
3.16286191327	3.30468550389	3.17095107417	3.45597348424	392.0	3.30468550389	391.0	3.45597348424
3.17908171795	3.61019214438	3.17908171795	3.59845050864	390.0	3.61019214438	390.0	3.59845050864
