Column 1: energy in eV
Column 2: alpha *1e3 in 1/cm, linear interpolation
Column 3: energy in eV
Column 4: alpha *1e3 in 1/cm, spline interpolation
Column 5: lambda in nm
Column 6: alpha *1e3 in 1/cm, linear interpolation
Column 7: lambda in nm
Column 8: alpha *1e3 in 1/cm, spline interpolation
0.16143774349	0.0835336101786	0.160601278497	0.0561475657117	7680.0	0.0835336101786	7720.0	0.0561475657117
0.191333621914	0.0034283285001	0.191333621914	0.00942099076016	6480.0	0.0034283285001	6480.0	0.00942099076016
0.223394931532	0.00430061275323	0.223394931532	-0.00192342967937	5550.0	0.00430061275323	5550.0	-0.00192342967937
0.254587652977	-0.00209880746478	0.254587652977	-0.0066046238957	4870.0	-0.00209880746478	4870.0	-0.0066046238957
0.282424116173	-0.0285987848785	0.282424116173	-0.0262365222304	4390.0	-0.0285987848785	4390.0	-0.0262365222304
0.317095107417	0.00478833836184	0.317095107417	0.00195468843531	3910.0	0.00478833836184	3910.0	0.00195468843531
0.348270188202	0.0136362985532	0.348270188202	0.0110235373001	3560.0	0.0136362985532	3560.0	0.0110235373001
0.380319592025	0.0208763711801	0.380319592025	0.0216952074822	3260.0	0.0208763711801	3260.0	0.0216952074822
0.411907598007	0.0322543150917	0.411907598007	0.0351917935812	3010.0	0.0322543150917	3010.0	0.0351917935812
0.442800667857	0.0353718872077	0.442800667857	0.0383152850833	2800.0	0.0353718872077	2800.0	0.0383152850833
0.475035199234	0.0210066246678	0.475035199234	0.0207379757963	2610.0	0.0210066246678	2610.0	0.0207379757963
0.506057906122	-0.0106616701171	0.506057906122	-0.0109187266018	2450.0	-0.0106616701171	2450.0	-0.0109187266018
0.53789235141	-0.0200173415819	0.53789235141	-0.0247587015417	2305.0	-0.0200173415819	2305.0	-0.0247587015417
0.568995810005	-0.0126495031378	0.568995810005	-0.0209394887993	2179.0	-0.0126495031378	2179.0	-0.0209394887993
0.600117071636	0.00592846785755	0.600117071636	-0.00263722218814	2066.0	0.00592846785755	2066.0	-0.00263722218814
0.631284047862	0.0580619208938	0.631284047862	0.0484958926468	1964.0	0.0580619208938	1964.0	0.0484958926468
0.662308691239	0.153500492385	0.662308691239	0.149397464532	1872.0	0.153500492385	1872.0	0.149397464532
0.693423864653	0.274978372954	0.693423864653	0.280908955379	1788.0	0.274978372954	1788.0	0.280908955379
0.725477981276	0.370450717669	0.725477981276	0.386301676946	1709.0	0.370450717669	1709.0	0.386301676946
0.757386603543	0.402520207068	0.757386603543	0.417619406142	1637.0	0.402520207068	1637.0	0.417619406142
0.789205518778	0.380563015773	0.789205518778	0.38764594898	1571.0	0.380563015773	1571.0	0.38764594898
0.820543924553	0.331133146054	0.820543924553	0.331541969633	1511.0	0.331133146054	1511.0	0.331541969633
0.851539745879	0.274961559764	0.851539745879	0.27386898814	1456.0	0.274961559764	1456.0	0.27386898814
0.882449729537	0.225245079089	0.882449729537	0.223398608777	1405.0	0.225245079089	1405.0	0.223398608777
0.913663868828	0.176791192543	0.913663868828	0.175905273432	1357.0	0.176791192543	1357.0	0.175905273432
0.945001425305	0.132868423929	0.945001425305	0.131676073363	1312.0	0.132868423929	1312.0	0.131676073363
0.97548534225	0.0930655515294	0.97548534225	0.0903801968648	1271.0	0.0930655515294	1271.0	0.0903801968648
1.00636515422	0.0601739255351	1.00636515422	0.0569893640921	1232.0	0.0601739255351	1232.0	0.0569893640921
1.03752457741	0.0397804796723	1.03752457741	0.0363661928722	1195.0	0.0397804796723	1195.0	0.0363661928722
1.06790858742	0.0300749335244	1.06790858742	0.0274283158646	1161.0	0.0300749335244	1161.0	0.0274283158646
1.09817703277	0.0265783979621	1.09817703277	0.0253785444543	1129.0	0.0265783979621	1129.0	0.0253785444543
1.12815456779	0.027732737286	1.12815456779	0.0267522421741	1099.0	0.027732737286	1099.0	0.0267522421741
1.15873071963	0.0294758828298	1.15873071963	0.0284803885649	1070.0	0.0294758828298	1070.0	0.0284803885649
1.18986743762	0.0342129069301	1.18986743762	0.033001445115	1042.0	0.0342129069301	1042.0	0.033001445115
1.21911688299	0.0381832196294	1.21911688299	0.0373757287895	1017.0	0.0381832196294	1017.0	0.0373757287895
1.24984059476	0.0463702315553	1.24984059476	0.0459820608161	992.0	0.0463702315553	992.0	0.0459820608161
1.27950657379	0.052843097838	1.27950657379	0.0525414910269	969.0	0.052843097838	969.0	0.0525414910269
1.31061508457	0.0584543960986	1.31061508457	0.0581609282753	946.0	0.0584543960986	946.0	0.0581609282753
1.33892210583	0.0602926968777	1.33892210583	0.0595176349697	926.0	0.0602926968777	926.0	0.0595176349697
1.36999101657	0.0668477519605	1.36999101657	0.0657211096202	905.0	0.0668477519605	905.0	0.0657211096202
1.40095126554	0.0740113652573	1.40095126554	0.073183381297	885.0	0.0740113652573	885.0	0.073183381297
1.43003675894	0.0794581575764	1.43003675894	0.0795858869028	867.0	0.0794581575764	867.0	0.0795858869028
1.45863749412	0.0854949893332	1.45863749412	0.0843128117732	850.0	0.0854949893332	850.0	0.0843128117732
1.48840560624	0.0961531784516	1.48840560624	0.0909020926211	833.0	0.0961531784516	833.0	0.0909020926211
1.51755430845	0.110603778519	1.51755430845	0.108021944979	817.0	0.110603778519	817.0	0.108021944979
1.54786750312	0.150051518253	1.54786750312	0.149190592551	801.0	0.150051518253	801.0	0.149190592551
1.57740695929	0.206784496714	1.57740695929	0.192877634407	786.0	0.206784496714	786.0	0.192877634407
1.60601278497	0.292011445293	1.60601278497	0.264210842907	772.0	0.292011445293	772.0	0.264210842907
1.63352025033	0.441139566286	1.63352025033	0.430380233024	759.0	0.441139566286	759.0	0.430380233024
1.66198642091	0.735540967478	1.66198642091	0.748750274526	746.0	0.735540967478	746.0	0.748750274526
1.69377304645	1.06886707203	1.69377304645	1.11294699234	732.0	1.06886707203	732.0	1.11294699234
1.72679926184	1.11638389836	1.72679926184	1.17904739017	718.0	1.11638389836	718.0	1.17904739017
1.75614995751	0.980788950079	1.75614995751	0.995456575254	706.0	0.980788950079	706.0	0.995456575254
1.78394513669	0.824661014463	1.78394513669	0.80974838952	695.0	0.824661014463	695.0	0.80974838952
1.81263431287	0.697445664833	1.81263431287	0.698060972605	684.0	0.697445664833	684.0	0.698060972605
1.83952799703	0.62038142975	1.83952799703	0.62004505388	674.0	0.62038142975	674.0	0.62004505388
1.86723173193	0.505666296536	1.86723173193	0.505116900544	664.0	0.505666296536	664.0	0.505116900544
1.89868586524	0.369457943874	1.89868586524	0.363749976164	653.0	0.369457943874	653.0	0.363749976164
1.92522029503	0.307619677174	1.92522029503	0.29407029796	644.0	0.307619677174	644.0	0.29407029796
1.95250688189	0.29638492026	1.95250688189	0.285716359437	635.0	0.29638492026	635.0	0.285716359437
1.98057806709	0.307094415289	1.98057806709	0.305785888181	626.0	0.307094415289	626.0	0.305785888181
2.00946818476	0.326191531201	2.00946818476	0.327032226671	617.0	0.326191531201	617.0	0.327032226671
2.03586513957	0.341870300423	2.03586513957	0.341615024044	609.0	0.341870300423	609.0	0.341615024044
2.06296484193	0.357494261865	2.06296484193	0.357653372287	601.0	0.357494261865	601.0	0.357653372287
2.09079573356	0.371724642511	2.09079573356	0.372478613412	593.0	0.371724642511	593.0	0.372478613412
2.11938781197	0.381818116252	2.11938781197	0.382336144594	585.0	0.381818116252	585.0	0.382336144594
2.14505513841	0.383527431158	2.14505513841	0.383789505095	578.0	0.383527431158	578.0	0.383789505095
2.17135178634	0.38463298842	2.17135178634	0.384229745567	571.0	0.38463298842	571.0	0.384229745567
2.19830118794	0.386267953848	2.19830118794	0.385311162544	564.0	0.386267953848	564.0	0.385311162544
2.22592795332	0.388660405232	2.22592795332	0.387792999934	557.0	0.388660405232	557.0	0.387792999934
2.25425794545	0.393768697181	2.25425794545	0.392792061831	550.0	0.393768697181	550.0	0.392792061831
2.27912108456	0.398530757899	2.27912108456	0.397238025354	544.0	0.398530757899	544.0	0.397238025354
2.30453879182	0.404940697481	2.30453879182	0.404320194103	538.0	0.404940697481	538.0	0.404320194103
2.33052983083	0.413772617073	2.33052983083	0.413752289168	532.0	0.413772617073	532.0	0.413752289168
2.35711382129	0.42432354781	2.35711382129	0.423298273426	526.0	0.42432354781	526.0	0.423298273426
2.38431128846	0.43315630237	2.38431128846	0.431905093264	520.0	0.43315630237	520.0	0.431905093264
2.40745994175	0.440678607021	2.40745994175	0.439538064721	515.0	0.440678607021	515.0	0.439538064721
2.4358386444	0.463048458894	2.4358386444	0.460944148189	509.0	0.463048458894	509.0	0.460944148189
2.46000371032	0.481009019115	2.46000371032	0.479821083842	504.0	0.481009019115	504.0	0.479821083842
2.48465304609	0.502453617395	2.48465304609	0.501692942242	499.0	0.502453617395	499.0	0.501692942242
2.50980135628	0.531504520955	2.50980135628	0.528726162723	494.0	0.531504520955	494.0	0.528726162723
2.53546394683	0.566127751153	2.53546394683	0.563366193133	489.0	0.566127751153	489.0	0.563366193133
2.5616567562	0.611862196766	2.5616567562	0.610421508862	484.0	0.611862196766	484.0	0.610421508862
2.58300389583	0.655977707828	2.58300389583	0.653479249135	480.0	0.655977707828	480.0	0.653479249135
2.61019341053	0.722364478714	2.61019341053	0.71988932059	475.0	0.722364478714	475.0	0.71988932059
2.63236065817	0.779632210555	2.63236065817	0.778143662041	471.0	0.779632210555	471.0	0.778143662041
2.65490764454	0.851804283021	2.65490764454	0.848963946304	467.0	0.851804283021	467.0	0.848963946304
2.68364041126	0.961992638031	2.68364041126	0.959195013194	462.0	0.961992638031	462.0	0.959195013194
2.70707831878	1.05450562512	2.70707831878	1.05482904223	458.0	1.05450562512	458.0	1.05482904223
2.73092922907	1.16208518644	2.73092922907	1.16020715895	454.0	1.16208518644	454.0	1.16020715895
2.74909505543	1.24422806905	2.74909505543	1.24276179446	451.0	1.24422806905	451.0	1.24276179446
2.77369545861	1.37457397201	2.77369545861	1.37376471943	447.0	1.37457397201	447.0	1.37376471943
2.79874011287	1.52409376426	2.79874011287	1.52409796904	443.0	1.52409376426	443.0	1.52409796904
2.81782243182	1.63962955484	2.81782243182	1.64047306101	440.0	1.63962955484	440.0	1.64047306101
2.84367401376	1.80275620738	2.84367401376	1.805381362	436.0	1.80275620738	436.0	1.805381362
2.86337614319	1.9291219412	2.86337614319	1.9295452189	433.0	1.9291219412	433.0	1.9295452189
2.89007428904	2.11121808223	2.89007428904	2.11239882077	429.0	2.11121808223	429.0	2.11239882077
2.91042692488	2.25479282925	2.91042692488	2.2563401288	426.0	2.25479282925	426.0	2.2563401288
2.93106825059	2.40668378716	2.93106825059	2.40843770272	423.0	2.40668378716	423.0	2.40843770272
2.95200445238	2.56474811779	2.95200445238	2.56602938189	420.0	2.56474811779	420.0	2.56602938189
2.97324189448	2.72921893784	2.97324189448	2.73209733775	417.0	2.72921893784	417.0	2.73209733775
2.9947871256	2.91083545174	2.9947871256	2.91147996241	414.0	2.91083545174	414.0	2.91147996241
3.01664688564	3.10275382603	3.01664688564	3.10417760117	411.0	3.10275382603	411.0	3.10417760117
3.03882811275	3.3099380983	3.03882811275	3.31236011771	408.0	3.3099380983	408.0	3.31236011771
3.06133795062	3.54050326031	3.06133795062	3.54268775309	405.0	3.54050326031	405.0	3.54268775309
3.07653069479	3.70325712073	3.07653069479	3.70409545071	403.0	3.70325712073	403.0	3.70409545071
3.099604675	3.96963446331	3.099604675	3.97310978981	400.0	3.96963446331	400.0	3.97310978981
3.12302738035	4.27876772161	3.12302738035	4.27971155162	397.0	4.27876772161	397.0	4.27971155162
3.13884017722	4.50724806426	3.13884017722	4.50911730557	395.0	4.50724806426	395.0	4.50911730557
3.16286191327	4.9084744917	3.16286191327	4.91301331382	392.0	4.9084744917	392.0	4.91301331382
3.17908171795	5.20580029522	3.17908171795	5.21314157495	390.0	5.20580029522	390.0	5.21314157495
3.19546873711	5.53195698131	3.19546873711	5.53990305356	388.0	5.53195698131	388.0	5.53990305356
3.21202556995	5.92356200738	3.21202556995	5.92504351022	386.0	5.92356200738	386.0	5.92504351022
3.22036849351	6.12118637695	3.22036849351	6.12273028216	385.0	6.12118637695	385.0	6.12273028216
3.22875486979	6.29291569096	3.22875486979	6.29450952127	384.0	6.29291569096	384.0	6.29450952127
3.23718503916	6.48069345207	3.23718503916	6.48234384127	383.0	6.48069345207	383.0	6.48234384127
3.24565934555	6.72018000544	3.24565934555	6.72190713865	382.0	6.72018000544	382.0	6.72190713865
3.25417813648	6.96821467436	3.25417813648	6.97002124474	381.0	6.96821467436	381.0	6.97002124474
3.26274176316	7.19673287663	3.26274176316	7.19861083095	380.0	7.19673287663	380.0	7.19861083095
3.27135058047	7.43359490614	3.27135058047	7.43554580046	379.0	7.43359490614	379.0	7.43554580046
3.28000494709	7.70423853983	3.28000494709	7.70627594997	378.0	7.70423853983	378.0	7.70627594997
3.28870522546	7.99625663979	3.28870522546	7.99838791806	377.0	7.99625663979	377.0	7.99838791806
3.29745178191	8.28757809841	3.29745178191	8.28980340778	376.0	8.28757809841	376.0	8.28980340778
3.30624498667	8.58298854397	3.30624498667	8.58530870813	375.0	8.58298854397	375.0	8.58530870813
3.3150852139	8.90542205236	3.3150852139	8.90784575221	374.0	8.90542205236	374.0	8.90784575221
3.32397284182	9.23780906707	3.32397284182	9.24034105659	373.0	9.23780906707	373.0	9.24034105659
3.33290825269	9.58956162575	3.33290825269	9.59220775881	372.0	9.58956162575	372.0	9.59220775881
3.34189183288	9.94967520125	3.34189183288	9.95243927114	371.0	9.94967520125	371.0	9.95243927114
3.35092397297	10.3307000601	3.35092397297	10.3335890064	370.0	10.3307000601	370.0	10.3335890064
3.36000506775	10.7319791302	3.36000506775	10.7350013802	369.0	10.7319791302	369.0	10.7350013802
3.3691355163	11.126958783	3.3691355163	11.1301095036	368.0	11.126958783	368.0	11.1301095036
3.37831572207	11.5390691058	3.37831572207	11.5423542396	367.0	11.5390691058	367.0	11.5423542396
3.3875460929	11.9991943969	3.3875460929	12.0026326211	366.0	11.9991943969	366.0	12.0026326211
3.3968270411	12.4803360078	3.3968270411	12.4839346915	365.0	12.4803360078	365.0	12.4839346915
3.40615898352	12.9504213746	3.40615898352	12.9541756666	364.0	12.9504213746	364.0	12.9541756666
3.4155423416	13.4152511018	3.4155423416	13.4191562518	363.0	13.4152511018	363.0	13.4191562518
3.42497754144	13.9067740872	3.42497754144	13.9108421345	362.0	13.9067740872	362.0	13.9108421345
3.43446501385	14.3706251551	3.43446501385	14.3748417887	361.0	14.3706251551	361.0	14.3748417887
3.44400519444	14.9783462317	3.44400519444	14.9827692617	360.0	14.9783462317	360.0	14.9827692617
3.45359852368	15.6174064974	3.45359852368	15.6220408373	359.0	15.6174064974	359.0	15.6220408373
3.46324544693	16.2858145977	3.46324544693	16.2906774256	358.0	16.2858145977	358.0	16.2906774256
3.47294641457	16.9687944463	3.47294641457	16.9738906147	357.0	16.9687944463	357.0	16.9738906147
3.48270188202	17.5379180797	3.48270188202	17.5432006684	356.0	17.5379180797	356.0	17.5432006684
3.49251230986	18.4354666018	3.49251230986	18.4410690815	355.0	18.4354666018	355.0	18.4410690815
3.50237816384	19.4529238985	3.50237816384	19.4588944148	354.0	19.4529238985	354.0	19.4588944148
3.51229991501	20.0455266771	3.51229991501	20.0516880874	353.0	20.0455266771	353.0	20.0516880874
3.52227803977	20.8022444226	3.52227803977	20.8086618564	352.0	20.8022444226	352.0	20.8086618564
3.53231301994	23.1910091597	3.53231301994	23.1983577805	351.0	23.1910091597	351.0	23.1983577805
3.54240534286	23.8176915241	3.54240534286	23.8252403684	350.0	23.8176915241	350.0	23.8252403684
3.55255550143	22.9525258694	3.55255550143	22.9596546591	349.0	22.9525258694	349.0	22.9596546591
3.56276399425	24.2670918931	3.56276399425	24.2746971139	348.0	24.2670918931	348.0	24.2746971139
3.57303132565	25.7570082702	3.57303132565	25.7651796026	347.0	25.7570082702	347.0	25.7651796026
3.58335800578	23.5963733216	3.58335800578	23.6035708089	346.0	23.5963733216	346.0	23.6035708089
3.59374455072	23.8983678975	3.59374455072	23.905624875	345.0	23.8983678975	345.0	23.905624875
3.60419148256	24.8829775106	3.60419148256	24.8905708627	344.0	24.8829775106	344.0	24.8905708627
3.61469932945	21.810512573	3.61469932945	21.8167606187	343.0	21.810512573	343.0	21.8167606187
3.62526862573	21.7555314335	3.62526862573	21.7616832702	342.0	21.7555314335	342.0	21.7616832702
3.63589991202	25.668386672	3.63589991202	25.6760856272	341.0	25.668386672	341.0	25.6760856272
3.64659373529	23.9750229386	3.64659373529	23.9819397045	340.0	23.9750229386	340.0	23.9819397045
3.65735064897	23.4263917921	3.65735064897	23.4329949287	339.0	23.4263917921	339.0	23.4329949287
3.66817121302	22.63439495	3.66817121302	22.6405873543	338.0	22.63439495	338.0	22.6405873543
3.67905599407	23.3465070297	3.67905599407	23.3529097955	337.0	23.3465070297	337.0	23.3529097955
3.69000556548	22.9448146314	3.69000556548	22.9509618562	336.0	22.9448146314	336.0	22.9509618562
3.70102050746	22.4453143402	3.70102050746	22.4511632561	335.0	22.4453143402	335.0	22.4511632561
3.71210140719	22.9842586383	3.71210140719	22.9902373737	334.0	22.9842586383	334.0	22.9902373737
3.72324885886	21.1942154703	3.72324885886	21.199355707	333.0	21.1942154703	333.0	21.199355707
3.73446346386	23.0684333053	3.73446346386	23.0742529302	332.0	23.0684333053	332.0	23.0742529302
3.74574583082	26.1327406822	3.74574583082	26.1396829156	331.0	26.1327406822	331.0	26.1396829156
3.75709657576	22.5454747881	3.75709657576	22.55087115	330.0	22.5454747881	330.0	22.55087115
3.76851632219	25.108579552	3.76851632219	25.1149166516	329.0	25.108579552	329.0	25.1149166516
3.78000570122	23.2338294951	3.78000570122	23.2392893887	328.0	23.2338294951	328.0	23.2392893887
3.79156535168	27.8590321034	3.79156535168	27.8663273247	327.0	27.8590321034	327.0	27.8663273247
3.80319592025	20.7821983874	3.80319592025	20.7864145177	326.0	20.7821983874	326.0	20.7864145177
3.81489806154	22.6837307558	3.81489806154	22.6886146389	325.0	22.6837307558	325.0	22.6886146389
3.82667243827	22.1180482987	3.82667243827	22.1225738758	324.0	22.1180482987	324.0	22.1225738758
3.83851972136	23.0772414798	3.83851972136	23.0820314767	323.0	23.0772414798	323.0	23.0820314767
3.85044059006	23.3881040284	3.85044059006	23.3928939012	322.0	23.3881040284	322.0	23.3928939012
3.86243573209	24.7149313396	3.86243573209	24.7201346654	321.0	24.7149313396	321.0	24.7201346654
3.87450584375	24.2592350483	3.87450584375	24.2641178838	320.0	24.2592350483	320.0	24.2641178838
3.88665163009	24.064514691	3.88665163009	24.0691848848	319.0	24.064514691	319.0	24.0691848848
3.89887380503	23.3230816061	3.89887380503	23.327302003	318.0	23.3230816061	318.0	23.327302003
3.91117309148	23.3193301384	3.91117309148	23.3234146705	317.0	23.3193301384	317.0	23.3234146705
3.92355022152	21.8561326629	3.92355022152	21.8594732024	316.0	21.8561326629	316.0	21.8594732024
3.93600593651	21.5232261994	3.93600593651	21.5262934773	315.0	21.5232261994	315.0	21.5262934773
3.94854098726	22.101373184	3.94854098726	22.1045481117	314.0	22.101373184	314.0	22.1045481117
3.96115613419	26.7681201431	3.96115613419	26.7730818845	313.0	26.7681201431	313.0	26.7730818845
3.97385214744	24.936415934	3.97385214744	24.9405177681	312.0	24.936415934	312.0	24.9405177681
3.98662980707	21.7380556352	3.98662980707	21.7407018464	311.0	21.7380556352	311.0	21.7407018464
3.99948990323	24.7292172103	3.99948990323	24.7329706173	310.0	24.7292172103	310.0	24.7329706173
4.01243323625	22.9671968459	4.01243323625	22.9700793479	309.0	22.9671968459	309.0	22.9700793479
4.02546061688	22.7081957241	4.02546061688	22.7108188859	308.0	22.7081957241	308.0	22.7108188859
4.03857286645	22.5335047265	4.03857286645	22.5358784698	307.0	22.5335047265	307.0	22.5358784698
4.05177081699	22.530065925	4.05177081699	22.5322490878	306.0	22.530065925	306.0	22.5322490878
4.06505531148	22.4911485967	4.06505531148	22.4931068615	305.0	22.4911485967	305.0	22.4931068615
4.07842720395	21.59041417	4.07842720395	21.5917702638	304.0	21.59041417	304.0	21.5917702638
4.09188735974	21.6273308428	4.09188735974	21.6284564265	303.0	21.6273308428	303.0	21.6284564265
4.10543665563	23.7540395335	4.10543665563	23.7557895525	302.0	23.7540395335	302.0	23.7557895525
4.11907598007	22.7105224804	4.11907598007	22.7115707705	301.0	22.7105224804	301.0	22.7115707705
4.13280623333	23.2369780307	4.13280623333	23.2379653802	300.0	23.2369780307	300.0	23.2379653802
4.14662832776	23.3900403799	4.14662832776	23.3908075509	299.0	23.3900403799	299.0	23.3908075509
4.16054318792	29.1562135544	4.16054318792	29.1588982446	298.0	29.1562135544	298.0	29.1588982446
4.17455175084	24.2069645291	4.17455175084	24.2074950995	297.0	24.2069645291	297.0	24.2074950995
4.18865496622	22.5546029865	4.18865496622	22.5541607555	296.0	22.5546029865	296.0	22.5541607555
4.20285379661	22.5909618589	4.20285379661	22.5902359361	295.0	22.5909618589	295.0	22.5902359361
4.21714921769	23.7113134325	4.21714921769	23.7107628022	294.0	23.7113134325	294.0	23.7107628022
4.23154221843	23.5886848385	4.23154221843	23.5877879545	293.0	23.5886848385	293.0	23.5877879545
4.24603380137	20.8877685187	4.24603380137	20.8854565128	292.0	20.8877685187	292.0	20.8854565128
4.26062498282	22.7184036317	4.26062498282	22.7165407364	291.0	22.7184036317	291.0	22.7165407364
4.2753167931	23.4353860904	4.2753167931	23.4335111965	290.0	23.4353860904	290.0	23.4335111965
4.29011027682	20.4424999809	4.29011027682	20.4390639668	289.0	20.4424999809	289.0	20.4390639668
4.30500649306	23.7580363495	4.30500649306	23.7556459235	288.0	23.7580363495	288.0	23.7556459235
4.32000651568	24.9248120748	4.32000651568	24.9225703314	287.0	24.9248120748	287.0	24.9225703314
4.33511143357	22.5466422207	4.33511143357	22.5430805307	286.0	22.5466422207	286.0	22.5430805307
4.35032235088	23.9567197857	4.35032235088	23.9533866812	285.0	23.9567197857	285.0	23.9533866812
4.36564038732	21.9418268607	4.36564038732	21.9373136411	284.0	21.9418268607	284.0	21.9373136411
4.38106667845	26.4553068506	4.38106667845	26.4522908824	283.0	26.4553068506	283.0	26.4522908824
4.39660237589	23.9922419132	4.39660237589	23.9878243645	282.0	23.9922419132	282.0	23.9878243645
4.41224864769	21.9655464305	4.41224864769	21.9599070453	281.0	21.9655464305	281.0	21.9599070453
4.42800667857	22.5673372005	4.42800667857	22.5615474259	280.0	22.5673372005	280.0	22.5615474259
4.44387767025	23.9266142156	4.44387767025	23.9209782095	279.0	23.9266142156	279.0	23.9209782095
4.45986284173	21.3263306391	4.45986284173	21.3191944939	278.0	21.3263306391	278.0	21.3191944939
4.4759634296	22.2264157657	4.4759634296	22.2192197304	277.0	22.2264157657	277.0	22.2192197304
4.49218068841	20.9696006095	4.49218068841	20.9614466891	276.0	20.9696006095	276.0	20.9614466891
4.50851589091	24.5972649662	4.50851589091	24.5901525632	275.0	24.5972649662	275.0	24.5901525632
4.52497032847	22.4950265007	4.52497032847	22.4865758885	274.0	22.4950265007	274.0	22.4865758885
4.54154531136	21.5107883523	4.54154531136	21.5014598961	273.0	21.5107883523	273.0	21.5014598961
4.55824216912	23.1422610342	4.55824216912	23.1330992652	272.0	23.1422610342	272.0	23.1330992652
4.57506225092	24.5424669522	4.57506225092	24.5333807744	271.0	24.5424669522	271.0	24.5333807744
4.59200692593	25.1961457821	4.59200692593	25.1868086301	270.0	25.1961457821	270.0	25.1868086301
4.60907758364	26.4023141332	4.60907758364	26.3929543361	269.0	26.4023141332	269.0	26.3929543361
4.62627563433	21.4447748248	4.62627563433	21.4328169772	268.0	21.4447748248	268.0	21.4328169772
4.64360250936	21.9724018215	4.64360250936	21.960105676	267.0	21.9724018215	267.0	21.960105676
4.66105966165	21.7309578734	4.66105966165	21.7179884528	266.0	21.7309578734	266.0	21.7179884528
4.67864856604	28.4335332923	4.67864856604	28.4227386335	265.0	28.4335332923	265.0	28.4227386335
4.6963707197	21.9255238949	4.6963707197	21.911448501	264.0	21.9255238949	264.0	21.911448501
4.71422764259	25.6084764205	4.71422764259	25.5952950609	263.0	25.6084764205	263.0	25.5952950609
4.73222087786	22.9435870659	4.73222087786	22.9286672475	262.0	22.9435870659	262.0	22.9286672475
4.75035199234	21.2686179079	4.75035199234	21.2523522565	261.0	21.2686179079	261.0	21.2523522565
4.76862257692	22.8877752451	4.76862257692	22.8715243672	260.0	22.8877752451	260.0	22.8715243672
4.7870342471	22.9655624438	4.7870342471	22.9486509748	259.0	22.9655624438	259.0	22.9486509748
4.80558864341	26.6967088225	4.80558864341	26.6806588572	258.0	26.6967088225	258.0	26.6806588572
4.82428743191	21.4353849096	4.82428743191	21.4164434674	257.0	21.4353849096	257.0	21.4164434674
4.84313230469	28.2886001916	4.84313230469	28.2717564981	256.0	28.2886001916	256.0	28.2717564981
4.86212498039	22.5107654844	4.86212498039	22.4907911502	255.0	22.5107654844	255.0	22.4907911502
4.88126720472	22.3153630352	4.88126720472	22.2945318484	254.0	22.3153630352	254.0	22.2945318484
4.90056075099	22.8587881151	4.90056075099	22.8373992573	253.0	22.8587881151	253.0	22.8373992573
4.92000742063	26.1619241526	4.92000742063	26.1411112466	252.0	26.1619241526	252.0	26.1411112466
4.93960904382	23.6863662836	4.93960904382	23.6636902118	251.0	23.6863662836	251.0	23.6636902118
4.95936748	23.4436200596	4.95936748	23.4200193659	250.0	23.4436200596	250.0	23.4200193659
