Column 1: lambda in nm
Column 2: n2, linear interp.
Column 3: energy in eV
Column 4: n2, linear interp.
Column 5: lambda in nm
Column 6: n2, spline interp.
Column 7: energy in eV
Column 8: n2, spline interp.
0.276750417411	2.23277245624	4480.0	2.23277245624	0.276750417411	2.23371800459	4480.0	2.23371800459
0.30689155198	2.23720256032	4040.0	2.23720256032	0.30689155198	2.23814998476	4040.0	2.23814998476
0.337831572207	2.23554127129	3670.0	2.23554127129	0.337831572207	2.2364879922	3670.0	2.2364879922
0.367905599407	2.23941761236	3370.0	2.23941761236	0.367905599407	2.24036597485	3370.0	2.24036597485
0.398662980707	2.23886384935	3110.0	2.23886384935	0.398662980707	2.23981197733	3110.0	2.23981197733
0.429011027682	2.24052513838	2890.0	2.24052513838	0.429011027682	2.24147396989	2890.0	2.24147396989
0.457506225092	2.25104663557	2710.0	2.25104663557	0.459200692593	2.24368995997	2700.0	2.24368995997
0.490056075099	2.2416326644	2530.0	2.2416326644	0.490056075099	2.24258196493	2530.0	2.24258196493
0.518762288703	2.24993910955	2390.0	2.24993910955	0.51897943491	2.24995013196	2389.0	2.24995013196
0.548602597345	2.2527079246	2260.0	2.2527079246	0.548359960195	2.25465911089	2261.0	2.25465911089
0.579094754787	2.2526525483	2141.0	2.2526525483	0.579094754787	2.2536065156	2141.0	2.2536065156
0.609258904177	2.25381545062	2035.0	2.25381545062	0.609258904177	2.25476991039	2035.0	2.25476991039
0.639423347086	2.25486760034	1939.0	2.25486760034	0.639423347086	2.25582250568	1939.0	2.25582250568
0.669461052916	2.25625200786	1852.0	2.25625200786	0.669461052916	2.25720749948	1852.0	2.25720749948
0.700080107284	2.25564286855	1771.0	2.25564286855	0.700080107284	2.25659810221	1771.0	2.25659810221
0.730177779741	2.25669501827	1698.0	2.25669501827	0.730177779741	2.2576506975	1698.0	2.2576506975
0.760172820356	2.25796867319	1631.0	2.25796867319	0.760172820356	2.2589248918	1631.0	2.2589248918
0.79021151689	2.25902082291	1569.0	2.25902082291	0.79021151689	2.25997748709	1569.0	2.25997748709
0.820001236772	2.26068211194	1512.0	2.26068211194	0.820001236772	2.26163947965	1512.0	2.26163947965
0.849788807402	2.26223264837	1459.0	2.26223264837	0.849788807402	2.26319067271	1459.0	2.26319067271
0.879944549326	2.26273103508	1409.0	2.26273103508	0.879944549326	2.26368927048	1409.0	2.26368927048
0.909641870873	2.26433694781	1363.0	2.26433694781	0.909641870873	2.26529586329	1363.0	2.26529586329
0.939274143939	2.26599823684	1320.0	2.26599823684	0.939274143939	2.26695785585	1320.0	2.26695785585
0.969383792025	2.26644124725	1279.0	2.26644124725	0.969383792025	2.26740105387	1279.0	2.26740105387
0.999872475806	2.26599823684	1240.0	2.26599823684	0.999872475806	2.26695785585	1240.0	2.26695785585
1.02891441494	2.26876705189	1205.0	2.26876705189	1.02891441494	2.26972784346	1205.0	2.26972784346
1.05878895816	2.2695976964	1171.0	2.2695976964	1.05878895816	2.27055883974	1171.0	2.27055883974
1.08758058772	2.27264339296	1140.0	2.27264339296	1.08758058772	2.27360582611	1140.0	2.27360582611
1.11798184851	2.27225575885	1109.0	2.27225575885	1.11798184851	2.27321802784	1109.0	2.27321802784
1.14693975023	2.27474769239	1081.0	2.27474769239	1.14693975023	2.27571101668	1081.0	2.27571101668
1.17632055977	2.27629822882	1054.0	2.27629822882	1.17632055977	2.27726220974	1054.0	2.27726220974
1.20607185798	2.27707349704	1028.0	2.27707349704	1.20607185798	2.27803780627	1028.0	2.27803780627
1.23367350249	2.28178048262	1005.0	2.28178048262	1.23367350249	2.2827467852	1005.0	2.2827467852
1.26385511723	2.28161435372	981.0	2.28161435372	1.26385511723	2.28258058595	981.0	2.28258058595
1.29284866528	2.28355252425	959.0	2.28355252425	1.29284866528	2.28451957727	959.0	2.28451957727
1.32179303838	2.28549069479	938.0	2.28549069479	1.32179303838	2.28645856859	938.0	2.28645856859
1.35059027233	2.28759499423	918.0	2.28759499423	1.35059027233	2.28856375917	918.0	2.28856375917
1.38067023385	2.28748424162	898.0	2.28748424162	1.38067023385	2.28845295967	898.0	2.28845295967
1.40891121591	2.29036380928	880.0	2.29036380928	1.40891121591	2.29133374678	880.0	2.29133374678
1.43833163573	2.29124983009	862.0	2.29124983009	1.43833163573	2.29222014281	862.0	2.29222014281
1.4655341253	2.29556918157	846.0	2.29556918157	1.4655341253	2.29654132347	846.0	2.29654132347
1.49558729795	2.29534767637	829.0	2.29534767637	1.49558729795	2.29631972447	829.0	2.29631972447
1.52314726044	2.29889175963	814.0	2.29889175963	1.52314726044	2.2998653086	814.0	2.2998653086
1.55174201502	2.30077455386	799.0	2.30077455386	1.55174201502	2.30174890017	799.0	2.30174890017
1.5794163949	2.30393100302	785.0	2.30393100302	1.5794163949	2.30490668604	785.0	2.30490668604
1.60809581064	2.30553691575	771.0	2.30553691575	1.60809581064	2.30651327885	771.0	2.30651327885
1.63567529024	2.30863798861	758.0	2.30863798861	1.63567529024	2.30961566497	758.0	2.30961566497
1.66421727517	2.31029927764	745.0	2.31029927764	1.66421727517	2.31127765753	745.0	2.31127765753
1.69146230559	2.313677232	733.0	2.313677232	1.69146230559	2.31465704241	733.0	2.31465704241
1.71961424411	2.31572615513	721.0	2.31572615513	1.71961424411	2.31670683324	721.0	2.31670683324
1.74871913963	2.31644604705	709.0	2.31644604705	1.74871913963	2.31742703001	709.0	2.31742703001
1.77627775072	2.3191594858	698.0	2.3191594858	1.77627775072	2.32014161787	698.0	2.32014161787
1.80471887918	2.32065464592	687.0	2.32065464592	1.80471887918	2.32163741117	687.0	2.32163741117
1.83137646972	2.32436485809	677.0	2.32436485809	1.83137646972	2.32534919456	677.0	2.32534919456
1.85883338831	2.32696754424	667.0	2.32696754424	1.85883338831	2.32795298291	667.0	2.32795298291
1.88712613394	2.32846270436	657.0	2.32846270436	1.88712613394	2.32944877622	657.0	2.32944877622
1.91333621914	2.33244979803	648.0	2.33244979803	1.91333621914	2.33343755837	648.0	2.33343755837
1.94028461659	2.33544011829	639.0	2.33544011829	1.94028461659	2.33642914498	639.0	2.33642914498
1.96800296825	2.33743366512	630.0	2.33743366512	1.96800296825	2.33842353606	630.0	2.33842353606
1.99331490354	2.34219602701	622.0	2.34219602701	1.99331490354	2.34318791474	622.0	2.34318791474
2.02258053834	2.34225140331	613.0	2.34225140331	2.02258053834	2.34324331449	613.0	2.34324331449
2.04594367987	2.34906268833	606.0	2.34906268833	2.04594367987	2.350057484	606.0	2.350057484
2.07331416388	2.35116698777	598.0	2.35116698777	2.07331416388	2.35216267458	598.0	2.35216267458
2.10142689831	2.35238526639	590.0	2.35238526639	2.10142689831	2.35338146913	590.0	2.35338146913
2.12665843911	2.35675999417	583.0	2.35675999417	2.12665843911	2.35775804954	583.0	2.35775804954
2.15250324653	2.36035945374	576.0	2.36035945374	2.15250324653	2.36135903343	576.0	2.36135903343
2.17898395431	2.36318364509	569.0	2.36318364509	2.17898395431	2.36418442079	569.0	2.36418442079
2.20612432384	2.36523256823	562.0	2.36523256823	2.20612432384	2.36623421161	562.0	2.36623421161
2.22993142086	2.37077019833	556.0	2.37077019833	2.22993142086	2.37177418682	556.0	2.37177418682
2.25836406193	2.37132396134	549.0	2.37132396134	2.25836406193	2.37232818434	549.0	2.37232818434
2.28331836096	2.37547718391	543.0	2.37547718391	2.28331836096	2.37648316575	543.0	2.37648316575
2.30883029795	2.37896589087	537.0	2.37896589087	2.30883029795	2.37997335013	537.0	2.37997335013
2.33491877589	2.38179008222	531.0	2.38179008222	2.33491877589	2.38279873749	531.0	2.38279873749
2.35711382129	2.38849061464	526.0	2.38849061464	2.35711382129	2.38950210749	526.0	2.38950210749
2.38431128846	2.39004115107	520.0	2.39004115107	2.38431128846	2.39105330055	520.0	2.39105330055
2.40745994175	2.39557878117	515.0	2.39557878117	2.40745994175	2.39659327576	515.0	2.39659327576
2.4310624902	2.40056264826	510.0	2.40056264826	2.4310624902	2.40157925345	510.0	2.40157925345
2.45513241584	2.40499275234	505.0	2.40499275234	2.45513241584	2.40601123362	505.0	2.40601123362
2.48465304609	2.40405135523	499.0	2.40405135523	2.48465304609	2.40506943783	499.0	2.40506943783
2.50473105051	2.41219167147	495.0	2.41219167147	2.50473105051	2.41321320139	495.0	2.41321320139
2.53028953061	2.41496048652	490.0	2.41496048652	2.53028953061	2.415983189	490.0	2.415983189
2.55637498969	2.41717553856	485.0	2.41717553856	2.55637498969	2.41819917908	485.0	2.41819917908
2.57763382536	2.42387607098	481.0	2.42387607098	2.57763382536	2.42490254909	481.0	2.42490254909
2.60470981092	2.4250389733	476.0	2.4250389733	2.60470981092	2.42606594388	476.0	2.42606594388
2.62678362288	2.43079810861	472.0	2.43079810861	2.62678362288	2.4318275181	472.0	2.4318275181
2.64923476496	2.4361142335	468.0	2.4361142335	2.64923476496	2.4371458943	468.0	2.4371458943
2.67207299569	2.44098734799	464.0	2.44098734799	2.67207299569	2.44202107248	464.0	2.44202107248
2.69530841304	2.44541745207	460.0	2.44541745207	2.69530841304	2.44645305265	460.0	2.44645305265
2.7189514693	2.44940454574	456.0	2.44940454574	2.7189514693	2.4504418348	456.0	2.4504418348
2.74301298673	2.45294862901	452.0	2.45294862901	2.74301298673	2.45398741894	452.0	2.45398741894
2.76134046771	2.46153195566	449.0	2.46153195566	2.76134046771	2.46257438051	449.0	2.46257438051
2.78616150562	2.46424539441	445.0	2.46424539441	2.78616150562	2.46528896836	445.0	2.46528896836
2.81143281179	2.46651582275	441.0	2.46651582275	2.81143281179	2.4675603582	441.0	2.4675603582
2.83068920091	2.47399162339	438.0	2.47399162339	2.83068920091	2.47503932473	438.0	2.47503932473
2.8567785023	2.47543140721	434.0	2.47543140721	2.8567785023	2.47647971829	434.0	2.47647971829
2.87666327146	2.48218731593	431.0	2.48218731593	2.87666327146	2.48323848804	431.0	2.48323848804
2.89682679907	2.48861096685	428.0	2.48861096685	2.89682679907	2.48966485929	428.0	2.48966485929
2.91727498824	2.49470235996	425.0	2.49470235996	2.91727498824	2.49575883202	425.0	2.49575883202
2.93801390995	2.50046149526	422.0	2.50046149526	2.93801390995	2.50152040624	422.0	2.50152040624
2.95904980907	2.50588837276	419.0	2.50588837276	2.95904980907	2.50694958194	419.0	2.50694958194
2.98038911058	2.51098299245	416.0	2.51098299245	2.98038911058	2.51204635914	416.0	2.51204635914
3.00203842615	2.51574535434	413.0	2.51574535434	3.00203842615	2.51681073782	413.0	2.51681073782
3.02400456098	2.52017545842	410.0	2.52017545842	3.02400456098	2.52124271798	410.0	2.52124271798
3.03882811275	2.5304754504	408.0	2.5304754504	3.03882811275	2.53154707187	408.0	2.53154707187
3.06133795062	2.53429641517	405.0	2.53429641517	3.06133795062	2.53536965477	405.0	2.53536965477
3.08418375622	2.53778512214	402.0	2.53778512214	3.08418375622	2.53885983915	402.0	2.53885983915
3.099604675	2.54730984591	400.0	2.54730984591	3.099604675	2.54838859651	400.0	2.54838859651
3.12302738035	2.55018941356	397.0	2.55018941356	3.12302738035	2.55126938362	397.0	2.55126938362
3.13884017722	2.55921575062	395.0	2.55921575062	3.13884017722	2.56029954321	395.0	2.56029954321
3.16286191327	2.56148617896	392.0	2.56148617896	3.16286191327	2.56257093305	392.0	2.56257093305
3.17908171795	2.57001412932	390.0	2.57001412932	3.17908171795	2.57110249487	390.0	2.57110249487
3.19546873711	2.57832057447	388.0	2.57832057447	3.19546873711	2.57941245769	388.0	2.57941245769
3.21202556995	2.58640551441	386.0	2.58640551441	3.21202556995	2.58750082149	386.0	2.58750082149
3.23718503916	2.58751304043	383.0	2.58751304043	3.23718503916	2.58860881653	383.0	2.58860881653
3.25417813648	2.59509959367	381.0	2.59509959367	3.25417813648	2.59619858257	381.0	2.59619858257
3.27135058047	2.6024646417	379.0	2.6024646417	3.27135058047	2.6035667496	379.0	2.6035667496
3.28870522546	2.60960818453	377.0	2.60960818453	3.28870522546	2.61071331762	377.0	2.61071331762
3.30624498667	2.61653022215	375.0	2.61653022215	3.30624498667	2.61763828663	375.0	2.61763828663
