Column 1: energy in eV
Column 2: alpha *1e3 in 1/cm, linear interpolation
Column 3: energy in eV
Column 4: alpha *1e3 in 1/cm, spline interpolation
Column 5: lambda in nm
Column 6: alpha *1e3 in 1/cm, linear interpolation
Column 7: lambda in nm
Column 8: alpha *1e3 in 1/cm, spline interpolation
0.276750417411	0.103168717367	0.276750417411	0.0876866587467	4480.0	0.103168717367	4480.0	0.0876866587467
0.30689155198	0.0524244019491	0.30689155198	0.0457721320441	4040.0	0.0524244019491	4040.0	0.0457721320441
0.337831572207	0.0387804714433	0.337831572207	0.0344097922711	3670.0	0.0387804714433	3670.0	0.0344097922711
0.367905599407	0.0386079224049	0.367905599407	0.0360180778088	3370.0	0.0386079224049	3370.0	0.0360180778088
0.398662980707	0.0424485258434	0.398662980707	0.0425982944996	3110.0	0.0424485258434	3110.0	0.0425982944996
0.429011027682	0.0425614284557	0.429011027682	0.0468014539126	2890.0	0.0425614284557	2890.0	0.0468014539126
0.457506225092	0.0352165827538	0.459200692593	0.0459473159361	2710.0	0.0352165827538	2700.0	0.0459473159361
0.490056075099	0.0329303309187	0.490056075099	0.0351488037885	2530.0	0.0329303309187	2530.0	0.0351488037885
0.518762288703	0.00991663643948	0.51897943491	0.0106362408485	2390.0	0.00991663643948	2389.0	0.0106362408485
0.548602597345	-0.00119711816528	0.548359960195	-0.00377147910677	2260.0	-0.00119711816528	2261.0	-0.00377147910677
0.579094754787	-0.0048238184674	0.579094754787	-0.00790145456967	2141.0	-0.0048238184674	2141.0	-0.00790145456967
0.609258904177	-0.00712633427499	0.609258904177	-0.00753314477213	2035.0	-0.00712633427499	2035.0	-0.00753314477213
0.639423347086	-0.00532050383344	0.639423347086	-0.00549184172979	1939.0	-0.00532050383344	1939.0	-0.00549184172979
0.669461052916	-0.00254490313162	0.669461052916	-0.00322248590365	1852.0	-0.00254490313162	1852.0	-0.00322248590365
0.700080107284	-0.00089740221375	0.700080107284	-0.000987357500981	1771.0	-0.00089740221375	1771.0	-0.000987357500981
0.730177779741	-0.00110518158198	0.730177779741	-0.00118943800845	1698.0	-0.00110518158198	1698.0	-0.00118943800845
0.760172820356	-0.00138464627324	0.760172820356	-0.00173588133611	1631.0	-0.00138464627324	1631.0	-0.00173588133611
0.79021151689	-0.00190744950973	0.79021151689	-0.00263140372787	1569.0	-0.00190744950973	1569.0	-0.00263140372787
0.820001236772	-0.00413832604146	0.820001236772	-0.00448934662488	1512.0	-0.00413832604146	1512.0	-0.00448934662488
0.849788807402	-0.00546811287439	0.849788807402	-0.00553120448406	1459.0	-0.00546811287439	1459.0	-0.00553120448406
0.879944549326	-0.00548452362282	0.879944549326	-0.00607340020723	1409.0	-0.00548452362282	1409.0	-0.00607340020723
0.909641870873	-0.0088800608488	0.909641870873	-0.00950297839029	1363.0	-0.0088800608488	1363.0	-0.00950297839029
0.939274143939	-0.0114769526542	0.939274143939	-0.0120207163539	1320.0	-0.0114769526542	1320.0	-0.0120207163539
0.969383792025	-0.0104372231727	0.969383792025	-0.0113329697289	1279.0	-0.0104372231727	1279.0	-0.0113329697289
0.999872475806	-0.00885333772053	0.999872475806	-0.00942153957362	1240.0	-0.00885333772053	1240.0	-0.00942153957362
1.02891441494	-0.00973068200748	1.02891441494	-0.00975238209042	1205.0	-0.00973068200748	1205.0	-0.00975238209042
1.05878895816	-0.00959840628966	1.05878895816	-0.0100800784269	1171.0	-0.00959840628966	1171.0	-0.0100800784269
1.08758058772	-0.0108736434134	1.08758058772	-0.0116679040425	1140.0	-0.0108736434134	1140.0	-0.0116679040425
1.11798184851	-0.0102691756575	1.11798184851	-0.0106570826637	1109.0	-0.0102691756575	1109.0	-0.0106570826637
1.14693975023	-0.0100100927265	1.14693975023	-0.0104070004054	1081.0	-0.0100100927265	1081.0	-0.0104070004054
1.17632055977	-0.0101214640105	1.17632055977	-0.0106562493492	1054.0	-0.0101214640105	1054.0	-0.0106562493492
1.20607185798	-0.00970786387171	1.20607185798	-0.0103169400166	1028.0	-0.00970786387171	1028.0	-0.0103169400166
1.23367350249	-0.0107850268679	1.23367350249	-0.0113630541834	1005.0	-0.0107850268679	1005.0	-0.0113630541834
1.26385511723	-0.00820144512899	1.26385511723	-0.00875304879033	981.0	-0.00820144512899	981.0	-0.00875304879033
1.29284866528	-0.00723590953828	1.29284866528	-0.00762141535079	959.0	-0.00723590953828	959.0	-0.00762141535079
1.32179303838	-0.00687130251501	1.32179303838	-0.0071609048334	938.0	-0.00687130251501	938.0	-0.0071609048334
1.35059027233	-0.00685264635239	1.35059027233	-0.00720671676817	918.0	-0.00685264635239	918.0	-0.00720671676817
1.38067023385	-0.00516354268469	1.38067023385	-0.00577206905142	898.0	-0.00516354268469	898.0	-0.00577206905142
1.40891121591	-0.00558804947734	1.40891121591	-0.00627618908345	880.0	-0.00558804947734	880.0	-0.00627618908345
1.43833163573	-0.00507275095275	1.43833163573	-0.00519997204268	862.0	-0.00507275095275	862.0	-0.00519997204268
1.4655341253	-0.00785206512622	1.4655341253	-0.00817761000533	846.0	-0.00785206512622	846.0	-0.00817761000533
1.49558729795	-0.00377946268215	1.49558729795	-0.00537858112412	829.0	-0.00377946268215	829.0	-0.00537858112412
1.52314726044	-0.00400565840004	1.52314726044	-0.00496254785897	814.0	-0.00400565840004	814.0	-0.00496254785897
1.55174201502	0.00137334570937	1.55174201502	0.000866195961588	799.0	0.00137334570937	799.0	0.000866195961588
1.5794163949	0.00952426087212	1.5794163949	0.00891574460226	785.0	0.00952426087212	785.0	0.00891574460226
1.60809581064	0.0139629012973	1.60809581064	0.014459423435	771.0	0.0139629012973	771.0	0.014459423435
1.63567529024	0.0145575984027	1.63567529024	0.0147166178123	758.0	0.0145575984027	758.0	0.0147166178123
1.66421727517	0.0159295625077	1.66421727517	0.0151401708055	745.0	0.0159295625077	745.0	0.0151401708055
1.69146230559	0.0164207881355	1.69146230559	0.0157645270777	733.0	0.0164207881355	733.0	0.0157645270777
1.71961424411	0.0178246464553	1.71961424411	0.0174946389797	721.0	0.0178246464553	721.0	0.0174946389797
1.74871913963	0.0198834847916	1.74871913963	0.0195238738918	709.0	0.0198834847916	709.0	0.0195238738918
1.77627775072	0.0205477356538	1.77627775072	0.0199577752053	698.0	0.0205477356538	698.0	0.0199577752053
1.80471887918	0.0221600237662	1.80471887918	0.0214704987157	687.0	0.0221600237662	687.0	0.0214704987157
1.83137646972	0.0232022612457	1.83137646972	0.0225492130634	677.0	0.0232022612457	677.0	0.0225492130634
1.85883338831	0.0256423915427	1.85883338831	0.0252505572731	667.0	0.0256423915427	667.0	0.0252505572731
1.88712613394	0.0290468218777	1.88712613394	0.028628447791	657.0	0.0290468218777	657.0	0.028628447791
1.91333621914	0.029793214869	1.91333621914	0.0293632531621	648.0	0.029793214869	648.0	0.0293632531621
1.94028461659	0.0306765393521	1.94028461659	0.0303884461108	639.0	0.0306765393521	639.0	0.0303884461108
1.96800296825	0.0336376373304	1.96800296825	0.0328861760872	630.0	0.0336376373304	630.0	0.0328861760872
1.99331490354	0.0342282317038	1.99331490354	0.0335279954407	622.0	0.0342282317038	622.0	0.0335279954407
2.02258053834	0.0381613734095	2.02258053834	0.0378012792679	613.0	0.0381613734095	613.0	0.0378012792679
2.04594367987	0.0391997037362	2.04594367987	0.0385330920046	606.0	0.0391997037362	606.0	0.0385330920046
2.07331416388	0.0429322006574	2.07331416388	0.042458627873	598.0	0.0429322006574	598.0	0.042458627873
2.10142689831	0.046860820473	2.10142689831	0.0464474996046	590.0	0.046860820473	590.0	0.0464474996046
2.12665843911	0.0491167642311	2.12665843911	0.0485975926135	583.0	0.0491167642311	583.0	0.0485975926135
2.15250324653	0.0519903171527	2.15250324653	0.0516157137234	576.0	0.0519903171527	576.0	0.0516157137234
2.17898395431	0.0557556662909	2.17898395431	0.0550396857183	569.0	0.0557556662909	569.0	0.0550396857183
2.20612432384	0.0594573995623	2.20612432384	0.0587510059536	562.0	0.0594573995623	562.0	0.0587510059536
2.22993142086	0.0619997535202	2.22993142086	0.0615278493601	556.0	0.0619997535202	556.0	0.0615278493601
2.25836406193	0.0694419239009	2.25836406193	0.069072742136	549.0	0.0694419239009	549.0	0.069072742136
2.28331836096	0.0732891794115	2.28331836096	0.0728163697378	543.0	0.0732891794115	543.0	0.0728163697378
2.30883029795	0.0768694853106	2.30883029795	0.0760212298461	537.0	0.0768694853106	537.0	0.0760212298461
2.33491877589	0.0819111749905	2.33491877589	0.0812979775883	531.0	0.0819111749905	531.0	0.0812979775883
2.35711382129	0.0865716681306	2.35711382129	0.086042065388	526.0	0.0865716681306	526.0	0.086042065388
2.38431128846	0.09596026344	2.38431128846	0.0950039772626	520.0	0.09596026344	520.0	0.0950039772626
2.40745994175	0.0995468584307	2.40745994175	0.0994725036722	515.0	0.0995468584307	515.0	0.0994725036722
2.4310624902	0.105815735016	2.4310624902	0.10526514536	510.0	0.105815735016	510.0	0.10526514536
2.45513241584	0.114382978559	2.45513241584	0.112670545205	505.0	0.114382978559	505.0	0.112670545205
2.48465304609	0.126217496036	2.48465304609	0.126131308671	499.0	0.126217496036	499.0	0.126131308671
2.50473105051	0.132426787701	2.50473105051	0.132059214735	495.0	0.132426787701	495.0	0.132059214735
2.53028953061	0.144833246762	2.53028953061	0.143812104523	490.0	0.144833246762	490.0	0.143812104523
2.55637498969	0.155300714408	2.55637498969	0.154758648095	485.0	0.155300714408	485.0	0.154758648095
2.57763382536	0.163056845964	2.57763382536	0.162539368039	481.0	0.163056845964	481.0	0.162539368039
2.60470981092	0.180112908162	2.60470981092	0.179314028695	476.0	0.180112908162	476.0	0.179314028695
2.62678362288	0.191360906799	2.62678362288	0.190596709958	472.0	0.191360906799	472.0	0.190596709958
2.64923476496	0.203083531201	2.64923476496	0.202244120242	468.0	0.203083531201	468.0	0.202244120242
2.67207299569	0.218214768555	2.67207299569	0.21713345353	464.0	0.218214768555	464.0	0.21713345353
2.69530841304	0.236175404589	2.69530841304	0.236448586057	460.0	0.236175404589	460.0	0.236448586057
2.7189514693	0.255980546077	2.7189514693	0.255388941738	456.0	0.255980546077	456.0	0.255388941738
2.74301298673	0.272815640143	2.74301298673	0.27127097969	452.0	0.272815640143	452.0	0.27127097969
2.76134046771	0.283863747701	2.76134046771	0.282967982066	449.0	0.283863747701	449.0	0.282967982066
2.78616150562	0.314491023587	2.78616150562	0.31330388949	445.0	0.314491023587	445.0	0.31330388949
2.81143281179	0.349105765469	2.81143281179	0.348067381265	441.0	0.349105765469	441.0	0.348067381265
2.83068920091	0.369741772116	2.83068920091	0.368661737624	438.0	0.369741772116	438.0	0.368661737624
2.8567785023	0.405411379748	2.8567785023	0.404805102421	434.0	0.405411379748	434.0	0.404805102421
2.87666327146	0.439296185992	2.87666327146	0.438053070613	431.0	0.439296185992	431.0	0.438053070613
2.89682679907	0.475979854545	2.89682679907	0.47475846041	428.0	0.475979854545	428.0	0.47475846041
2.91727498824	0.510162001072	2.91727498824	0.510280928243	425.0	0.510162001072	425.0	0.510280928243
2.93801390995	0.550112141538	2.93801390995	0.549504261817	422.0	0.550112141538	422.0	0.549504261817
2.95904980907	0.596945043184	2.95904980907	0.595269740725	419.0	0.596945043184	419.0	0.595269740725
2.98038911058	0.647052703571	2.98038911058	0.644349461336	416.0	0.647052703571	416.0	0.644349461336
3.00203842615	0.70346767616	3.00203842615	0.701600582662	413.0	0.70346767616	413.0	0.701600582662
3.02400456098	0.776193468057	3.02400456098	0.77560524353	410.0	0.776193468057	410.0	0.77560524353
3.03882811275	0.828341411441	3.03882811275	0.827409831646	408.0	0.828341411441	408.0	0.827409831646
3.06133795062	0.909802536173	3.06133795062	0.910051757121	405.0	0.909802536173	405.0	0.910051757121
3.08418375622	0.997191947203	3.08418375622	0.995327765304	402.0	0.997191947203	402.0	0.995327765304
3.099604675	1.0634023749	3.099604675	1.05960463359	400.0	1.0634023749	400.0	1.05960463359
3.12302738035	1.19182814844	3.12302738035	1.18830860684	397.0	1.19182814844	397.0	1.18830860684
3.13884017722	1.28917390909	3.13884017722	1.28807804536	395.0	1.28917390909	395.0	1.28807804536
3.16286191327	1.46556202814	3.16286191327	1.46438375019	392.0	1.46556202814	392.0	1.46438375019
3.17908171795	1.59021862	3.17908171795	1.58924718756	390.0	1.59021862	390.0	1.58924718756
3.19546873711	1.72828749507	3.19546873711	1.72726666163	388.0	1.72828749507	388.0	1.72726666163
3.21202556995	1.88750378914	3.21202556995	1.88627461449	386.0	1.88750378914	386.0	1.88627461449
3.23718503916	2.1747638422	3.23718503916	2.17271992708	383.0	2.1747638422	383.0	2.17271992708
3.25417813648	2.38182896291	3.25417813648	2.3842679939	381.0	2.38182896291	381.0	2.3842679939
3.27135058047	2.61871070138	3.27135058047	2.61939655459	379.0	2.61871070138	379.0	2.61939655459
3.28870522546	2.88955254053	3.28870522546	2.88721686626	377.0	2.88955254053	377.0	2.88721686626
3.30624498667	3.19624164464	3.30624498667	3.20005167488	375.0	3.19624164464	375.0	3.20005167488
3.15481391858	1.31973806807	3.15481391858	1.31975877828	393.0	1.31973806807	393.0	1.31975877828
3.16286191327	1.35701881542	3.16286191327	1.35705337714	392.0	1.35701881542	392.0	1.35705337714
3.17095107417	1.55766748178	3.17095107417	1.55778191622	391.0	1.55766748178	391.0	1.55778191622
3.17908171795	1.69625505632	3.17908171795	1.69642491933	390.0	1.69625505632	390.0	1.69642491933
3.18725416452	1.66380313373	3.18725416452	1.66395899779	389.0	1.66380313373	389.0	1.66395899779
3.19546873711	1.63467139734	3.19546873711	1.63481436875	388.0	1.63467139734	388.0	1.63481436875
3.20372576227	1.77723807861	3.20372576227	1.77743791271	387.0	1.77723807861	387.0	1.77743791271
3.21202556995	1.97563678651	3.21202556995	1.9759169889	386.0	1.97563678651	386.0	1.9759169889
3.22036849351	2.0347512393	3.22036849351	2.0350545238	385.0	2.0347512393	385.0	2.0350545238
3.22875486979	2.01622859365	3.22875486979	2.01652298586	384.0	2.01622859365	384.0	2.01652298586
3.23718503916	2.11053694597	3.23718503916	2.1108690834	383.0	2.11053694597	383.0	2.1108690834
3.24565934555	2.31031111073	3.24565934555	2.31072464262	382.0	2.31031111073	382.0	2.31072464262
3.25417813648	2.44291277523	3.25417813648	2.44338035165	381.0	2.44291277523	381.0	2.44338035165
3.26274176316	2.47516958907	3.26274176316	2.47564946447	380.0	2.47516958907	380.0	2.47564946447
3.27135058047	2.5663593252	3.27135058047	2.56687604986	379.0	2.5663593252	379.0	2.56687604986
3.28000494709	2.76881132279	3.28000494709	2.76941073571	378.0	2.76881132279	378.0	2.76941073571
3.28870522546	2.94102764205	3.28870522546	2.94169743452	377.0	2.94102764205	377.0	2.94169743452
3.29745178191	3.0301821805	3.29745178191	3.03088819749	376.0	3.0301821805	376.0	3.03088819749
3.30624498667	3.1645641755	3.30624498667	3.16532537201	375.0	3.1645641755	375.0	3.16532537201
3.3150852139	3.38166744031	3.3150852139	3.38251869525	374.0	3.38166744031	374.0	3.38251869525
3.32397284182	3.57628014311	3.32397284182	3.57721179042	373.0	3.57628014311	373.0	3.57721179042
3.33290825269	3.72148061615	3.33290825269	3.7224717698	372.0	3.72148061615	372.0	3.7224717698
3.34189183288	3.91494033334	3.34189183288	3.91601206381	371.0	3.91494033334	371.0	3.91601206381
3.35092397297	4.16196178035	3.35092397297	4.16313611284	370.0	4.16196178035	370.0	4.16313611284
3.36000506775	4.38612411304	3.36000506775	4.38739152183	369.0	4.38612411304	369.0	4.38739152183
3.3691355163	4.60202963089	3.3691355163	4.60338695729	368.0	4.60202963089	368.0	4.60338695729
3.37831572207	4.86503001759	3.37831572207	4.866496858	367.0	4.86503001759	367.0	4.866496858
3.3875460929	5.14162891022	3.3875460929	5.14321124188	366.0	5.14162891022	366.0	5.14321124188
3.3968270411	5.40995897136	3.3968270411	5.41165359639	365.0	5.40995897136	365.0	5.41165359639
3.40615898352	5.69946524684	3.40615898352	5.70128085877	364.0	5.69946524684	364.0	5.70128085877
3.4155423416	6.01082962739	3.4155423416	6.01277563011	363.0	6.01082962739	363.0	6.01277563011
3.42497754144	6.3341140221	3.42497754144	6.33619504866	362.0	6.3341140221	362.0	6.33619504866
3.43446501385	6.67254821755	3.43446501385	6.67477133359	361.0	6.67254821755	361.0	6.67477133359
3.44400519444	7.03102632545	3.44400519444	7.03339963921	360.0	7.03102632545	360.0	7.03339963921
3.45359852368	7.47804464223	3.45359852368	7.48060380782	359.0	7.47804464223	359.0	7.48060380782
3.46324544693	7.89533975523	3.46324544693	7.89807413569	358.0	7.89533975523	358.0	7.89807413569
3.47294641457	8.33682554665	3.47294641457	8.33974536967	357.0	8.33682554665	357.0	8.33974536967
3.48270188202	8.81761388114	3.48270188202	8.82073601584	356.0	8.81761388114	356.0	8.82073601584
3.49251230986	9.32363344222	3.49251230986	9.32696853853	355.0	9.32363344222	355.0	9.32696853853
3.50237816384	9.86132318241	3.50237816384	9.86488444162	354.0	9.86132318241	354.0	9.86488444162
3.51229991501	10.4237992839	3.51229991501	10.4275973683	353.0	10.4237992839	353.0	10.4275973683
3.52227803977	11.0488846144	3.52227803977	11.052945953	352.0	11.0488846144	352.0	11.052945953
3.53231301994	11.7259320181	3.53231301994	11.7302787899	351.0	11.7259320181	351.0	11.7302787899
3.54240534286	12.4926383295	3.54240534286	12.4973083576	350.0	12.4926383295	350.0	12.4973083576
3.55255550143	13.2984622918	3.55255550143	13.3034721131	349.0	13.2984622918	349.0	13.3034721131
3.56276399425	14.1646519605	3.56276399425	14.1700271281	348.0	14.1646519605	348.0	14.1700271281
3.57303132565	15.1886132434	3.57303132565	15.1944206119	347.0	15.1886132434	347.0	15.1944206119
3.58335800578	16.223171658	3.58335800578	16.2294158305	346.0	16.223171658	346.0	16.2294158305
3.59374455072	17.641817559	3.59374455072	17.6486611364	345.0	17.641817559	345.0	17.6486611364
3.60419148256	19.3097515435	3.60419148256	19.3172999663	344.0	19.3097515435	344.0	19.3172999663
3.61469932945	21.6138459524	3.61469932945	21.6223692731	343.0	21.6138459524	343.0	21.6223692731
3.62526862573	24.6617990947	3.62526862573	24.6715944375	342.0	24.6617990947	342.0	24.6715944375
3.63589991202	29.647768656	3.63589991202	29.6603633648	341.0	29.647768656	341.0	29.6603633648
3.64659373529	21.5879147602	3.64659373529	21.5964221612	340.0	21.5879147602	340.0	21.5964221612
3.65735064897	22.4939550067	3.65735064897	22.5028484071	339.0	22.4939550067	339.0	22.5028484071
3.66817121302	20.621884298	3.66817121302	20.6299804059	338.0	20.621884298	338.0	20.6299804059
3.67905599407	27.8709639253	3.67905599407	27.8822551703	337.0	27.8709639253	337.0	27.8822551703
3.69000556548	21.9620281857	3.69000556548	21.9706900968	336.0	21.9620281857	336.0	21.9706900968
3.70102050746	22.7243766773	3.70102050746	22.7333574855	335.0	22.7243766773	335.0	22.7333574855
3.71210140719	21.1783780689	3.71210140719	21.1867029854	334.0	21.1783780689	334.0	21.1867029854
3.72324885886	24.2545028758	3.72324885886	24.2641209086	333.0	24.2545028758	333.0	24.2641209086
3.73446346386	23.5036576456	3.73446346386	23.5129611988	332.0	23.5036576456	332.0	23.5129611988
3.74574583082	21.8091550376	3.74574583082	21.8177444635	331.0	21.8091550376	331.0	21.8177444635
3.75709657576	24.9731702874	3.75709657576	24.9830814829	330.0	24.9731702874	330.0	24.9830814829
3.76851632219	21.3128184947	3.76851632219	21.3211944467	329.0	21.3128184947	329.0	21.3211944467
3.78000570122	21.8059868105	3.78000570122	21.8145703146	328.0	21.8059868105	328.0	21.8145703146
3.79156535168	20.8882491178	3.79156535168	20.8964431303	327.0	20.8882491178	327.0	20.8964431303
3.80319592025	24.4493706998	3.80319592025	24.4590939695	326.0	24.4493706998	326.0	24.4590939695
3.81489806154	25.9697652015	3.81489806154	25.9801438597	325.0	25.9697652015	325.0	25.9801438597
3.82667243827	24.2826853962	3.82667243827	24.2923209933	324.0	24.2826853962	324.0	24.2923209933
3.83851972136	20.6707710778	3.83851972136	20.6788681924	323.0	20.6707710778	323.0	20.6788681924
3.85044059006	21.4826879283	3.85044059006	21.4911273717	322.0	21.4826879283	322.0	21.4911273717
3.86243573209	23.5521303899	3.86243573209	23.5614431115	321.0	23.5521303899	321.0	23.5614431115
3.87450584375	22.3652685466	3.87450584375	22.3740783401	320.0	22.3652685466	320.0	22.3740783401
3.88665163009	21.8868940285	3.88665163009	21.8955029648	319.0	21.8868940285	319.0	21.8955029648
3.89887380503	23.6583322497	3.89887380503	23.667690708	318.0	23.6583322497	318.0	23.667690708
3.91117309148	21.9456830134	3.91117309148	21.9543137739	317.0	21.9456830134	317.0	21.9543137739
3.92355022152	21.3742441485	3.92355022152	21.3826330329	316.0	21.3742441485	316.0	21.3826330329
3.93600593651	28.7621473124	3.93600593651	28.7725604288	315.0	28.7621473124	315.0	28.7725604288
3.94854098726	21.6802006921	3.94854098726	21.6887168889	314.0	21.6802006921	314.0	21.6887168889
3.96115613419	21.4044727614	3.96115613419	21.4128709092	313.0	21.4044727614	313.0	21.4128709092
3.97385214744	22.1718417961	3.97385214744	22.1805637656	312.0	22.1718417961	312.0	22.1805637656
3.98662980707	23.423866014	3.98662980707	23.4331175844	311.0	23.423866014	311.0	23.4331175844
3.99948990323	27.1934269305	3.99948990323	27.2042062121	310.0	27.1934269305	310.0	27.2042062121
4.01243323625	21.0748326556	4.01243323625	21.0830890995	309.0	21.0748326556	309.0	21.0830890995
4.02546061688	22.167359696	4.02546061688	22.1760786989	308.0	22.167359696	308.0	22.1760786989
4.03857286645	22.9200724601	4.03857286645	22.9291083573	307.0	22.9200724601	307.0	22.9291083573
4.05177081699	20.4615625126	4.05177081699	20.4695581073	306.0	20.4615625126	306.0	20.4695581073
4.06505531148	20.5742643579	4.06505531148	20.5823072218	305.0	20.5742643579	305.0	20.5823072218
4.07842720395	21.9896963926	4.07842720395	21.9983372037	304.0	21.9896963926	304.0	21.9983372037
4.09188735974	21.1604098539	4.09188735974	21.1687011679	303.0	21.1604098539	303.0	21.1687011679
4.10543665563	20.9453454545	4.10543665563	20.953545299	302.0	20.9453454545	302.0	20.953545299
4.11907598007	21.9963302074	4.11907598007	22.0049741388	301.0	21.9963302074	301.0	22.0049741388
4.13280623333	20.9039249747	4.13280623333	20.9121071249	300.0	20.9039249747	300.0	20.9121071249
4.14662832776	20.9361976677	4.14662832776	20.9443929263	299.0	20.9361976677	299.0	20.9443929263
4.16054318792	22.8816802386	4.16054318792	22.8906991314	298.0	22.8816802386	298.0	22.8906991314
4.17455175084	21.5327203824	4.17455175084	21.5411688047	297.0	21.5327203824	297.0	21.5411688047
4.18865496622	20.6758023717	4.18865496622	20.683889209	296.0	20.6758023717	296.0	20.683889209
4.20285379661	20.6022441383	4.20285379661	20.6103001345	295.0	20.6022441383	295.0	20.6103001345
4.21714921769	20.8684687432	4.21714921769	20.8766376415	294.0	20.8684687432	294.0	20.8766376415
4.23154221843	21.553632904	4.23154221843	21.5620943357	293.0	21.553632904	293.0	21.5620943357
4.24603380137	20.8515730051	4.24603380137	20.8597375166	292.0	20.8515730051	292.0	20.8597375166
4.26062498282	21.9521555479	4.26062498282	21.9607858525	291.0	21.9521555479	291.0	21.9607858525
4.2753167931	22.8626017406	4.2753167931	22.8716234817	290.0	22.8626017406	290.0	22.8716234817
4.29011027682	21.7712678311	4.29011027682	21.7798246884	289.0	21.7712678311	289.0	21.7798246884
4.30500649306	20.5475971664	4.30500649306	20.5556378666	288.0	20.5475971664	288.0	20.5556378666
4.32000651568	20.8332509254	4.32000651568	20.8414131122	287.0	20.8332509254	287.0	20.8414131122
4.33511143357	21.7862018769	4.33511143357	21.7947693598	286.0	21.7862018769	286.0	21.7947693598
4.35032235088	20.3841560789	4.35032235088	20.3921326719	285.0	20.3841560789	285.0	20.3921326719
4.36564038732	24.9202946842	4.36564038732	24.930198503	284.0	24.9202946842	284.0	24.930198503
4.38106667845	22.7890821921	4.38106667845	22.7980805225	283.0	22.7890821921	283.0	22.7980805225
4.39660237589	20.8004504264	4.39660237589	20.8086098046	282.0	20.8004504264	282.0	20.8086098046
4.41224864769	23.2518281525	4.41224864769	23.261030552	281.0	23.2518281525	281.0	23.261030552
4.42800667857	22.6525561959	4.42800667857	22.6615037732	280.0	22.6525561959	280.0	22.6615037732
4.44387767025	19.8655631819	4.44387767025	19.8733356493	279.0	19.8655631819	279.0	19.8733356493
4.45986284173	26.4469579017	4.45986284173	26.4575231212	278.0	26.4469579017	278.0	26.4575231212
4.4759634296	21.9087534374	4.4759634296	21.9173985926	277.0	21.9087534374	277.0	21.9173985926
4.49218068841	23.0591802021	4.49218068841	23.0683111126	276.0	23.0591802021	276.0	23.0683111126
4.50851589091	22.3455481493	4.50851589091	22.3543842539	275.0	22.3455481493	275.0	22.3543842539
4.52497032847	24.4190533735	4.52497032847	24.4287786725	274.0	24.4190533735	274.0	24.4287786725
4.54154531136	20.7884620285	4.54154531136	20.7966480833	273.0	20.7884620285	273.0	20.7966480833
4.55824216912	26.7808500549	4.55824216912	26.7915548995	272.0	26.7808500549	272.0	26.7915548995
4.57506225092	20.8265391572	4.57506225092	20.8347509095	271.0	20.8265391572	271.0	20.8347509095
4.59200692593	20.8024199477	4.59200692593	20.810627059	270.0	20.8024199477	270.0	20.810627059
4.60907758364	22.2301959554	4.60907758364	22.2390124501	269.0	22.2301959554	269.0	22.2390124501
4.62627563433	20.8173821149	4.62627563433	20.8256064312	268.0	20.8173821149	268.0	20.8256064312
4.64360250936	21.8616282831	4.64360250936	21.8703003075	267.0	21.8616282831	267.0	21.8703003075
4.66105966165	26.5825202991	4.66105966165	26.5930488571	266.0	26.5825202991	266.0	26.5930488571
4.67864856604	22.7820116254	4.67864856604	22.7910891914	265.0	22.7820116254	265.0	22.7910891914
4.6963707197	23.2623728227	4.6963707197	23.2716613634	264.0	23.2623728227	264.0	23.2716613634
4.71422764259	21.3568610826	4.71422764259	21.3653471932	263.0	21.3568610826	263.0	21.3653471932
4.73222087786	21.1746348539	4.73222087786	21.1830520525	262.0	21.1746348539	262.0	21.1830520525
4.75035199234	20.4951621015	4.75035199234	20.5032997649	261.0	20.4951621015	261.0	20.5032997649
4.76862257692	21.497172367	4.76862257692	21.5057430878	260.0	21.497172367	260.0	21.5057430878
4.7870342471	22.7071155108	4.7870342471	22.7162092341	259.0	22.7071155108	259.0	22.7162092341
4.80558864341	23.5344421587	4.80558864341	23.5438947318	258.0	23.5344421587	258.0	23.5438947318
4.82428743191	19.631391388	4.82428743191	19.6392005426	257.0	19.631391388	257.0	19.6392005426
4.84313230469	23.2222683014	4.84313230469	23.2316097217	256.0	23.2222683014	256.0	23.2316097217
4.86212498039	25.9486950906	4.86212498039	25.9592005785	255.0	25.9486950906	255.0	25.9592005785
4.88126720472	20.413346332	4.88126720472	20.4215198614	254.0	20.413346332	254.0	20.4215198614
4.90056075099	21.5897853825	4.90056075099	21.5984698572	253.0	21.5897853825	253.0	21.5984698572
4.92000742063	19.1220366422	4.92000742063	19.1296871852	252.0	19.1220366422	252.0	19.1296871852
4.93960904382	21.8514562942	4.93960904382	21.860274254	251.0	21.8514562942	251.0	21.860274254
4.95936748	23.8232469589	4.95936748	23.8329177787	250.0	23.8232469589	250.0	23.8329177787
