3996.34	0.1231
3994.41	0.1231
3992.48	0.1231
3990.55	0.1234
3988.63	0.1239
3986.70	0.1244
3984.77	0.1245
3982.84	0.1246
3980.91	0.1247
3978.98	0.1248
3977.05	0.1246
3975.12	0.1242
3973.20	0.1243
3971.27	0.1248
3969.34	0.1253
3967.41	0.1259
3965.48	0.1261
3963.55	0.1255
3961.62	0.1251
3959.70	0.1255
3957.77	0.1261
3955.84	0.1264
3953.91	0.1261
3951.98	0.1246
3950.05	0.1226
3948.12	0.1222
3946.19	0.1229
3944.27	0.1225
3942.34	0.1226
3940.41	0.1252
3938.48	0.1278
3936.55	0.1277
3934.62	0.1245
3932.69	0.1211
3930.76	0.1213
3928.84	0.1238
3926.91	0.1242
3924.98	0.1229
3923.05	0.1229
3921.12	0.1224
3919.19	0.1201
3917.26	0.1199
3915.33	0.1242
3913.41	0.1295
3911.48	0.1319
3909.55	0.1308
3907.62	0.1244
3905.69	0.1133
3903.76	0.1044
3901.83	0.1025
3899.90	0.1071
3897.98	0.1165
3896.05	0.1244
3894.12	0.1234
3892.19	0.1182
3890.26	0.1182
3888.33	0.1186
3886.40	0.1147
3884.47	0.1132
3882.55	0.1143
3880.62	0.1155
3878.69	0.1204
3876.76	0.1236
3874.83	0.1196
3872.90	0.1128
3870.97	0.1070
3869.04	0.1072
3867.12	0.1112
3865.19	0.1122
3863.26	0.1141
3861.33	0.1204
3859.40	0.1242
3857.47	0.1160
3855.54	0.0967
3853.61	0.0845
3851.69	0.0948
3849.76	0.1163
3847.83	0.1295
3845.90	0.1294
3843.97	0.1224
3842.04	0.1141
3840.11	0.1058
3838.18	0.1016
3836.26	0.1058
3834.33	0.1136
3832.40	0.1198
3830.47	0.1249
3828.54	0.1279
3826.61	0.1277
3824.68	0.1229
3822.75	0.1124
3820.83	0.1061
3818.90	0.1086
3816.97	0.1118
3815.04	0.1186
3813.11	0.1311
3811.18	0.1371
3809.25	0.1304
3807.32	0.1216
3805.40	0.1186
3803.47	0.1143
3801.54	0.1101
3799.61	0.1153
3797.68	0.1238
3795.75	0.1308
3793.82	0.1386
3791.89	0.1440
3789.97	0.1452
3788.04	0.1437
3786.11	0.1412
3784.18	0.1397
3782.25	0.1379
3780.32	0.1348
3778.39	0.1360
3776.47	0.1420
3774.54	0.1448
3772.61	0.1398
3770.68	0.1321
3768.75	0.1294
3766.82	0.1316
3764.89	0.1353
3762.96	0.1370
3761.04	0.1330
3759.11	0.1284
3757.18	0.1281
3755.25	0.1243
3753.32	0.1107
3751.39	0.0976
3749.46	0.0970
3747.53	0.1000
3745.61	0.0968
3743.68	0.0998
3741.75	0.1136
3739.82	0.1198
3737.89	0.1105
3735.96	0.0993
3734.03	0.0987
3732.10	0.1087
3730.18	0.1205
3728.25	0.1249
3726.32	0.1231
3724.39	0.1223
3722.46	0.1252
3720.53	0.1308
3718.60	0.1376
3716.67	0.1403
3714.75	0.1330
3712.82	0.1195
3710.89	0.1142
3708.96	0.1225
3707.03	0.1345
3705.10	0.1391
3703.17	0.1358
3701.24	0.1348
3699.32	0.1399
3697.39	0.1446
3695.46	0.1441
3693.53	0.1366
3691.60	0.1235
3689.67	0.1150
3687.74	0.1213
3685.81	0.1373
3683.89	0.1482
3681.96	0.1485
3680.03	0.1401
3678.10	0.1244
3676.17	0.1105
3674.24	0.1108
3672.31	0.1166
3670.38	0.1188
3668.46	0.1285
3666.53	0.1453
3664.60	0.1562
3662.67	0.1589
3660.74	0.1570
3658.81	0.1498
3656.88	0.1418
3654.95	0.1392
3653.03	0.1329
3651.10	0.1165
3649.17	0.1065
3647.24	0.1160
3645.31	0.1357
3643.38	0.1499
3641.45	0.1547
3639.52	0.1552
3637.60	0.1538
3635.67	0.1500
3633.74	0.1435
3631.81	0.1309
3629.88	0.1164
3627.95	0.1168
3626.02	0.1328
3624.09	0.1443
3622.17	0.1414
3620.24	0.1322
3618.31	0.1299
3616.38	0.1342
3614.45	0.1364
3612.52	0.1356
3610.59	0.1343
3608.67	0.1347
3606.74	0.1405
3604.81	0.1483
3602.88	0.1504
3600.95	0.1483
3599.02	0.1467
3597.09	0.1453
3595.16	0.1444
3593.24	0.1462
3591.31	0.1459
3589.38	0.1387
3587.45	0.1343
3585.52	0.1414
3583.59	0.1524
3581.66	0.1581
3579.73	0.1593
3577.81	0.1597
3575.88	0.1603
3573.95	0.1609
3572.02	0.1588
3570.09	0.1498
3568.16	0.1385
3566.23	0.1368
3564.30	0.1459
3562.38	0.1549
3560.45	0.1593
3558.52	0.1618
3556.59	0.1628
3554.66	0.1612
3552.73	0.1591
3550.80	0.1589
3548.87	0.1576
3546.95	0.1546
3545.02	0.1548
3543.09	0.1593
3541.16	0.1637
3539.23	0.1649
3537.30	0.1641
3535.37	0.1641
3533.44	0.1647
3531.52	0.1634
3529.59	0.1605
3527.66	0.1585
3525.73	0.1581
3523.80	0.1590
3521.87	0.1614
3519.94	0.1641
3518.01	0.1657
3516.09	0.1664
3514.16	0.1662
3512.23	0.1646
3510.30	0.1630
3508.37	0.1629
3506.44	0.1630
3504.51	0.1615
3502.58	0.1610
3500.66	0.1630
3498.73	0.1649
3496.80	0.1654
3494.87	0.1657
3492.94	0.1664
3491.01	0.1663
3489.08	0.1656
3487.15	0.1653
3485.23	0.1651
3483.30	0.1644
3481.37	0.1642
3479.44	0.1654
3477.51	0.1666
3475.58	0.1668
3473.65	0.1670
3471.72	0.1675
3469.80	0.1677
3467.87	0.1676
3465.94	0.1674
3464.01	0.1673
3462.08	0.1673
3460.15	0.1678
3458.22	0.1685
3456.29	0.1690
3454.37	0.1694
3452.44	0.1695
3450.51	0.1687
3448.58	0.1669
3446.65	0.1660
3444.72	0.1670
3442.79	0.1684
3440.87	0.1695
3438.94	0.1705
3437.01	0.1712
3435.08	0.1716
3433.15	0.1718
3431.22	0.1721
3429.29	0.1725
3427.36	0.1730
3425.44	0.1731
3423.51	0.1726
3421.58	0.1721
3419.65	0.1726
3417.72	0.1740
3415.79	0.1751
3413.86	0.1757
3411.93	0.1760
3410.01	0.1763
3408.08	0.1765
3406.15	0.1767
3404.22	0.1768
3402.29	0.1770
3400.36	0.1771
3398.43	0.1771
3396.50	0.1771
3394.58	0.1772
3392.65	0.1776
3390.72	0.1784
3388.79	0.1791
3386.86	0.1793
3384.93	0.1793
3383.00	0.1798
3381.07	0.1804
3379.15	0.1809
3377.22	0.1812
3375.29	0.1815
3373.36	0.1818
3371.43	0.1820
3369.50	0.1820
3367.57	0.1818
3365.64	0.1818
3363.72	0.1821
3361.79	0.1825
3359.86	0.1830
3357.93	0.1833
3356.00	0.1836
3354.07	0.1841
3352.14	0.1846
3350.21	0.1850
3348.29	0.1853
3346.36	0.1856
3344.43	0.1858
3342.50	0.1860
3340.57	0.1862
3338.64	0.1861
3336.71	0.1860
3334.78	0.1864
3332.86	0.1870
3330.93	0.1874
3329.00	0.1876
3327.07	0.1877
3325.14	0.1880
3323.21	0.1884
3321.28	0.1888
3319.35	0.1891
3317.43	0.1893
3315.50	0.1894
3313.57	0.1893
3311.64	0.1894
3309.71	0.1895
3307.78	0.1900
3305.85	0.1907
3303.92	0.1912
3302.00	0.1914
3300.07	0.1916
3298.14	0.1917
3296.21	0.1919
3294.28	0.1920
3292.35	0.1921
3290.42	0.1924
3288.49	0.1929
3286.57	0.1933
3284.64	0.1935
3282.71	0.1937
3280.78	0.1939
3278.85	0.1940
3276.92	0.1939
3274.99	0.1939
3273.06	0.1944
3271.14	0.1952
3269.21	0.1958
3267.28	0.1961
3265.35	0.1963
3263.42	0.1965
3261.49	0.1968
3259.56	0.1969
3257.64	0.1970
3255.71	0.1971
3253.78	0.1974
3251.85	0.1981
3249.92	0.1986
3247.99	0.1986
3246.06	0.1985
3244.13	0.1986
3242.21	0.1992
3240.28	0.1997
3238.35	0.2000
3236.42	0.2003
3234.49	0.2006
3232.56	0.2008
3230.63	0.2010
3228.70	0.2012
3226.78	0.2017
3224.85	0.2022
3222.92	0.2023
3220.99	0.2023
3219.06	0.2024
3217.13	0.2028
3215.20	0.2030
3213.27	0.2033
3211.35	0.2036
3209.42	0.2041
3207.49	0.2047
3205.56	0.2053
3203.63	0.2057
3201.70	0.2058
3199.77	0.2058
3197.84	0.2058
3195.92	0.2064
3193.99	0.2071
3192.06	0.2077
3190.13	0.2081
3188.20	0.2083
3186.27	0.2084
3184.34	0.2087
3182.41	0.2091
3180.49	0.2093
3178.56	0.2093
3176.63	0.2098
3174.70	0.2105
3172.77	0.2111
3170.84	0.2114
3168.91	0.2117
3166.98	0.2121
3165.06	0.2125
3163.13	0.2129
3161.20	0.2132
3159.27	0.2136
3157.34	0.2139
3155.41	0.2142
3153.48	0.2146
3151.55	0.2149
3149.63	0.2152
3147.70	0.2156
3145.77	0.2159
3143.84	0.2162
3141.91	0.2165
3139.98	0.2169
3138.05	0.2172
3136.12	0.2173
3134.20	0.2172
3132.27	0.2174
3130.34	0.2180
3128.41	0.2184
3126.48	0.2184
3124.55	0.2184
3122.62	0.2185
3120.69	0.2189
3118.77	0.2192
3116.84	0.2194
3114.91	0.2199
3112.98	0.2206
3111.05	0.2212
3109.12	0.2216
3107.19	0.2220
3105.26	0.2221
3103.34	0.2221
3101.41	0.2220
3099.48	0.2224
3097.55	0.2228
3095.62	0.2232
3093.69	0.2239
3091.76	0.2247
3089.84	0.2252
3087.91	0.2254
3085.98	0.2256
3084.05	0.2257
3082.12	0.2257
3080.19	0.2258
3078.26	0.2262
3076.33	0.2270
3074.41	0.2276
3072.48	0.2281
3070.55	0.2282
3068.62	0.2280
3066.69	0.2278
3064.76	0.2280
3062.83	0.2288
3060.90	0.2295
3058.98	0.2297
3057.05	0.2297
3055.12	0.2302
3053.19	0.2309
3051.26	0.2313
3049.33	0.2314
3047.40	0.2319
3045.47	0.2325
3043.55	0.2330
3041.62	0.2333
3039.69	0.2336
3037.76	0.2337
3035.83	0.2336
3033.90	0.2333
3031.97	0.2333
3030.04	0.2339
3028.12	0.2348
3026.19	0.2355
3024.26	0.2359
3022.33	0.2362
3020.40	0.2365
3018.47	0.2364
3016.54	0.2363
3014.61	0.2363
3012.69	0.2366
3010.76	0.2372
3008.83	0.2379
3006.90	0.2384
3004.97	0.2387
3003.04	0.2390
3001.11	0.2395
2999.18	0.2398
2997.26	0.2400
2995.33	0.2400
2993.40	0.2402
2991.47	0.2404
2989.54	0.2406
2987.61	0.2407
2985.68	0.2408
2983.75	0.2410
2981.83	0.2409
2979.90	0.2407
2977.97	0.2405
2976.04	0.2401
2974.11	0.2397
2972.18	0.2391
2970.25	0.2384
2968.32	0.2376
2966.40	0.2368
2964.47	0.2363
2962.54	0.2361
2960.61	0.2362
2958.68	0.2366
2956.75	0.2373
2954.82	0.2382
2952.89	0.2391
2950.97	0.2400
2949.04	0.2407
2947.11	0.2411
2945.18	0.2413
2943.25	0.2413
2941.32	0.2410
2939.39	0.2405
2937.46	0.2399
2935.54	0.2392
2933.61	0.2386
2931.68	0.2380
2929.75	0.2375
2927.82	0.2371
2925.89	0.2370
2923.96	0.2372
2922.04	0.2377
2920.11	0.2385
2918.18	0.2397
2916.25	0.2411
2914.32	0.2427
2912.39	0.2442
2910.46	0.2456
2908.53	0.2467
2906.61	0.2477
2904.68	0.2485
2902.75	0.2493
2900.82	0.2501
2898.89	0.2508
2896.96	0.2515
2895.03	0.2522
2893.10	0.2528
2891.18	0.2534
2889.25	0.2540
2887.32	0.2546
2885.39	0.2550
2883.46	0.2554
2881.53	0.2556
2879.60	0.2558
2877.67	0.2559
2875.75	0.2560
2873.82	0.2561
2871.89	0.2563
2869.96	0.2566
2868.03	0.2568
2866.10	0.2570
2864.17	0.2570
2862.24	0.2568
2860.32	0.2566
2858.39	0.2563
2856.46	0.2561
2854.53	0.2561
2852.60	0.2564
2850.67	0.2570
2848.74	0.2582
2846.81	0.2597
2844.89	0.2613
2842.96	0.2628
2841.03	0.2640
2839.10	0.2649
2837.17	0.2657
2835.24	0.2664
2833.31	0.2670
2831.38	0.2675
2829.46	0.2680
2827.53	0.2684
2825.60	0.2688
2823.67	0.2692
2821.74	0.2697
2819.81	0.2701
2817.88	0.2705
2815.95	0.2708
2814.03	0.2712
2812.10	0.2716
2810.17	0.2720
2808.24	0.2723
2806.31	0.2727
2804.38	0.2731
2802.45	0.2734
2800.52	0.2738
2798.60	0.2742
2796.67	0.2745
2794.74	0.2749
2792.81	0.2753
2790.88	0.2756
2788.95	0.2760
2787.02	0.2763
2785.09	0.2767
2783.17	0.2770
2781.24	0.2774
2779.31	0.2777
2777.38	0.2781
2775.45	0.2784
2773.52	0.2788
2771.59	0.2791
2769.66	0.2794
2767.74	0.2798
2765.81	0.2801
2763.88	0.2804
2761.95	0.2807
2760.02	0.2811
2758.09	0.2814
2756.16	0.2817
2754.24	0.2820
2752.31	0.2824
2750.38	0.2827
2748.45	0.2830
2746.52	0.2833
2744.59	0.2836
2742.66	0.2839
2740.73	0.2842
2738.81	0.2846
2736.88	0.2849
2734.95	0.2852
2733.02	0.2855
2731.09	0.2858
2729.16	0.2861
2727.23	0.2865
2725.30	0.2868
2723.38	0.2871
2721.45	0.2874
2719.52	0.2877
2717.59	0.2881
2715.66	0.2884
2713.73	0.2887
2711.80	0.2890
2709.87	0.2894
2707.95	0.2897
2706.02	0.2900
2704.09	0.2903
2702.16	0.2907
2700.23	0.2910
2698.30	0.2913
2696.37	0.2916
2694.44	0.2919
2692.52	0.2923
2690.59	0.2926
2688.66	0.2929
2686.73	0.2932
2684.80	0.2935
2682.87	0.2939
2680.94	0.2942
2679.01	0.2945
2677.09	0.2948
2675.16	0.2951
2673.23	0.2954
2671.30	0.2957
2669.37	0.2961
2667.44	0.2964
2665.51	0.2967
2663.58	0.2970
2661.66	0.2973
2659.73	0.2977
2657.80	0.2980
2655.87	0.2983
2653.94	0.2986
2652.01	0.2989
2650.08	0.2992
2648.15	0.2996
2646.23	0.2999
2644.30	0.3002
2642.37	0.3005
2640.44	0.3008
2638.51	0.3011
2636.58	0.3015
2634.65	0.3018
2632.72	0.3021
2630.80	0.3024
2628.87	0.3027
2626.94	0.3030
2625.01	0.3033
2623.08	0.3037
2621.15	0.3040
2619.22	0.3043
2617.29	0.3046
2615.37	0.3049
2613.44	0.3052
2611.51	0.3056
2609.58	0.3059
2607.65	0.3062
2605.72	0.3065
2603.79	0.3068
2601.86	0.3071
2599.94	0.3074
2598.01	0.3078
2596.08	0.3081
2594.15	0.3084
2592.22	0.3087
2590.29	0.3090
2588.36	0.3093
2586.43	0.3096
2584.51	0.3100
2582.58	0.3103
2580.65	0.3106
2578.72	0.3109
2576.79	0.3112
2574.86	0.3115
2572.93	0.3119
2571.01	0.3122
2569.08	0.3125
2567.15	0.3128
2565.22	0.3131
2563.29	0.3134
2561.36	0.3138
2559.43	0.3141
2557.50	0.3144
2555.58	0.3147
2553.65	0.3150
2551.72	0.3153
2549.79	0.3156
2547.86	0.3160
2545.93	0.3163
2544.00	0.3166
2542.07	0.3169
2540.15	0.3172
2538.22	0.3175
2536.29	0.3178
2534.36	0.3182
2532.43	0.3185
2530.50	0.3188
2528.57	0.3191
2526.64	0.3194
2524.72	0.3197
2522.79	0.3201
2520.86	0.3204
2518.93	0.3207
2517.00	0.3210
2515.07	0.3213
2513.14	0.3216
2511.21	0.3220
2509.29	0.3223
2507.36	0.3226
2505.43	0.3229
2503.50	0.3232
2501.57	0.3235
2499.64	0.3238
2497.71	0.3242
2495.78	0.3245
2493.86	0.3248
2491.93	0.3251
2490.00	0.3255
2488.07	0.3258
2486.14	0.3261
2484.21	0.3264
2482.28	0.3267
2480.35	0.3270
2478.43	0.3274
2476.50	0.3277
2474.57	0.3280
2472.64	0.3283
2470.71	0.3287
2468.78	0.3290
2466.85	0.3293
2464.92	0.3296
2463.00	0.3299
2461.07	0.3303
2459.14	0.3306
2457.21	0.3309
2455.28	0.3312
2453.35	0.3315
2451.42	0.3318
2449.49	0.3322
2447.57	0.3325
2445.64	0.3328
2443.71	0.3331
2441.78	0.3334
2439.85	0.3337
2437.92	0.3341
2435.99	0.3344
2434.06	0.3347
2432.14	0.3350
2430.21	0.3353
2428.28	0.3356
2426.35	0.3359
2424.42	0.3362
2422.49	0.3366
2420.56	0.3369
2418.63	0.3372
2416.71	0.3375
2414.78	0.3378
2412.85	0.3382
2410.92	0.3385
2408.99	0.3388
2407.06	0.3391
2405.13	0.3394
2403.21	0.3397
2401.28	0.3400
2399.35	0.3403
2397.42	0.3406
2395.49	0.3408
2393.56	0.3410
2391.63	0.3407
2389.70	0.3391
2387.78	0.3346
2385.85	0.3248
2383.92	0.3073
2381.99	0.2816
2380.06	0.2499
2378.13	0.2159
2376.20	0.1830
2374.27	0.1532
2372.35	0.1274
2370.42	0.1060
2368.49	0.0890
2366.56	0.0761
2364.63	0.0672
2362.70	0.0619
2360.77	0.0599
2358.84	0.0615
2356.92	0.0678
2354.99	0.0803
2353.06	0.1013
2351.13	0.1289
2349.20	0.1467
2347.27	0.1390
2345.34	0.1169
2343.41	0.1014
2341.49	0.0966
2339.56	0.0970
2337.63	0.0994
2335.70	0.1023
2333.77	0.1046
2331.84	0.1066
2329.91	0.1107
2327.98	0.1178
2326.06	0.1256
2324.13	0.1330
2322.20	0.1419
2320.27	0.1549
2318.34	0.1712
2316.41	0.1871
2314.48	0.1999
2312.55	0.2111
2310.63	0.2235
2308.70	0.2378
2306.77	0.2528
2304.84	0.2671
2302.91	0.2792
2300.98	0.2891
2299.05	0.2978
2297.12	0.3058
2295.20	0.3133
2293.27	0.3204
2291.34	0.3272
2289.41	0.3335
2287.48	0.3396
2285.55	0.3450
2283.62	0.3485
2281.69	0.3494
2279.77	0.3485
2277.84	0.3473
2275.91	0.3466
2273.98	0.3462
2272.05	0.3463
2270.12	0.3466
2268.19	0.3471
2266.26	0.3479
2264.34	0.3489
2262.41	0.3501
2260.48	0.3514
2258.55	0.3528
2256.62	0.3541
2254.69	0.3554
2252.76	0.3566
2250.83	0.3577
2248.91	0.3588
2246.98	0.3597
2245.05	0.3605
2243.12	0.3613
2241.19	0.3619
2239.26	0.3625
2237.33	0.3631
2235.41	0.3636
2233.48	0.3641
2231.55	0.3646
2229.62	0.3650
2227.69	0.3655
2225.76	0.3659
2223.83	0.3662
2221.90	0.3665
2219.98	0.3668
2218.05	0.3670
2216.12	0.3672
2214.19	0.3674
2212.26	0.3677
2210.33	0.3679
2208.40	0.3681
2206.47	0.3684
2204.55	0.3686
2202.62	0.3689
2200.69	0.3691
2198.76	0.3694
2196.83	0.3696
2194.90	0.3698
2192.97	0.3701
2191.04	0.3703
2189.12	0.3705
2187.19	0.3707
2185.26	0.3710
2183.33	0.3712
2181.40	0.3714
2179.47	0.3716
2177.54	0.3719
2175.61	0.3721
2173.69	0.3722
2171.76	0.3724
2169.83	0.3726
2167.90	0.3728
2165.97	0.3731
2164.04	0.3733
2162.11	0.3735
2160.18	0.3737
2158.26	0.3740
2156.33	0.3743
2154.40	0.3745
2152.47	0.3747
2150.54	0.3749
2148.61	0.3751
2146.68	0.3752
2144.75	0.3754
2142.83	0.3756
2140.90	0.3757
2138.97	0.3757
2137.04	0.3757
2135.11	0.3760
2133.18	0.3763
2131.25	0.3766
2129.32	0.3767
2127.40	0.3768
2125.47	0.3770
2123.54	0.3771
2121.61	0.3773
2119.68	0.3774
2117.75	0.3774
2115.82	0.3774
2113.89	0.3776
2111.97	0.3779
2110.04	0.3782
2108.11	0.3784
2106.18	0.3786
2104.25	0.3788
2102.32	0.3790
2100.39	0.3791
2098.46	0.3793
2096.54	0.3795
2094.61	0.3796
2092.68	0.3794
2090.75	0.3791
2088.82	0.3792
2086.89	0.3799
2084.96	0.3805
2083.03	0.3807
2081.11	0.3808
2079.18	0.3808
2077.25	0.3809
2075.32	0.3811
2073.39	0.3814
2071.46	0.3817
2069.53	0.3817
2067.60	0.3808
2065.68	0.3797
2063.75	0.3800
2061.82	0.3813
2059.89	0.3822
2057.96	0.3827
2056.03	0.3830
2054.10	0.3831
2052.18	0.3833
2050.25	0.3834
2048.32	0.3835
2046.39	0.3833
2044.46	0.3827
2042.53	0.3819
2040.60	0.3820
2038.67	0.3832
2036.75	0.3841
2034.82	0.3845
2032.89	0.3846
2030.96	0.3848
2029.03	0.3848
2027.10	0.3847
2025.17	0.3847
2023.24	0.3846
2021.32	0.3838
2019.39	0.3816
2017.46	0.3797
2015.53	0.3811
2013.60	0.3840
2011.67	0.3853
2009.74	0.3853
2007.81	0.3853
2005.89	0.3855
2003.96	0.3858
2002.03	0.3858
2000.10	0.3855
1998.17	0.3854
1996.24	0.3842
1994.31	0.3798
1992.38	0.3750
1990.46	0.3757
1988.53	0.3799
1986.60	0.3833
1984.67	0.3851
1982.74	0.3857
1980.81	0.3858
1978.88	0.3857
1976.95	0.3856
1975.03	0.3856
1973.10	0.3854
1971.17	0.3840
1969.24	0.3800
1967.31	0.3768
1965.38	0.3786
1963.45	0.3824
1961.52	0.3840
1959.60	0.3841
1957.67	0.3838
1955.74	0.3832
1953.81	0.3834
1951.88	0.3839
1949.95	0.3836
1948.02	0.3816
1946.09	0.3764
1944.17	0.3687
1942.24	0.3661
1940.31	0.3731
1938.38	0.3807
1936.45	0.3830
1934.52	0.3827
1932.59	0.3824
1930.66	0.3825
1928.74	0.3824
1926.81	0.3799
1924.88	0.3732
1922.95	0.3671
1921.02	0.3638
1919.09	0.3594
1917.16	0.3608
1915.23	0.3708
1913.31	0.3769
1911.38	0.3742
1909.45	0.3710
1907.52	0.3727
1905.59	0.3763
1903.66	0.3782
1901.73	0.3787
1899.80	0.3783
1897.88	0.3754
1895.95	0.3715
1894.02	0.3698
1892.09	0.3661
1890.16	0.3601
1888.23	0.3617
1886.30	0.3692
1884.38	0.3735
1882.45	0.3746
1880.52	0.3748
1878.59	0.3746
1876.66	0.3744
1874.73	0.3731
1872.80	0.3646
1870.87	0.3451
1868.95	0.3300
1867.02	0.3372
1865.09	0.3558
1863.16	0.3664
1861.23	0.3682
1859.30	0.3678
1857.37	0.3682
1855.44	0.3689
1853.52	0.3687
1851.59	0.3663
1849.66	0.3597
1847.73	0.3448
1845.80	0.3233
1843.87	0.3160
1841.94	0.3340
1840.01	0.3532
1838.09	0.3577
1836.16	0.3572
1834.23	0.3543
1832.30	0.3398
1830.37	0.3227
1828.44	0.3202
1826.51	0.3254
1824.58	0.3316
1822.66	0.3436
1820.73	0.3533
1818.80	0.3545
1816.87	0.3534
1814.94	0.3515
1813.01	0.3445
1811.08	0.3370
1809.15	0.3380
1807.23	0.3438
1805.30	0.3434
1803.37	0.3327
1801.44	0.3203
1799.51	0.3186
1797.58	0.3239
1795.65	0.3178
1793.72	0.2981
1791.80	0.2913
1789.87	0.3103
1787.94	0.3289
1786.01	0.3298
1784.08	0.3251
1782.15	0.3221
1780.22	0.3214
1778.29	0.3230
1776.37	0.3144
1774.44	0.2879
1772.51	0.2655
1770.58	0.2696
1768.65	0.2897
1766.72	0.3085
1764.79	0.3140
1762.86	0.3037
1760.94	0.2981
1759.01	0.3014
1757.08	0.3031
1755.15	0.3030
1753.22	0.2905
1751.29	0.2677
1749.36	0.2600
1747.43	0.2714
1745.51	0.2832
1743.58	0.2844
1741.65	0.2772
1739.72	0.2729
1737.79	0.2684
1735.86	0.2450
1733.93	0.2253
1732.00	0.2423
1730.08	0.2745
1728.15	0.2959
1726.22	0.3045
1724.29	0.3028
1722.36	0.2925
1720.43	0.2637
1718.50	0.2249
1716.58	0.2127
1714.65	0.2359
1712.72	0.2665
1710.79	0.2815
1708.86	0.2751
1706.93	0.2568
1705.00	0.2421
1703.07	0.2224
1701.15	0.1929
1699.22	0.1813
1697.29	0.1912
1695.36	0.2120
1693.43	0.2436
1691.50	0.2627
1689.57	0.2575
1687.64	0.2343
1685.72	0.1977
1683.79	0.1828
1681.86	0.2081
1679.93	0.2378
1678.00	0.2398
1676.07	0.2243
1674.14	0.2168
1672.21	0.2138
1670.29	0.2063
1668.36	0.2127
1666.43	0.2295
1664.50	0.2298
1662.57	0.2225
1660.64	0.2274
1658.71	0.2306
1656.78	0.2060
1654.86	0.1579
1652.93	0.1332
1651.00	0.1506
1649.07	0.1644
1647.14	0.1592
1645.21	0.1679
1643.28	0.1894
1641.35	0.1977
1639.43	0.1844
1637.50	0.1579
1635.57	0.1436
1633.64	0.1577
1631.71	0.1765
1629.78	0.1772
1627.85	0.1685
1625.92	0.1599
1624.00	0.1528
1622.07	0.1528
1620.14	0.1526
1618.21	0.1410
1616.28	0.1337
1614.35	0.1430
1612.42	0.1523
1610.49	0.1513
1608.57	0.1473
1606.64	0.1452
1604.71	0.1431
1602.78	0.1403
1600.85	0.1377
1598.92	0.1350
1596.99	0.1311
1595.06	0.1268
1593.14	0.1237
1591.21	0.1212
1589.28	0.1185
1587.35	0.1156
1585.42	0.1124
1583.49	0.1089
1581.56	0.1046
1579.63	0.0961
1577.71	0.0831
1575.78	0.0761
1573.85	0.0789
1571.92	0.0787
1569.99	0.0729
1568.06	0.0713
1566.13	0.0728
1564.20	0.0706
1562.28	0.0605
1560.35	0.0451
1558.42	0.0386
1556.49	0.0456
1554.56	0.0551
1552.63	0.0603
1550.70	0.0625
1548.78	0.0626
1546.85	0.0596
1544.92	0.0523
1542.99	0.0433
1541.06	0.0369
1539.13	0.0390
1537.20	0.0472
1535.27	0.0508
1533.35	0.0499
1531.42	0.0509
1529.49	0.0510
1527.56	0.0470
1525.63	0.0421
1523.70	0.0371
1521.77	0.0328
1519.84	0.0316
1517.92	0.0322
1515.99	0.0326
1514.06	0.0329
1512.13	0.0314
1510.20	0.0268
1508.27	0.0209
1506.34	0.0187
1504.41	0.0219
1502.49	0.0252
1500.56	0.0244
1498.63	0.0216
1496.70	0.0199
1494.77	0.0202
1492.84	0.0199
1490.91	0.0179
1488.98	0.0167
1487.06	0.0175
1485.13	0.0189
1483.20	0.0194
1481.27	0.0190
1479.34	0.0182
1477.41	0.0165
1475.48	0.0143
1473.55	0.0125
1471.63	0.0123
1469.70	0.0132
1467.77	0.0131
1465.84	0.0117
1463.91	0.0106
1461.98	0.0099
1460.05	0.0083
1458.12	0.0061
1456.20	0.0051
1454.27	0.0053
1452.34	0.0052
1450.41	0.0045
1448.48	0.0036
1446.55	0.0030
1444.62	0.0025
1442.69	0.0021
1440.77	0.0017
1438.84	0.0012
1436.91	0.0009
1434.98	0.0008
1433.05	0.0008
1431.12	0.0007
1429.19	0.0007
1427.26	0.0007
1425.34	0.0008
1423.41	0.0008
1421.48	0.0007
1419.55	0.0007
1417.62	0.0008
1415.69	0.0009
1413.76	0.0009
1411.83	0.0008
1409.91	0.0007
1407.98	0.0006
1406.05	0.0005
1404.12	0.0004
1402.19	0.0004
1400.26	0.0003
1398.33	0.0003
1396.40	0.0003
1394.48	0.0003
1392.55	0.0003
1390.62	0.0003
1388.69	0.0003
1386.76	0.0004
1384.83	0.0004
1382.90	0.0004
1380.97	0.0004
1379.05	0.0004
1377.12	0.0005
1375.19	0.0005
1373.26	0.0005
1371.33	0.0005
1369.40	0.0005
1367.47	0.0005
1365.55	0.0005
1363.62	0.0005
1361.69	0.0005
1359.76	0.0006
1357.83	0.0006
1355.90	0.0006
1353.97	0.0006
1352.04	0.0006
1350.12	0.0006
1348.19	0.0006
1346.26	0.0006
1344.33	0.0006
1342.40	0.0006
1340.47	0.0006
1338.54	0.0006
1336.61	0.0006
1334.69	0.0006
1332.76	0.0006
1330.83	0.0006
1328.90	0.0006
1326.97	0.0006
1325.04	0.0006
1323.11	0.0006
1321.18	0.0006
1319.26	0.0006
1317.33	0.0006
1315.40	0.0006
1313.47	0.0006
1311.54	0.0006
1309.61	0.0006
1307.68	0.0006
1305.75	0.0006
1303.83	0.0006
1301.90	0.0006
1299.97	0.0006
1298.04	0.0006
1296.11	0.0006
1294.18	0.0006
1292.25	0.0006
1290.32	0.0006
1288.40	0.0006
1286.47	0.0005
1284.54	0.0005
1282.61	0.0005
1280.68	0.0005
1278.75	0.0005
1276.82	0.0005
1274.89	0.0005
1272.97	0.0005
1271.04	0.0005
1269.11	0.0005
1267.18	0.0005
1265.25	0.0005
1263.32	0.0005
1261.39	0.0005
1259.46	0.0005
1257.54	0.0005
1255.61	0.0005
1253.68	0.0005
1251.75	0.0005
1249.82	0.0005
1247.89	0.0005
1245.96	0.0005
1244.03	0.0005
1242.11	0.0005
1240.18	0.0005
1238.25	0.0005
1236.32	0.0005
1234.39	0.0005
1232.46	0.0005
1230.53	0.0005
1228.60	0.0005
1226.68	0.0005
1224.75	0.0005
1222.82	0.0005
1220.89	0.0005
1218.96	0.0005
1217.03	0.0005
1215.10	0.0005
1213.17	0.0005
1211.25	0.0005
1209.32	0.0005
1207.39	0.0005
1205.46	0.0005
1203.53	0.0005
1201.60	0.0005
1199.67	0.0005
1197.75	0.0005
1195.82	0.0005
1193.89	0.0005
1191.96	0.0005
1190.03	0.0005
1188.10	0.0005
1186.17	0.0005
1184.24	0.0005
1182.32	0.0005
1180.39	0.0005
1178.46	0.0005
1176.53	0.0005
1174.60	0.0005
1172.67	0.0005
1170.74	0.0005
1168.81	0.0005
1166.89	0.0005
1164.96	0.0005
1163.03	0.0005
1161.10	0.0005
1159.17	0.0005
1157.24	0.0005
1155.31	0.0005
1153.38	0.0005
1151.46	0.0005
1149.53	0.0005
1147.60	0.0005
1145.67	0.0005
1143.74	0.0005
1141.81	0.0005
1139.88	0.0005
1137.95	0.0005
1136.03	0.0005
1134.10	0.0005
1132.17	0.0005
1130.24	0.0005
1128.31	0.0005
1126.38	0.0005
1124.45	0.0005
1122.52	0.0005
1120.60	0.0005
1118.67	0.0005
1116.74	0.0005
1114.81	0.0005
1112.88	0.0005
1110.95	0.0005
1109.02	0.0005
1107.09	0.0005
1105.17	0.0005
1103.24	0.0005
1101.31	0.0005
1099.38	0.0005
1097.45	0.0005
1095.52	0.0005
1093.59	0.0005
1091.66	0.0005
1089.74	0.0005
1087.81	0.0005
1085.88	0.0005
1083.95	0.0005
1082.02	0.0005
1080.09	0.0005
1078.16	0.0005
1076.23	0.0005
1074.31	0.0005
1072.38	0.0005
1070.45	0.0005
1068.52	0.0005
1066.59	0.0005
1064.66	0.0005
1062.73	0.0005
1060.80	0.0005
1058.88	0.0005
1056.95	0.0005
1055.02	0.0005
1053.09	0.0005
1051.16	0.0005
1049.23	0.0005
1047.30	0.0004
1045.37	0.0004
1043.45	0.0005
1041.52	0.0005
1039.59	0.0005
1037.66	0.0005
1035.73	0.0004
1033.80	0.0004
1031.87	0.0005
1029.95	0.0005
1028.02	0.0005
1026.09	0.0005
1024.16	0.0005
1022.23	0.0004
1020.30	0.0004
1018.37	0.0004
1016.44	0.0005
1014.52	0.0005
1012.59	0.0004
1010.66	0.0004
1008.73	0.0005
1006.80	0.0005
1004.87	0.0005
1002.94	0.0005
1001.01	0.0004
999.09	0.0004
997.16	0.0004
995.23	0.0004
993.30	0.0004
991.37	0.0004
989.44	0.0004
987.51	0.0004
985.58	0.0004
983.66	0.0004
981.73	0.0005
979.80	0.0004
977.87	0.0004
975.94	0.0004
974.01	0.0004
972.08	0.0004
970.15	0.0004
968.23	0.0004
966.30	0.0004
964.37	0.0004
962.44	0.0004
960.51	0.0004
958.58	0.0004
956.65	0.0004
954.72	0.0005
952.80	0.0004
950.87	0.0004
948.94	0.0004
947.01	0.0004
945.08	0.0004
943.15	0.0004
941.22	0.0004
939.29	0.0004
937.37	0.0004
935.44	0.0004
933.51	0.0004
931.58	0.0004
929.65	0.0004
927.72	0.0004
925.79	0.0004
923.86	0.0004
921.94	0.0004
920.01	0.0004
918.08	0.0004
916.15	0.0004
914.22	0.0004
912.29	0.0004
910.36	0.0004
908.43	0.0004
906.51	0.0004
904.58	0.0004
902.65	0.0004
900.72	0.0004
898.79	0.0004
896.86	0.0004
894.93	0.0004
893.00	0.0004
891.08	0.0004
889.15	0.0004
887.22	0.0004
885.29	0.0004
883.36	0.0004
881.43	0.0004
879.50	0.0004
877.57	0.0004
875.65	0.0004
873.72	0.0004
871.79	0.0004
869.86	0.0004
867.93	0.0004
866.00	0.0004
864.07	0.0004
862.14	0.0004
860.22	0.0004
858.29	0.0004
856.36	0.0004
854.43	0.0004
852.50	0.0004
850.57	0.0004
848.64	0.0004
846.72	0.0004
844.79	0.0004
842.86	0.0004
840.93	0.0004
839.00	0.0004
837.07	0.0004
835.14	0.0004
833.21	0.0004
831.29	0.0004
829.36	0.0004
827.43	0.0004
825.50	0.0004
823.57	0.0004
821.64	0.0004
819.71	0.0004
817.78	0.0004
815.86	0.0004
813.93	0.0004
812.00	0.0004
810.07	0.0004
808.14	0.0004
806.21	0.0004
804.28	0.0004
802.35	0.0004
800.43	0.0004
798.50	0.0004
796.57	0.0004
794.64	0.0004
792.71	0.0004
790.78	0.0004
788.85	0.0004
786.92	0.0004
785.00	0.0004
783.07	0.0004
781.14	0.0004
779.21	0.0004
777.28	0.0004
775.35	0.0004
773.42	0.0004
771.49	0.0004
769.57	0.0004
767.64	0.0004
765.71	0.0004
763.78	0.0004
761.85	0.0004
759.92	0.0004
757.99	0.0004
756.06	0.0004
754.14	0.0004
752.21	0.0004
750.28	0.0004
748.35	0.0004
746.42	0.0004
744.49	0.0004
742.56	0.0004
740.63	0.0004
738.71	0.0004
736.78	0.0004
734.85	0.0004
732.92	0.0004
730.99	0.0004
729.06	0.0004
727.13	0.0004
725.20	0.0004
723.28	0.0004
721.35	0.0004
719.42	0.0004
717.49	0.0004
715.56	0.0004
713.63	0.0004
711.70	0.0004
709.77	0.0004
707.85	0.0004
705.92	0.0004
703.99	0.0004
702.06	0.0004
700.13	0.0004
698.20	0.0004
696.27	0.0004
694.34	0.0004
692.42	0.0004
690.49	0.0004
688.56	0.0004
686.63	0.0004
684.70	0.0004
682.77	0.0004
680.84	0.0004
678.92	0.0004
676.99	0.0004
675.06	0.0004
673.13	0.0004
671.20	0.0004
669.27	0.0004
667.34	0.0004
665.41	0.0004
663.49	0.0004
661.56	0.0004
659.63	0.0004
657.70	0.0004
655.77	0.0004
653.84	0.0004
651.91	0.0004
649.98	0.0004
648.06	0.0004
646.13	0.0004
644.20	0.0004
642.27	0.0004
640.34	0.0004
638.41	0.0004
636.48	0.0004
634.55	0.0004
632.63	0.0004
630.70	0.0004
628.77	0.0003
626.84	0.0004
624.91	0.0004
622.98	0.0004
621.05	0.0004
619.12	0.0004
617.20	0.0004
615.27	0.0004
613.34	0.0004
611.41	0.0004
609.48	0.0004
607.55	0.0004
605.62	0.0003
603.69	0.0003
601.77	0.0003
599.84	0.0003
597.91	0.0004
595.98	0.0004
594.05	0.0004
592.12	0.0004
590.19	0.0004
588.26	0.0004
586.34	0.0004
584.41	0.0004
582.48	0.0004
580.55	0.0004
578.62	0.0004
576.69	0.0004
574.76	0.0004
572.83	0.0004
570.91	0.0003
568.98	0.0004
567.05	0.0004
565.12	0.0004
563.19	0.0004
561.26	0.0004
559.33	0.0004
557.40	0.0004
555.48	0.0004
553.55	0.0003
551.62	0.0003
549.69	0.0003
547.76	0.0004
545.83	0.0004
543.90	0.0004
541.97	0.0004
540.05	0.0004
538.12	0.0004
536.19	0.0003
534.26	0.0003
532.33	0.0004
530.40	0.0004
528.47	0.0003
526.54	0.0003
524.62	0.0003
522.69	0.0003
520.76	0.0004
518.83	0.0004
516.90	0.0004
514.97	0.0004
513.04	0.0004
511.12	0.0004
509.19	0.0004
507.26	0.0003
505.33	0.0003
503.40	0.0003
501.47	0.0004
499.54	0.0004
497.61	0.0004
495.69	0.0004
493.76	0.0004
491.83	0.0004
489.90	0.0004
487.97	0.0004
486.04	0.0003
484.11	0.0003
482.18	0.0003
480.26	0.0003
478.33	0.0003
476.40	0.0004
474.47	0.0004
472.54	0.0004
470.61	0.0004
468.68	0.0004
466.75	0.0004
464.83	0.0004
462.90	0.0003
460.97	0.0003
459.04	0.0003
457.11	0.0003
455.18	0.0003
453.25	0.0003
451.32	0.0003
449.40	0.0003
447.47	0.0003
445.54	0.0003
443.61	0.0003
441.68	0.0003
439.75	0.0003
437.82	0.0003
435.89	0.0003
433.97	0.0003
432.04	0.0003
430.11	0.0003
428.18	0.0004
426.25	0.0004
424.32	0.0004
422.39	0.0004
420.46	0.0004
418.54	0.0003
416.61	0.0003
414.68	0.0003
412.75	0.0003
410.82	0.0003
408.89	0.0003
406.96	0.0003
405.03	0.0004
403.11	0.0004
401.18	0.0004
399.25	0.0004
