3996.34	0.1214
3994.41	0.1213
3992.48	0.1214
3990.55	0.1216
3988.63	0.1221
3986.70	0.1226
3984.77	0.1228
3982.84	0.1228
3980.91	0.1230
3978.98	0.1230
3977.05	0.1228
3975.12	0.1225
3973.20	0.1226
3971.27	0.1230
3969.34	0.1235
3967.41	0.1241
3965.48	0.1243
3963.55	0.1237
3961.62	0.1233
3959.70	0.1237
3957.77	0.1243
3955.84	0.1246
3953.91	0.1243
3951.98	0.1228
3950.05	0.1208
3948.12	0.1205
3946.19	0.1212
3944.27	0.1207
3942.34	0.1209
3940.41	0.1234
3938.48	0.1260
3936.55	0.1259
3934.62	0.1228
3932.69	0.1193
3930.76	0.1195
3928.84	0.1220
3926.91	0.1224
3924.98	0.1211
3923.05	0.1211
3921.12	0.1206
3919.19	0.1183
3917.26	0.1181
3915.33	0.1225
3913.41	0.1277
3911.48	0.1302
3909.55	0.1290
3907.62	0.1226
3905.69	0.1116
3903.76	0.1027
3901.83	0.1007
3899.90	0.1053
3897.98	0.1148
3896.05	0.1226
3894.12	0.1216
3892.19	0.1165
3890.26	0.1164
3888.33	0.1169
3886.40	0.1130
3884.47	0.1115
3882.55	0.1126
3880.62	0.1137
3878.69	0.1187
3876.76	0.1218
3874.83	0.1178
3872.90	0.1110
3870.97	0.1052
3869.04	0.1055
3867.12	0.1095
3865.19	0.1104
3863.26	0.1123
3861.33	0.1187
3859.40	0.1224
3857.47	0.1142
3855.54	0.0949
3853.61	0.0829
3851.69	0.0932
3849.76	0.1146
3847.83	0.1277
3845.90	0.1277
3843.97	0.1206
3842.04	0.1123
3840.11	0.1040
3838.18	0.0999
3836.26	0.1041
3834.33	0.1119
3832.40	0.1180
3830.47	0.1231
3828.54	0.1261
3826.61	0.1259
3824.68	0.1212
3822.75	0.1106
3820.83	0.1043
3818.90	0.1069
3816.97	0.1101
3815.04	0.1169
3813.11	0.1294
3811.18	0.1353
3809.25	0.1286
3807.32	0.1198
3805.40	0.1168
3803.47	0.1125
3801.54	0.1083
3799.61	0.1135
3797.68	0.1220
3795.75	0.1290
3793.82	0.1368
3791.89	0.1423
3789.97	0.1435
3788.04	0.1419
3786.11	0.1394
3784.18	0.1379
3782.25	0.1361
3780.32	0.1330
3778.39	0.1342
3776.47	0.1402
3774.54	0.1430
3772.61	0.1380
3770.68	0.1302
3768.75	0.1276
3766.82	0.1298
3764.89	0.1335
3762.96	0.1352
3761.04	0.1312
3759.11	0.1266
3757.18	0.1264
3755.25	0.1225
3753.32	0.1089
3751.39	0.0959
3749.46	0.0952
3747.53	0.0983
3745.61	0.0951
3743.68	0.0981
3741.75	0.1119
3739.82	0.1181
3737.89	0.1087
3735.96	0.0975
3734.03	0.0969
3732.10	0.1069
3730.18	0.1186
3728.25	0.1230
3726.32	0.1211
3724.39	0.1203
3722.46	0.1232
3720.53	0.1289
3718.60	0.1357
3716.67	0.1384
3714.75	0.1312
3712.82	0.1177
3710.89	0.1124
3708.96	0.1207
3707.03	0.1327
3705.10	0.1372
3703.17	0.1339
3701.24	0.1329
3699.32	0.1380
3697.39	0.1428
3695.46	0.1422
3693.53	0.1347
3691.60	0.1217
3689.67	0.1132
3687.74	0.1197
3685.81	0.1356
3683.89	0.1465
3681.96	0.1466
3680.03	0.1383
3678.10	0.1226
3676.17	0.1087
3674.24	0.1091
3672.31	0.1148
3670.38	0.1171
3668.46	0.1268
3666.53	0.1436
3664.60	0.1544
3662.67	0.1572
3660.74	0.1553
3658.81	0.1481
3656.88	0.1401
3654.95	0.1375
3653.03	0.1311
3651.10	0.1147
3649.17	0.1048
3647.24	0.1143
3645.31	0.1340
3643.38	0.1481
3641.45	0.1529
3639.52	0.1534
3637.60	0.1519
3635.67	0.1482
3633.74	0.1417
3631.81	0.1291
3629.88	0.1146
3627.95	0.1150
3626.02	0.1310
3624.09	0.1425
3622.17	0.1395
3620.24	0.1304
3618.31	0.1280
3616.38	0.1324
3614.45	0.1346
3612.52	0.1338
3610.59	0.1326
3608.67	0.1329
3606.74	0.1388
3604.81	0.1465
3602.88	0.1486
3600.95	0.1465
3599.02	0.1449
3597.09	0.1435
3595.16	0.1426
3593.24	0.1444
3591.31	0.1441
3589.38	0.1370
3587.45	0.1325
3585.52	0.1397
3583.59	0.1507
3581.66	0.1564
3579.73	0.1576
3577.81	0.1580
3575.88	0.1586
3573.95	0.1592
3572.02	0.1571
3570.09	0.1481
3568.16	0.1367
3566.23	0.1351
3564.30	0.1441
3562.38	0.1532
3560.45	0.1576
3558.52	0.1601
3556.59	0.1611
3554.66	0.1595
3552.73	0.1574
3550.80	0.1572
3548.87	0.1559
3546.95	0.1530
3545.02	0.1532
3543.09	0.1577
3541.16	0.1621
3539.23	0.1633
3537.30	0.1625
3535.37	0.1625
3533.44	0.1631
3531.52	0.1618
3529.59	0.1589
3527.66	0.1568
3525.73	0.1565
3523.80	0.1574
3521.87	0.1598
3519.94	0.1625
3518.01	0.1641
3516.09	0.1648
3514.16	0.1646
3512.23	0.1631
3510.30	0.1614
3508.37	0.1613
3506.44	0.1614
3504.51	0.1599
3502.58	0.1594
3500.66	0.1614
3498.73	0.1634
3496.80	0.1638
3494.87	0.1642
3492.94	0.1648
3491.01	0.1648
3489.08	0.1640
3487.15	0.1637
3485.23	0.1636
3483.30	0.1628
3481.37	0.1626
3479.44	0.1639
3477.51	0.1651
3475.58	0.1653
3473.65	0.1655
3471.72	0.1660
3469.80	0.1662
3467.87	0.1661
3465.94	0.1659
3464.01	0.1657
3462.08	0.1657
3460.15	0.1663
3458.22	0.1670
3456.29	0.1675
3454.37	0.1679
3452.44	0.1680
3450.51	0.1672
3448.58	0.1653
3446.65	0.1645
3444.72	0.1655
3442.79	0.1669
3440.87	0.1680
3438.94	0.1690
3437.01	0.1698
3435.08	0.1702
3433.15	0.1704
3431.22	0.1706
3429.29	0.1710
3427.36	0.1715
3425.44	0.1716
3423.51	0.1711
3421.58	0.1705
3419.65	0.1711
3417.72	0.1725
3415.79	0.1736
3413.86	0.1742
3411.93	0.1745
3410.01	0.1748
3408.08	0.1750
3406.15	0.1752
3404.22	0.1753
3402.29	0.1755
3400.36	0.1756
3398.43	0.1755
3396.50	0.1755
3394.58	0.1757
3392.65	0.1761
3390.72	0.1769
3388.79	0.1776
3386.86	0.1777
3384.93	0.1778
3383.00	0.1782
3381.07	0.1789
3379.15	0.1794
3377.22	0.1797
3375.29	0.1800
3373.36	0.1803
3371.43	0.1806
3369.50	0.1805
3367.57	0.1803
3365.64	0.1803
3363.72	0.1806
3361.79	0.1810
3359.86	0.1815
3357.93	0.1818
3356.00	0.1821
3354.07	0.1826
3352.14	0.1832
3350.21	0.1836
3348.29	0.1839
3346.36	0.1841
3344.43	0.1844
3342.50	0.1846
3340.57	0.1847
3338.64	0.1847
3336.71	0.1846
3334.78	0.1849
3332.86	0.1855
3330.93	0.1860
3329.00	0.1862
3327.07	0.1863
3325.14	0.1866
3323.21	0.1869
3321.28	0.1873
3319.35	0.1876
3317.43	0.1878
3315.50	0.1879
3313.57	0.1879
3311.64	0.1879
3309.71	0.1881
3307.78	0.1887
3305.85	0.1894
3303.92	0.1898
3302.00	0.1900
3300.07	0.1901
3298.14	0.1903
3296.21	0.1905
3294.28	0.1906
3292.35	0.1907
3290.42	0.1910
3288.49	0.1914
3286.57	0.1919
3284.64	0.1921
3282.71	0.1923
3280.78	0.1925
3278.85	0.1926
3276.92	0.1925
3274.99	0.1925
3273.06	0.1930
3271.14	0.1938
3269.21	0.1945
3267.28	0.1948
3265.35	0.1949
3263.42	0.1951
3261.49	0.1954
3259.56	0.1955
3257.64	0.1957
3255.71	0.1957
3253.78	0.1961
3251.85	0.1967
3249.92	0.1972
3247.99	0.1973
3246.06	0.1971
3244.13	0.1972
3242.21	0.1978
3240.28	0.1984
3238.35	0.1986
3236.42	0.1989
3234.49	0.1992
3232.56	0.1994
3230.63	0.1996
3228.70	0.1999
3226.78	0.2003
3224.85	0.2008
3222.92	0.2010
3220.99	0.2009
3219.06	0.2011
3217.13	0.2014
3215.20	0.2016
3213.27	0.2019
3211.35	0.2023
3209.42	0.2027
3207.49	0.2033
3205.56	0.2039
3203.63	0.2043
3201.70	0.2045
3199.77	0.2044
3197.84	0.2045
3195.92	0.2050
3193.99	0.2058
3192.06	0.2063
3190.13	0.2067
3188.20	0.2069
3186.27	0.2070
3184.34	0.2073
3182.41	0.2077
3180.49	0.2079
3178.56	0.2079
3176.63	0.2084
3174.70	0.2092
3172.77	0.2097
3170.84	0.2101
3168.91	0.2104
3166.98	0.2107
3165.06	0.2111
3163.13	0.2115
3161.20	0.2119
3159.27	0.2122
3157.34	0.2126
3155.41	0.2129
3153.48	0.2132
3151.55	0.2135
3149.63	0.2139
3147.70	0.2142
3145.77	0.2146
3143.84	0.2149
3141.91	0.2152
3139.98	0.2156
3138.05	0.2159
3136.12	0.2160
3134.20	0.2158
3132.27	0.2161
3130.34	0.2167
3128.41	0.2170
3126.48	0.2171
3124.55	0.2171
3122.62	0.2172
3120.69	0.2175
3118.77	0.2178
3116.84	0.2181
3114.91	0.2186
3112.98	0.2192
3111.05	0.2198
3109.12	0.2203
3107.19	0.2206
3105.26	0.2208
3103.34	0.2207
3101.41	0.2207
3099.48	0.2211
3097.55	0.2215
3095.62	0.2219
3093.69	0.2226
3091.76	0.2234
3089.84	0.2239
3087.91	0.2241
3085.98	0.2243
3084.05	0.2244
3082.12	0.2244
3080.19	0.2245
3078.26	0.2249
3076.33	0.2257
3074.41	0.2263
3072.48	0.2268
3070.55	0.2269
3068.62	0.2267
3066.69	0.2265
3064.76	0.2267
3062.83	0.2275
3060.90	0.2282
3058.98	0.2284
3057.05	0.2284
3055.12	0.2289
3053.19	0.2296
3051.26	0.2300
3049.33	0.2301
3047.40	0.2306
3045.47	0.2312
3043.55	0.2317
3041.62	0.2320
3039.69	0.2323
3037.76	0.2324
3035.83	0.2323
3033.90	0.2320
3031.97	0.2320
3030.04	0.2326
3028.12	0.2336
3026.19	0.2342
3024.26	0.2346
3022.33	0.2350
3020.40	0.2352
3018.47	0.2351
3016.54	0.2350
3014.61	0.2350
3012.69	0.2353
3010.76	0.2359
3008.83	0.2366
3006.90	0.2371
3004.97	0.2374
3003.04	0.2377
3001.11	0.2382
2999.18	0.2386
2997.26	0.2387
2995.33	0.2387
2993.40	0.2389
2991.47	0.2391
2989.54	0.2393
2987.61	0.2394
2985.68	0.2396
2983.75	0.2397
2981.83	0.2396
2979.90	0.2394
2977.97	0.2392
2976.04	0.2389
2974.11	0.2385
2972.18	0.2379
2970.25	0.2372
2968.32	0.2364
2966.40	0.2356
2964.47	0.2351
2962.54	0.2349
2960.61	0.2350
2958.68	0.2354
2956.75	0.2361
2954.82	0.2370
2952.89	0.2380
2950.97	0.2389
2949.04	0.2395
2947.11	0.2399
2945.18	0.2402
2943.25	0.2401
2941.32	0.2398
2939.39	0.2394
2937.46	0.2387
2935.54	0.2381
2933.61	0.2375
2931.68	0.2369
2929.75	0.2364
2927.82	0.2361
2925.89	0.2359
2923.96	0.2361
2922.04	0.2367
2920.11	0.2375
2918.18	0.2387
2916.25	0.2401
2914.32	0.2417
2912.39	0.2432
2910.46	0.2445
2908.53	0.2456
2906.61	0.2466
2904.68	0.2474
2902.75	0.2482
2900.82	0.2489
2898.89	0.2497
2896.96	0.2503
2895.03	0.2510
2893.10	0.2516
2891.18	0.2523
2889.25	0.2529
2887.32	0.2534
2885.39	0.2538
2883.46	0.2542
2881.53	0.2545
2879.60	0.2546
2877.67	0.2547
2875.75	0.2548
2873.82	0.2550
2871.89	0.2552
2869.96	0.2554
2868.03	0.2557
2866.10	0.2558
2864.17	0.2558
2862.24	0.2557
2860.32	0.2555
2858.39	0.2552
2856.46	0.2551
2854.53	0.2551
2852.60	0.2553
2850.67	0.2560
2848.74	0.2571
2846.81	0.2586
2844.89	0.2602
2842.96	0.2616
2841.03	0.2628
2839.10	0.2638
2837.17	0.2646
2835.24	0.2652
2833.31	0.2658
2831.38	0.2663
2829.46	0.2668
2827.53	0.2672
2825.60	0.2677
2823.67	0.2681
2821.74	0.2685
2819.81	0.2689
2817.88	0.2693
2815.95	0.2697
2814.03	0.2701
2812.10	0.2704
2810.17	0.2708
2808.24	0.2712
2806.31	0.2716
2804.38	0.2719
2802.45	0.2723
2800.52	0.2727
2798.60	0.2730
2796.67	0.2734
2794.74	0.2738
2792.81	0.2741
2790.88	0.2745
2788.95	0.2748
2787.02	0.2752
2785.09	0.2756
2783.17	0.2759
2781.24	0.2763
2779.31	0.2766
2777.38	0.2770
2775.45	0.2773
2773.52	0.2776
2771.59	0.2780
2769.66	0.2783
2767.74	0.2786
2765.81	0.2790
2763.88	0.2793
2761.95	0.2796
2760.02	0.2799
2758.09	0.2803
2756.16	0.2806
2754.24	0.2809
2752.31	0.2812
2750.38	0.2816
2748.45	0.2819
2746.52	0.2822
2744.59	0.2825
2742.66	0.2828
2740.73	0.2832
2738.81	0.2835
2736.88	0.2838
2734.95	0.2841
2733.02	0.2844
2731.09	0.2847
2729.16	0.2851
2727.23	0.2854
2725.30	0.2857
2723.38	0.2860
2721.45	0.2863
2719.52	0.2867
2717.59	0.2870
2715.66	0.2873
2713.73	0.2876
2711.80	0.2880
2709.87	0.2883
2707.95	0.2886
2706.02	0.2889
2704.09	0.2893
2702.16	0.2896
2700.23	0.2899
2698.30	0.2902
2696.37	0.2906
2694.44	0.2909
2692.52	0.2912
2690.59	0.2915
2688.66	0.2919
2686.73	0.2922
2684.80	0.2925
2682.87	0.2928
2680.94	0.2931
2679.01	0.2934
2677.09	0.2938
2675.16	0.2941
2673.23	0.2944
2671.30	0.2947
2669.37	0.2950
2667.44	0.2954
2665.51	0.2957
2663.58	0.2960
2661.66	0.2963
2659.73	0.2966
2657.80	0.2970
2655.87	0.2973
2653.94	0.2976
2652.01	0.2979
2650.08	0.2982
2648.15	0.2986
2646.23	0.2989
2644.30	0.2992
2642.37	0.2995
2640.44	0.2998
2638.51	0.3001
2636.58	0.3005
2634.65	0.3008
2632.72	0.3011
2630.80	0.3014
2628.87	0.3017
2626.94	0.3021
2625.01	0.3024
2623.08	0.3027
2621.15	0.3030
2619.22	0.3033
2617.29	0.3036
2615.37	0.3039
2613.44	0.3043
2611.51	0.3046
2609.58	0.3049
2607.65	0.3052
2605.72	0.3055
2603.79	0.3058
2601.86	0.3062
2599.94	0.3065
2598.01	0.3068
2596.08	0.3071
2594.15	0.3074
2592.22	0.3077
2590.29	0.3081
2588.36	0.3084
2586.43	0.3087
2584.51	0.3090
2582.58	0.3093
2580.65	0.3096
2578.72	0.3099
2576.79	0.3103
2574.86	0.3106
2572.93	0.3109
2571.01	0.3112
2569.08	0.3115
2567.15	0.3119
2565.22	0.3122
2563.29	0.3125
2561.36	0.3128
2559.43	0.3131
2557.50	0.3134
2555.58	0.3138
2553.65	0.3141
2551.72	0.3144
2549.79	0.3147
2547.86	0.3150
2545.93	0.3153
2544.00	0.3157
2542.07	0.3160
2540.15	0.3163
2538.22	0.3166
2536.29	0.3169
2534.36	0.3172
2532.43	0.3175
2530.50	0.3178
2528.57	0.3182
2526.64	0.3185
2524.72	0.3188
2522.79	0.3191
2520.86	0.3194
2518.93	0.3198
2517.00	0.3201
2515.07	0.3204
2513.14	0.3207
2511.21	0.3210
2509.29	0.3213
2507.36	0.3217
2505.43	0.3220
2503.50	0.3223
2501.57	0.3226
2499.64	0.3229
2497.71	0.3232
2495.78	0.3236
2493.86	0.3239
2491.93	0.3242
2490.00	0.3245
2488.07	0.3249
2486.14	0.3252
2484.21	0.3255
2482.28	0.3258
2480.35	0.3261
2478.43	0.3264
2476.50	0.3268
2474.57	0.3271
2472.64	0.3274
2470.71	0.3277
2468.78	0.3281
2466.85	0.3284
2464.92	0.3287
2463.00	0.3290
2461.07	0.3294
2459.14	0.3297
2457.21	0.3300
2455.28	0.3303
2453.35	0.3306
2451.42	0.3310
2449.49	0.3313
2447.57	0.3316
2445.64	0.3319
2443.71	0.3322
2441.78	0.3326
2439.85	0.3329
2437.92	0.3332
2435.99	0.3335
2434.06	0.3338
2432.14	0.3341
2430.21	0.3344
2428.28	0.3347
2426.35	0.3350
2424.42	0.3354
2422.49	0.3357
2420.56	0.3360
2418.63	0.3363
2416.71	0.3367
2414.78	0.3370
2412.85	0.3373
2410.92	0.3376
2408.99	0.3379
2407.06	0.3382
2405.13	0.3385
2403.21	0.3388
2401.28	0.3391
2399.35	0.3394
2397.42	0.3397
2395.49	0.3400
2393.56	0.3401
2391.63	0.3398
2389.70	0.3382
2387.78	0.3336
2385.85	0.3235
2383.92	0.3057
2381.99	0.2796
2380.06	0.2475
2378.13	0.2133
2376.20	0.1803
2374.27	0.1504
2372.35	0.1246
2370.42	0.1032
2368.49	0.0862
2366.56	0.0735
2364.63	0.0646
2362.70	0.0594
2360.77	0.0574
2358.84	0.0590
2356.92	0.0652
2354.99	0.0776
2353.06	0.0984
2351.13	0.1258
2349.20	0.1435
2347.27	0.1359
2345.34	0.1138
2343.41	0.0984
2341.49	0.0937
2339.56	0.0942
2337.63	0.0966
2335.70	0.0995
2333.77	0.1017
2331.84	0.1037
2329.91	0.1078
2327.98	0.1148
2326.06	0.1226
2324.13	0.1299
2322.20	0.1389
2320.27	0.1519
2318.34	0.1682
2316.41	0.1842
2314.48	0.1971
2312.55	0.2082
2310.63	0.2206
2308.70	0.2351
2306.77	0.2503
2304.84	0.2647
2302.91	0.2769
2300.98	0.2869
2299.05	0.2957
2297.12	0.3039
2295.20	0.3115
2293.27	0.3187
2291.34	0.3256
2289.41	0.3321
2287.48	0.3383
2285.55	0.3438
2283.62	0.3474
2281.69	0.3483
2279.77	0.3474
2277.84	0.3463
2275.91	0.3454
2273.98	0.3451
2272.05	0.3451
2270.12	0.3454
2268.19	0.3460
2266.26	0.3468
2264.34	0.3478
2262.41	0.3490
2260.48	0.3504
2258.55	0.3517
2256.62	0.3531
2254.69	0.3544
2252.76	0.3556
2250.83	0.3568
2248.91	0.3579
2246.98	0.3588
2245.05	0.3596
2243.12	0.3604
2241.19	0.3611
2239.26	0.3617
2237.33	0.3622
2235.41	0.3628
2233.48	0.3633
2231.55	0.3637
2229.62	0.3642
2227.69	0.3646
2225.76	0.3650
2223.83	0.3654
2221.90	0.3657
2219.98	0.3659
2218.05	0.3661
2216.12	0.3664
2214.19	0.3666
2212.26	0.3668
2210.33	0.3671
2208.40	0.3673
2206.47	0.3675
2204.55	0.3678
2202.62	0.3680
2200.69	0.3683
2198.76	0.3685
2196.83	0.3688
2194.90	0.3690
2192.97	0.3693
2191.04	0.3695
2189.12	0.3697
2187.19	0.3699
2185.26	0.3701
2183.33	0.3704
2181.40	0.3706
2179.47	0.3708
2177.54	0.3710
2175.61	0.3712
2173.69	0.3714
2171.76	0.3715
2169.83	0.3717
2167.90	0.3720
2165.97	0.3723
2164.04	0.3725
2162.11	0.3726
2160.18	0.3729
2158.26	0.3732
2156.33	0.3734
2154.40	0.3736
2152.47	0.3738
2150.54	0.3740
2148.61	0.3742
2146.68	0.3744
2144.75	0.3746
2142.83	0.3748
2140.90	0.3749
2138.97	0.3749
2137.04	0.3749
2135.11	0.3751
2133.18	0.3755
2131.25	0.3757
2129.32	0.3759
2127.40	0.3760
2125.47	0.3761
2123.54	0.3763
2121.61	0.3764
2119.68	0.3766
2117.75	0.3766
2115.82	0.3766
2113.89	0.3767
2111.97	0.3771
2110.04	0.3774
2108.11	0.3776
2106.18	0.3777
2104.25	0.3779
2102.32	0.3781
2100.39	0.3783
2098.46	0.3784
2096.54	0.3786
2094.61	0.3787
2092.68	0.3785
2090.75	0.3782
2088.82	0.3784
2086.89	0.3790
2084.96	0.3796
2083.03	0.3799
2081.11	0.3800
2079.18	0.3800
2077.25	0.3801
2075.32	0.3803
2073.39	0.3806
2071.46	0.3808
2069.53	0.3808
2067.60	0.3799
2065.68	0.3788
2063.75	0.3791
2061.82	0.3804
2059.89	0.3813
2057.96	0.3818
2056.03	0.3821
2054.10	0.3822
2052.18	0.3824
2050.25	0.3825
2048.32	0.3825
2046.39	0.3824
2044.46	0.3818
2042.53	0.3809
2040.60	0.3810
2038.67	0.3822
2036.75	0.3832
2034.82	0.3835
2032.89	0.3837
2030.96	0.3838
2029.03	0.3838
2027.10	0.3838
2025.17	0.3837
2023.24	0.3836
2021.32	0.3829
2019.39	0.3806
2017.46	0.3787
2015.53	0.3801
2013.60	0.3830
2011.67	0.3844
2009.74	0.3844
2007.81	0.3843
2005.89	0.3846
2003.96	0.3848
2002.03	0.3848
2000.10	0.3845
1998.17	0.3844
1996.24	0.3832
1994.31	0.3787
1992.38	0.3740
1990.46	0.3746
1988.53	0.3789
1986.60	0.3823
1984.67	0.3842
1982.74	0.3848
1980.81	0.3848
1978.88	0.3847
1976.95	0.3846
1975.03	0.3845
1973.10	0.3844
1971.17	0.3830
1969.24	0.3789
1967.31	0.3757
1965.38	0.3776
1963.45	0.3814
1961.52	0.3830
1959.60	0.3831
1957.67	0.3827
1955.74	0.3822
1953.81	0.3823
1951.88	0.3829
1949.95	0.3826
1948.02	0.3805
1946.09	0.3754
1944.17	0.3676
1942.24	0.3650
1940.31	0.3720
1938.38	0.3797
1936.45	0.3819
1934.52	0.3816
1932.59	0.3813
1930.66	0.3815
1928.74	0.3814
1926.81	0.3789
1924.88	0.3721
1922.95	0.3659
1921.02	0.3626
1919.09	0.3583
1917.16	0.3596
1915.23	0.3697
1913.31	0.3758
1911.38	0.3731
1909.45	0.3699
1907.52	0.3715
1905.59	0.3752
1903.66	0.3771
1901.73	0.3776
1899.80	0.3771
1897.88	0.3742
1895.95	0.3703
1894.02	0.3685
1892.09	0.3648
1890.16	0.3588
1888.23	0.3604
1886.30	0.3680
1884.38	0.3723
1882.45	0.3734
1880.52	0.3736
1878.59	0.3734
1876.66	0.3732
1874.73	0.3719
1872.80	0.3634
1870.87	0.3437
1868.95	0.3286
1867.02	0.3358
1865.09	0.3545
1863.16	0.3652
1861.23	0.3670
1859.30	0.3666
1857.37	0.3670
1855.44	0.3676
1853.52	0.3674
1851.59	0.3651
1849.66	0.3583
1847.73	0.3434
1845.80	0.3217
1843.87	0.3144
1841.94	0.3325
1840.01	0.3519
1838.09	0.3563
1836.16	0.3558
1834.23	0.3529
1832.30	0.3384
1830.37	0.3211
1828.44	0.3186
1826.51	0.3238
1824.58	0.3301
1822.66	0.3421
1820.73	0.3519
1818.80	0.3531
1816.87	0.3519
1814.94	0.3501
1813.01	0.3430
1811.08	0.3355
1809.15	0.3366
1807.23	0.3424
1805.30	0.3420
1803.37	0.3312
1801.44	0.3187
1799.51	0.3170
1797.58	0.3223
1795.65	0.3162
1793.72	0.2964
1791.80	0.2895
1789.87	0.3087
1787.94	0.3274
1786.01	0.3283
1784.08	0.3235
1782.15	0.3205
1780.22	0.3198
1778.29	0.3214
1776.37	0.3128
1774.44	0.2862
1772.51	0.2638
1770.58	0.2680
1768.65	0.2881
1766.72	0.3070
1764.79	0.3124
1762.86	0.3021
1760.94	0.2964
1759.01	0.2998
1757.08	0.3015
1755.15	0.3014
1753.22	0.2889
1751.29	0.2659
1749.36	0.2582
1747.43	0.2696
1745.51	0.2814
1743.58	0.2827
1741.65	0.2754
1739.72	0.2712
1737.79	0.2667
1735.86	0.2433
1733.93	0.2236
1732.00	0.2406
1730.08	0.2728
1728.15	0.2942
1726.22	0.3028
1724.29	0.3011
1722.36	0.2908
1720.43	0.2619
1718.50	0.2231
1716.58	0.2110
1714.65	0.2341
1712.72	0.2648
1710.79	0.2798
1708.86	0.2734
1706.93	0.2550
1705.00	0.2403
1703.07	0.2205
1701.15	0.1911
1699.22	0.1795
1697.29	0.1894
1695.36	0.2102
1693.43	0.2419
1691.50	0.2609
1689.57	0.2556
1687.64	0.2324
1685.72	0.1959
1683.79	0.1810
1681.86	0.2063
1679.93	0.2359
1678.00	0.2380
1676.07	0.2225
1674.14	0.2150
1672.21	0.2119
1670.29	0.2044
1668.36	0.2109
1666.43	0.2277
1664.50	0.2281
1662.57	0.2207
1660.64	0.2256
1658.71	0.2287
1656.78	0.2041
1654.86	0.1562
1652.93	0.1316
1651.00	0.1489
1649.07	0.1625
1647.14	0.1572
1645.21	0.1659
1643.28	0.1875
1641.35	0.1957
1639.43	0.1825
1637.50	0.1560
1635.57	0.1418
1633.64	0.1559
1631.71	0.1747
1629.78	0.1753
1627.85	0.1666
1625.92	0.1580
1624.00	0.1509
1622.07	0.1509
1620.14	0.1508
1618.21	0.1392
1616.28	0.1320
1614.35	0.1412
1612.42	0.1504
1610.49	0.1494
1608.57	0.1454
1606.64	0.1433
1604.71	0.1413
1602.78	0.1384
1600.85	0.1359
1598.92	0.1332
1596.99	0.1292
1595.06	0.1250
1593.14	0.1219
1591.21	0.1194
1589.28	0.1167
1587.35	0.1139
1585.42	0.1107
1583.49	0.1072
1581.56	0.1029
1579.63	0.0944
1577.71	0.0815
1575.78	0.0746
1573.85	0.0774
1571.92	0.0771
1569.99	0.0714
1568.06	0.0698
1566.13	0.0713
1564.20	0.0691
1562.28	0.0591
1560.35	0.0439
1558.42	0.0374
1556.49	0.0444
1554.56	0.0537
1552.63	0.0589
1550.70	0.0610
1548.78	0.0612
1546.85	0.0582
1544.92	0.0510
1542.99	0.0420
1541.06	0.0358
1539.13	0.0379
1537.20	0.0460
1535.27	0.0495
1533.35	0.0486
1531.42	0.0496
1529.49	0.0497
1527.56	0.0457
1525.63	0.0409
1523.70	0.0360
1521.77	0.0317
1519.84	0.0306
1517.92	0.0311
1515.99	0.0315
1514.06	0.0318
1512.13	0.0303
1510.20	0.0258
1508.27	0.0200
1506.34	0.0179
1504.41	0.0210
1502.49	0.0242
1500.56	0.0235
1498.63	0.0207
1496.70	0.0191
1494.77	0.0193
1492.84	0.0190
1490.91	0.0171
1488.98	0.0159
1487.06	0.0167
1485.13	0.0180
1483.20	0.0185
1481.27	0.0182
1479.34	0.0174
1477.41	0.0158
1475.48	0.0136
1473.55	0.0118
1471.63	0.0116
1469.70	0.0125
1467.77	0.0124
1465.84	0.0110
1463.91	0.0100
1461.98	0.0093
1460.05	0.0077
1458.12	0.0056
1456.20	0.0046
1454.27	0.0048
1452.34	0.0047
1450.41	0.0040
1448.48	0.0032
1446.55	0.0026
1444.62	0.0021
1442.69	0.0018
1440.77	0.0014
1438.84	0.0010
1436.91	0.0007
1434.98	0.0006
1433.05	0.0006
1431.12	0.0006
1429.19	0.0006
1427.26	0.0007
1425.34	0.0007
1423.41	0.0008
1421.48	0.0008
1419.55	0.0008
1417.62	0.0008
1415.69	0.0008
1413.76	0.0008
1411.83	0.0008
1409.91	0.0008
1407.98	0.0007
1406.05	0.0007
1404.12	0.0007
1402.19	0.0007
1400.26	0.0007
1398.33	0.0008
1396.40	0.0008
1394.48	0.0008
1392.55	0.0008
1390.62	0.0008
1388.69	0.0009
1386.76	0.0009
1384.83	0.0009
1382.90	0.0009
1380.97	0.0010
1379.05	0.0010
1377.12	0.0010
1375.19	0.0010
1373.26	0.0010
1371.33	0.0010
1369.40	0.0010
1367.47	0.0011
1365.55	0.0011
1363.62	0.0011
1361.69	0.0011
1359.76	0.0011
1357.83	0.0010
1355.90	0.0010
1353.97	0.0010
1352.04	0.0010
1350.12	0.0010
1348.19	0.0010
1346.26	0.0011
1344.33	0.0010
1342.40	0.0010
1340.47	0.0010
1338.54	0.0010
1336.61	0.0010
1334.69	0.0011
1332.76	0.0011
1330.83	0.0011
1328.90	0.0011
1326.97	0.0011
1325.04	0.0010
1323.11	0.0010
1321.18	0.0011
1319.26	0.0011
1317.33	0.0010
1315.40	0.0010
1313.47	0.0010
1311.54	0.0010
1309.61	0.0010
1307.68	0.0010
1305.75	0.0010
1303.83	0.0010
1301.90	0.0010
1299.97	0.0010
1298.04	0.0010
1296.11	0.0010
1294.18	0.0010
1292.25	0.0010
1290.32	0.0010
1288.40	0.0010
1286.47	0.0010
1284.54	0.0010
1282.61	0.0010
1280.68	0.0010
1278.75	0.0010
1276.82	0.0010
1274.89	0.0010
1272.97	0.0010
1271.04	0.0010
1269.11	0.0010
1267.18	0.0010
1265.25	0.0010
1263.32	0.0010
1261.39	0.0010
1259.46	0.0010
1257.54	0.0010
1255.61	0.0010
1253.68	0.0010
1251.75	0.0010
1249.82	0.0010
1247.89	0.0010
1245.96	0.0010
1244.03	0.0010
1242.11	0.0010
1240.18	0.0010
1238.25	0.0010
1236.32	0.0010
1234.39	0.0010
1232.46	0.0010
1230.53	0.0010
1228.60	0.0010
1226.68	0.0010
1224.75	0.0010
1222.82	0.0010
1220.89	0.0010
1218.96	0.0010
1217.03	0.0010
1215.10	0.0010
1213.17	0.0010
1211.25	0.0010
1209.32	0.0010
1207.39	0.0010
1205.46	0.0010
1203.53	0.0010
1201.60	0.0010
1199.67	0.0010
1197.75	0.0010
1195.82	0.0010
1193.89	0.0010
1191.96	0.0010
1190.03	0.0010
1188.10	0.0010
1186.17	0.0010
1184.24	0.0010
1182.32	0.0010
1180.39	0.0010
1178.46	0.0010
1176.53	0.0010
1174.60	0.0010
1172.67	0.0010
1170.74	0.0010
1168.81	0.0010
1166.89	0.0010
1164.96	0.0010
1163.03	0.0010
1161.10	0.0010
1159.17	0.0010
1157.24	0.0010
1155.31	0.0010
1153.38	0.0010
1151.46	0.0010
1149.53	0.0010
1147.60	0.0010
1145.67	0.0010
1143.74	0.0010
1141.81	0.0010
1139.88	0.0010
1137.95	0.0010
1136.03	0.0010
1134.10	0.0010
1132.17	0.0010
1130.24	0.0010
1128.31	0.0010
1126.38	0.0010
1124.45	0.0010
1122.52	0.0010
1120.60	0.0010
1118.67	0.0010
1116.74	0.0009
1114.81	0.0009
1112.88	0.0010
1110.95	0.0010
1109.02	0.0010
1107.09	0.0010
1105.17	0.0010
1103.24	0.0010
1101.31	0.0010
1099.38	0.0010
1097.45	0.0010
1095.52	0.0010
1093.59	0.0010
1091.66	0.0010
1089.74	0.0010
1087.81	0.0010
1085.88	0.0010
1083.95	0.0010
1082.02	0.0010
1080.09	0.0010
1078.16	0.0009
1076.23	0.0009
1074.31	0.0009
1072.38	0.0010
1070.45	0.0010
1068.52	0.0010
1066.59	0.0010
1064.66	0.0010
1062.73	0.0010
1060.80	0.0010
1058.88	0.0010
1056.95	0.0009
1055.02	0.0009
1053.09	0.0009
1051.16	0.0009
1049.23	0.0009
1047.30	0.0009
1045.37	0.0010
1043.45	0.0009
1041.52	0.0009
1039.59	0.0009
1037.66	0.0010
1035.73	0.0010
1033.80	0.0010
1031.87	0.0010
1029.95	0.0010
1028.02	0.0010
1026.09	0.0010
1024.16	0.0010
1022.23	0.0010
1020.30	0.0010
1018.37	0.0009
1016.44	0.0009
1014.52	0.0009
1012.59	0.0010
1010.66	0.0010
1008.73	0.0010
1006.80	0.0010
1004.87	0.0010
1002.94	0.0009
1001.01	0.0009
999.09	0.0010
997.16	0.0010
995.23	0.0010
993.30	0.0010
991.37	0.0010
989.44	0.0009
987.51	0.0009
985.58	0.0009
983.66	0.0010
981.73	0.0010
979.80	0.0010
977.87	0.0010
975.94	0.0010
974.01	0.0010
972.08	0.0010
970.15	0.0010
968.23	0.0010
966.30	0.0010
964.37	0.0010
962.44	0.0010
960.51	0.0010
958.58	0.0009
956.65	0.0009
954.72	0.0009
952.80	0.0009
950.87	0.0009
948.94	0.0009
947.01	0.0009
945.08	0.0009
943.15	0.0010
941.22	0.0010
939.29	0.0010
937.37	0.0009
935.44	0.0009
933.51	0.0009
931.58	0.0010
929.65	0.0010
927.72	0.0010
925.79	0.0010
923.86	0.0009
921.94	0.0009
920.01	0.0009
918.08	0.0010
916.15	0.0010
914.22	0.0010
912.29	0.0010
910.36	0.0010
908.43	0.0010
906.51	0.0009
904.58	0.0009
902.65	0.0010
900.72	0.0010
898.79	0.0010
896.86	0.0010
894.93	0.0009
893.00	0.0009
891.08	0.0009
889.15	0.0010
887.22	0.0010
885.29	0.0009
883.36	0.0009
881.43	0.0009
879.50	0.0009
877.57	0.0009
875.65	0.0009
873.72	0.0009
871.79	0.0010
869.86	0.0010
867.93	0.0010
866.00	0.0010
864.07	0.0010
862.14	0.0009
860.22	0.0009
858.29	0.0010
856.36	0.0010
854.43	0.0010
852.50	0.0010
850.57	0.0010
848.64	0.0010
846.72	0.0010
844.79	0.0010
842.86	0.0009
840.93	0.0009
839.00	0.0010
837.07	0.0010
835.14	0.0010
833.21	0.0010
831.29	0.0009
829.36	0.0010
827.43	0.0010
825.50	0.0010
823.57	0.0010
821.64	0.0010
819.71	0.0010
817.78	0.0010
815.86	0.0009
813.93	0.0009
812.00	0.0010
810.07	0.0010
808.14	0.0010
806.21	0.0010
804.28	0.0010
802.35	0.0010
800.43	0.0010
798.50	0.0010
796.57	0.0010
794.64	0.0010
792.71	0.0010
790.78	0.0010
788.85	0.0010
786.92	0.0010
785.00	0.0010
783.07	0.0010
781.14	0.0010
779.21	0.0010
777.28	0.0010
775.35	0.0010
773.42	0.0009
771.49	0.0009
769.57	0.0009
767.64	0.0010
765.71	0.0010
763.78	0.0010
761.85	0.0010
759.92	0.0010
757.99	0.0010
756.06	0.0010
754.14	0.0010
752.21	0.0010
750.28	0.0010
748.35	0.0010
746.42	0.0010
744.49	0.0010
742.56	0.0010
740.63	0.0010
738.71	0.0010
736.78	0.0010
734.85	0.0010
732.92	0.0010
730.99	0.0010
729.06	0.0010
727.13	0.0010
725.20	0.0010
723.28	0.0010
721.35	0.0010
719.42	0.0010
717.49	0.0010
715.56	0.0010
713.63	0.0010
711.70	0.0010
709.77	0.0010
707.85	0.0010
705.92	0.0010
703.99	0.0010
702.06	0.0010
700.13	0.0010
698.20	0.0010
696.27	0.0010
694.34	0.0010
692.42	0.0010
690.49	0.0010
688.56	0.0010
686.63	0.0010
684.70	0.0010
682.77	0.0010
680.84	0.0010
678.92	0.0010
676.99	0.0010
675.06	0.0010
673.13	0.0010
671.20	0.0010
669.27	0.0010
667.34	0.0010
665.41	0.0010
663.49	0.0010
661.56	0.0010
659.63	0.0010
657.70	0.0010
655.77	0.0010
653.84	0.0010
651.91	0.0010
649.98	0.0010
648.06	0.0010
646.13	0.0010
644.20	0.0010
642.27	0.0010
640.34	0.0010
638.41	0.0010
636.48	0.0010
634.55	0.0010
632.63	0.0010
630.70	0.0010
628.77	0.0010
626.84	0.0010
624.91	0.0010
622.98	0.0010
621.05	0.0010
619.12	0.0010
617.20	0.0010
615.27	0.0010
613.34	0.0010
611.41	0.0010
609.48	0.0010
607.55	0.0010
605.62	0.0010
603.69	0.0010
601.77	0.0010
599.84	0.0010
597.91	0.0010
595.98	0.0010
594.05	0.0010
592.12	0.0010
590.19	0.0010
588.26	0.0010
586.34	0.0010
584.41	0.0010
582.48	0.0010
580.55	0.0010
578.62	0.0010
576.69	0.0010
574.76	0.0010
572.83	0.0010
570.91	0.0010
568.98	0.0010
567.05	0.0010
565.12	0.0010
563.19	0.0010
561.26	0.0010
559.33	0.0010
557.40	0.0010
555.48	0.0010
553.55	0.0010
551.62	0.0010
549.69	0.0010
547.76	0.0010
545.83	0.0010
543.90	0.0010
541.97	0.0010
540.05	0.0010
538.12	0.0010
536.19	0.0010
534.26	0.0010
532.33	0.0010
530.40	0.0010
528.47	0.0010
526.54	0.0010
524.62	0.0010
522.69	0.0010
520.76	0.0010
518.83	0.0010
516.90	0.0010
514.97	0.0010
513.04	0.0010
511.12	0.0010
509.19	0.0010
507.26	0.0010
505.33	0.0010
503.40	0.0010
501.47	0.0010
499.54	0.0010
497.61	0.0010
495.69	0.0010
493.76	0.0010
491.83	0.0010
489.90	0.0010
487.97	0.0010
486.04	0.0010
484.11	0.0010
482.18	0.0010
480.26	0.0010
478.33	0.0010
476.40	0.0010
474.47	0.0010
472.54	0.0010
470.61	0.0010
468.68	0.0010
466.75	0.0010
464.83	0.0010
462.90	0.0010
460.97	0.0010
459.04	0.0010
457.11	0.0010
455.18	0.0010
453.25	0.0010
451.32	0.0010
449.40	0.0010
447.47	0.0010
445.54	0.0010
443.61	0.0010
441.68	0.0010
439.75	0.0010
437.82	0.0010
435.89	0.0010
433.97	0.0010
432.04	0.0010
430.11	0.0010
428.18	0.0010
426.25	0.0010
424.32	0.0010
422.39	0.0010
420.46	0.0010
418.54	0.0010
416.61	0.0011
414.68	0.0010
412.75	0.0010
410.82	0.0010
408.89	0.0010
406.96	0.0010
405.03	0.0010
403.11	0.0010
401.18	0.0010
399.25	0.0010
