3996.34	0.1229
3994.41	0.1228
3992.48	0.1229
3990.55	0.1232
3988.63	0.1236
3986.70	0.1242
3984.77	0.1243
3982.84	0.1244
3980.91	0.1245
3978.98	0.1246
3977.05	0.1243
3975.12	0.1240
3973.20	0.1241
3971.27	0.1245
3969.34	0.1251
3967.41	0.1257
3965.48	0.1259
3963.55	0.1253
3961.62	0.1249
3959.70	0.1253
3957.77	0.1259
3955.84	0.1262
3953.91	0.1259
3951.98	0.1243
3950.05	0.1223
3948.12	0.1220
3946.19	0.1227
3944.27	0.1222
3942.34	0.1224
3940.41	0.1250
3938.48	0.1275
3936.55	0.1274
3934.62	0.1243
3932.69	0.1208
3930.76	0.1210
3928.84	0.1235
3926.91	0.1239
3924.98	0.1226
3923.05	0.1225
3921.12	0.1221
3919.19	0.1198
3917.26	0.1196
3915.33	0.1239
3913.41	0.1293
3911.48	0.1317
3909.55	0.1305
3907.62	0.1241
3905.69	0.1129
3903.76	0.1040
3901.83	0.1020
3899.90	0.1066
3897.98	0.1161
3896.05	0.1241
3894.12	0.1231
3892.19	0.1179
3890.26	0.1178
3888.33	0.1183
3886.40	0.1143
3884.47	0.1128
3882.55	0.1139
3880.62	0.1151
3878.69	0.1201
3876.76	0.1232
3874.83	0.1192
3872.90	0.1123
3870.97	0.1065
3869.04	0.1067
3867.12	0.1108
3865.19	0.1117
3863.26	0.1137
3861.33	0.1201
3859.40	0.1238
3857.47	0.1155
3855.54	0.0961
3853.61	0.0840
3851.69	0.0943
3849.76	0.1159
3847.83	0.1291
3845.90	0.1291
3843.97	0.1220
3842.04	0.1136
3840.11	0.1052
3838.18	0.1010
3836.26	0.1052
3834.33	0.1131
3832.40	0.1193
3830.47	0.1245
3828.54	0.1275
3826.61	0.1273
3824.68	0.1225
3822.75	0.1119
3820.83	0.1055
3818.90	0.1081
3816.97	0.1113
3815.04	0.1182
3813.11	0.1308
3811.18	0.1367
3809.25	0.1300
3807.32	0.1211
3805.40	0.1181
3803.47	0.1137
3801.54	0.1095
3799.61	0.1148
3797.68	0.1233
3795.75	0.1304
3793.82	0.1382
3791.89	0.1437
3789.97	0.1450
3788.04	0.1434
3786.11	0.1408
3784.18	0.1394
3782.25	0.1375
3780.32	0.1344
3778.39	0.1356
3776.47	0.1416
3774.54	0.1445
3772.61	0.1395
3770.68	0.1316
3768.75	0.1289
3766.82	0.1312
3764.89	0.1348
3762.96	0.1366
3761.04	0.1326
3759.11	0.1279
3757.18	0.1277
3755.25	0.1238
3753.32	0.1101
3751.39	0.0969
3749.46	0.0963
3747.53	0.0994
3745.61	0.0962
3743.68	0.0992
3741.75	0.1131
3739.82	0.1192
3737.89	0.1099
3735.96	0.0986
3734.03	0.0980
3732.10	0.1080
3730.18	0.1199
3728.25	0.1244
3726.32	0.1225
3724.39	0.1217
3722.46	0.1245
3720.53	0.1302
3718.60	0.1370
3716.67	0.1398
3714.75	0.1325
3712.82	0.1189
3710.89	0.1136
3708.96	0.1219
3707.03	0.1340
3705.10	0.1386
3703.17	0.1353
3701.24	0.1342
3699.32	0.1394
3697.39	0.1442
3695.46	0.1437
3693.53	0.1360
3691.60	0.1229
3689.67	0.1143
3687.74	0.1208
3685.81	0.1368
3683.89	0.1478
3681.96	0.1480
3680.03	0.1396
3678.10	0.1238
3676.17	0.1098
3674.24	0.1101
3672.31	0.1159
3670.38	0.1182
3668.46	0.1279
3666.53	0.1449
3664.60	0.1558
3662.67	0.1586
3660.74	0.1566
3658.81	0.1494
3656.88	0.1413
3654.95	0.1388
3653.03	0.1323
3651.10	0.1158
3649.17	0.1057
3647.24	0.1153
3645.31	0.1352
3643.38	0.1494
3641.45	0.1542
3639.52	0.1548
3637.60	0.1533
3635.67	0.1496
3633.74	0.1430
3631.81	0.1303
3629.88	0.1157
3627.95	0.1161
3626.02	0.1322
3624.09	0.1438
3622.17	0.1408
3620.24	0.1316
3618.31	0.1292
3616.38	0.1336
3614.45	0.1358
3612.52	0.1350
3610.59	0.1338
3608.67	0.1342
3606.74	0.1400
3604.81	0.1478
3602.88	0.1499
3600.95	0.1478
3599.02	0.1462
3597.09	0.1447
3595.16	0.1438
3593.24	0.1457
3591.31	0.1454
3589.38	0.1382
3587.45	0.1337
3585.52	0.1408
3583.59	0.1519
3581.66	0.1577
3579.73	0.1589
3577.81	0.1594
3575.88	0.1600
3573.95	0.1605
3572.02	0.1584
3570.09	0.1493
3568.16	0.1379
3566.23	0.1362
3564.30	0.1454
3562.38	0.1544
3560.45	0.1589
3558.52	0.1614
3556.59	0.1624
3554.66	0.1608
3552.73	0.1587
3550.80	0.1585
3548.87	0.1572
3546.95	0.1542
3545.02	0.1544
3543.09	0.1589
3541.16	0.1634
3539.23	0.1646
3537.30	0.1638
3535.37	0.1638
3533.44	0.1644
3531.52	0.1631
3529.59	0.1602
3527.66	0.1581
3525.73	0.1577
3523.80	0.1586
3521.87	0.1610
3519.94	0.1638
3518.01	0.1654
3516.09	0.1661
3514.16	0.1659
3512.23	0.1643
3510.30	0.1627
3508.37	0.1626
3506.44	0.1627
3504.51	0.1611
3502.58	0.1606
3500.66	0.1626
3498.73	0.1646
3496.80	0.1650
3494.87	0.1654
3492.94	0.1661
3491.01	0.1660
3489.08	0.1653
3487.15	0.1650
3485.23	0.1648
3483.30	0.1640
3481.37	0.1638
3479.44	0.1651
3477.51	0.1663
3475.58	0.1666
3473.65	0.1667
3471.72	0.1672
3469.80	0.1674
3467.87	0.1672
3465.94	0.1671
3464.01	0.1669
3462.08	0.1670
3460.15	0.1675
3458.22	0.1683
3456.29	0.1688
3454.37	0.1691
3452.44	0.1693
3450.51	0.1684
3448.58	0.1666
3446.65	0.1657
3444.72	0.1667
3442.79	0.1681
3440.87	0.1692
3438.94	0.1702
3437.01	0.1709
3435.08	0.1713
3433.15	0.1715
3431.22	0.1717
3429.29	0.1722
3427.36	0.1727
3425.44	0.1728
3423.51	0.1723
3421.58	0.1717
3419.65	0.1723
3417.72	0.1737
3415.79	0.1748
3413.86	0.1754
3411.93	0.1757
3410.01	0.1760
3408.08	0.1762
3406.15	0.1764
3404.22	0.1765
3402.29	0.1766
3400.36	0.1768
3398.43	0.1767
3396.50	0.1767
3394.58	0.1769
3392.65	0.1772
3390.72	0.1780
3388.79	0.1788
3386.86	0.1790
3384.93	0.1790
3383.00	0.1795
3381.07	0.1801
3379.15	0.1806
3377.22	0.1809
3375.29	0.1812
3373.36	0.1815
3371.43	0.1817
3369.50	0.1816
3367.57	0.1814
3365.64	0.1814
3363.72	0.1817
3361.79	0.1822
3359.86	0.1827
3357.93	0.1830
3356.00	0.1833
3354.07	0.1837
3352.14	0.1843
3350.21	0.1847
3348.29	0.1850
3346.36	0.1853
3344.43	0.1855
3342.50	0.1857
3340.57	0.1858
3338.64	0.1857
3336.71	0.1857
3334.78	0.1860
3332.86	0.1867
3330.93	0.1871
3329.00	0.1873
3327.07	0.1874
3325.14	0.1876
3323.21	0.1880
3321.28	0.1884
3319.35	0.1887
3317.43	0.1889
3315.50	0.1890
3313.57	0.1890
3311.64	0.1890
3309.71	0.1891
3307.78	0.1896
3305.85	0.1903
3303.92	0.1908
3302.00	0.1911
3300.07	0.1912
3298.14	0.1913
3296.21	0.1915
3294.28	0.1916
3292.35	0.1917
3290.42	0.1920
3288.49	0.1925
3286.57	0.1929
3284.64	0.1932
3282.71	0.1934
3280.78	0.1936
3278.85	0.1936
3276.92	0.1935
3274.99	0.1935
3273.06	0.1940
3271.14	0.1948
3269.21	0.1955
3267.28	0.1958
3265.35	0.1959
3263.42	0.1962
3261.49	0.1964
3259.56	0.1966
3257.64	0.1967
3255.71	0.1967
3253.78	0.1971
3251.85	0.1977
3249.92	0.1982
3247.99	0.1983
3246.06	0.1981
3244.13	0.1982
3242.21	0.1988
3240.28	0.1993
3238.35	0.1996
3236.42	0.1999
3234.49	0.2002
3232.56	0.2004
3230.63	0.2006
3228.70	0.2008
3226.78	0.2013
3224.85	0.2018
3222.92	0.2019
3220.99	0.2019
3219.06	0.2020
3217.13	0.2024
3215.20	0.2026
3213.27	0.2029
3211.35	0.2032
3209.42	0.2037
3207.49	0.2043
3205.56	0.2049
3203.63	0.2053
3201.70	0.2054
3199.77	0.2054
3197.84	0.2054
3195.92	0.2060
3193.99	0.2067
3192.06	0.2073
3190.13	0.2077
3188.20	0.2079
3186.27	0.2080
3184.34	0.2083
3182.41	0.2087
3180.49	0.2088
3178.56	0.2089
3176.63	0.2094
3174.70	0.2101
3172.77	0.2107
3170.84	0.2110
3168.91	0.2113
3166.98	0.2117
3165.06	0.2121
3163.13	0.2124
3161.20	0.2128
3159.27	0.2131
3157.34	0.2135
3155.41	0.2138
3153.48	0.2141
3151.55	0.2144
3149.63	0.2148
3147.70	0.2151
3145.77	0.2155
3143.84	0.2157
3141.91	0.2161
3139.98	0.2164
3138.05	0.2168
3136.12	0.2168
3134.20	0.2167
3132.27	0.2170
3130.34	0.2176
3128.41	0.2179
3126.48	0.2180
3124.55	0.2180
3122.62	0.2181
3120.69	0.2184
3118.77	0.2187
3116.84	0.2189
3114.91	0.2194
3112.98	0.2201
3111.05	0.2207
3109.12	0.2211
3107.19	0.2215
3105.26	0.2217
3103.34	0.2216
3101.41	0.2216
3099.48	0.2219
3097.55	0.2223
3095.62	0.2227
3093.69	0.2234
3091.76	0.2242
3089.84	0.2247
3087.91	0.2249
3085.98	0.2251
3084.05	0.2252
3082.12	0.2252
3080.19	0.2253
3078.26	0.2257
3076.33	0.2265
3074.41	0.2272
3072.48	0.2276
3070.55	0.2277
3068.62	0.2275
3066.69	0.2273
3064.76	0.2275
3062.83	0.2283
3060.90	0.2290
3058.98	0.2292
3057.05	0.2292
3055.12	0.2297
3053.19	0.2304
3051.26	0.2308
3049.33	0.2309
3047.40	0.2314
3045.47	0.2320
3043.55	0.2325
3041.62	0.2328
3039.69	0.2331
3037.76	0.2332
3035.83	0.2330
3033.90	0.2328
3031.97	0.2328
3030.04	0.2334
3028.12	0.2343
3026.19	0.2349
3024.26	0.2353
3022.33	0.2357
3020.40	0.2359
3018.47	0.2359
3016.54	0.2358
3014.61	0.2358
3012.69	0.2360
3010.76	0.2366
3008.83	0.2374
3006.90	0.2379
3004.97	0.2381
3003.04	0.2385
3001.11	0.2390
2999.18	0.2393
2997.26	0.2394
2995.33	0.2395
2993.40	0.2396
2991.47	0.2399
2989.54	0.2400
2987.61	0.2401
2985.68	0.2403
2983.75	0.2404
2981.83	0.2404
2979.90	0.2402
2977.97	0.2399
2976.04	0.2396
2974.11	0.2392
2972.18	0.2386
2970.25	0.2379
2968.32	0.2371
2966.40	0.2363
2964.47	0.2358
2962.54	0.2356
2960.61	0.2357
2958.68	0.2361
2956.75	0.2368
2954.82	0.2377
2952.89	0.2387
2950.97	0.2395
2949.04	0.2402
2947.11	0.2406
2945.18	0.2409
2943.25	0.2408
2941.32	0.2405
2939.39	0.2400
2937.46	0.2394
2935.54	0.2388
2933.61	0.2382
2931.68	0.2376
2929.75	0.2371
2927.82	0.2368
2925.89	0.2366
2923.96	0.2368
2922.04	0.2374
2920.11	0.2382
2918.18	0.2393
2916.25	0.2407
2914.32	0.2423
2912.39	0.2438
2910.46	0.2451
2908.53	0.2463
2906.61	0.2472
2904.68	0.2481
2902.75	0.2489
2900.82	0.2496
2898.89	0.2503
2896.96	0.2510
2895.03	0.2517
2893.10	0.2523
2891.18	0.2529
2889.25	0.2535
2887.32	0.2540
2885.39	0.2545
2883.46	0.2548
2881.53	0.2551
2879.60	0.2553
2877.67	0.2554
2875.75	0.2555
2873.82	0.2556
2871.89	0.2558
2869.96	0.2561
2868.03	0.2563
2866.10	0.2564
2864.17	0.2564
2862.24	0.2563
2860.32	0.2561
2858.39	0.2559
2856.46	0.2557
2854.53	0.2556
2852.60	0.2559
2850.67	0.2566
2848.74	0.2577
2846.81	0.2592
2844.89	0.2608
2842.96	0.2623
2841.03	0.2634
2839.10	0.2644
2837.17	0.2652
2835.24	0.2658
2833.31	0.2664
2831.38	0.2669
2829.46	0.2674
2827.53	0.2678
2825.60	0.2682
2823.67	0.2687
2821.74	0.2691
2819.81	0.2695
2817.88	0.2699
2815.95	0.2702
2814.03	0.2706
2812.10	0.2710
2810.17	0.2714
2808.24	0.2717
2806.31	0.2721
2804.38	0.2725
2802.45	0.2728
2800.52	0.2732
2798.60	0.2736
2796.67	0.2739
2794.74	0.2743
2792.81	0.2746
2790.88	0.2750
2788.95	0.2754
2787.02	0.2757
2785.09	0.2761
2783.17	0.2764
2781.24	0.2768
2779.31	0.2771
2777.38	0.2775
2775.45	0.2778
2773.52	0.2781
2771.59	0.2785
2769.66	0.2788
2767.74	0.2791
2765.81	0.2795
2763.88	0.2798
2761.95	0.2801
2760.02	0.2804
2758.09	0.2808
2756.16	0.2811
2754.24	0.2814
2752.31	0.2817
2750.38	0.2821
2748.45	0.2824
2746.52	0.2827
2744.59	0.2830
2742.66	0.2833
2740.73	0.2836
2738.81	0.2839
2736.88	0.2842
2734.95	0.2846
2733.02	0.2849
2731.09	0.2852
2729.16	0.2855
2727.23	0.2858
2725.30	0.2861
2723.38	0.2864
2721.45	0.2868
2719.52	0.2871
2717.59	0.2874
2715.66	0.2878
2713.73	0.2881
2711.80	0.2884
2709.87	0.2887
2707.95	0.2890
2706.02	0.2894
2704.09	0.2897
2702.16	0.2900
2700.23	0.2903
2698.30	0.2906
2696.37	0.2910
2694.44	0.2913
2692.52	0.2916
2690.59	0.2919
2688.66	0.2923
2686.73	0.2926
2684.80	0.2929
2682.87	0.2932
2680.94	0.2935
2679.01	0.2938
2677.09	0.2941
2675.16	0.2945
2673.23	0.2948
2671.30	0.2951
2669.37	0.2954
2667.44	0.2957
2665.51	0.2960
2663.58	0.2964
2661.66	0.2967
2659.73	0.2970
2657.80	0.2973
2655.87	0.2976
2653.94	0.2980
2652.01	0.2983
2650.08	0.2986
2648.15	0.2989
2646.23	0.2992
2644.30	0.2995
2642.37	0.2999
2640.44	0.3002
2638.51	0.3005
2636.58	0.3008
2634.65	0.3011
2632.72	0.3014
2630.80	0.3017
2628.87	0.3021
2626.94	0.3024
2625.01	0.3027
2623.08	0.3030
2621.15	0.3033
2619.22	0.3036
2617.29	0.3040
2615.37	0.3043
2613.44	0.3046
2611.51	0.3049
2609.58	0.3052
2607.65	0.3055
2605.72	0.3058
2603.79	0.3061
2601.86	0.3065
2599.94	0.3068
2598.01	0.3071
2596.08	0.3074
2594.15	0.3077
2592.22	0.3080
2590.29	0.3083
2588.36	0.3087
2586.43	0.3090
2584.51	0.3093
2582.58	0.3096
2580.65	0.3099
2578.72	0.3102
2576.79	0.3105
2574.86	0.3109
2572.93	0.3112
2571.01	0.3115
2569.08	0.3118
2567.15	0.3121
2565.22	0.3125
2563.29	0.3128
2561.36	0.3131
2559.43	0.3134
2557.50	0.3137
2555.58	0.3140
2553.65	0.3143
2551.72	0.3146
2549.79	0.3149
2547.86	0.3153
2545.93	0.3156
2544.00	0.3159
2542.07	0.3162
2540.15	0.3165
2538.22	0.3169
2536.29	0.3172
2534.36	0.3175
2532.43	0.3178
2530.50	0.3181
2528.57	0.3184
2526.64	0.3187
2524.72	0.3191
2522.79	0.3194
2520.86	0.3197
2518.93	0.3200
2517.00	0.3203
2515.07	0.3206
2513.14	0.3210
2511.21	0.3213
2509.29	0.3216
2507.36	0.3219
2505.43	0.3222
2503.50	0.3225
2501.57	0.3229
2499.64	0.3232
2497.71	0.3235
2495.78	0.3238
2493.86	0.3241
2491.93	0.3245
2490.00	0.3248
2488.07	0.3251
2486.14	0.3254
2484.21	0.3257
2482.28	0.3261
2480.35	0.3264
2478.43	0.3267
2476.50	0.3270
2474.57	0.3273
2472.64	0.3277
2470.71	0.3280
2468.78	0.3283
2466.85	0.3286
2464.92	0.3289
2463.00	0.3293
2461.07	0.3296
2459.14	0.3299
2457.21	0.3302
2455.28	0.3305
2453.35	0.3309
2451.42	0.3312
2449.49	0.3315
2447.57	0.3318
2445.64	0.3321
2443.71	0.3324
2441.78	0.3328
2439.85	0.3331
2437.92	0.3334
2435.99	0.3337
2434.06	0.3340
2432.14	0.3343
2430.21	0.3346
2428.28	0.3349
2426.35	0.3353
2424.42	0.3356
2422.49	0.3359
2420.56	0.3362
2418.63	0.3365
2416.71	0.3369
2414.78	0.3372
2412.85	0.3375
2410.92	0.3378
2408.99	0.3381
2407.06	0.3384
2405.13	0.3387
2403.21	0.3390
2401.28	0.3393
2399.35	0.3396
2397.42	0.3399
2395.49	0.3402
2393.56	0.3403
2391.63	0.3400
2389.70	0.3384
2387.78	0.3339
2385.85	0.3240
2383.92	0.3064
2381.99	0.2805
2380.06	0.2486
2378.13	0.2144
2376.20	0.1814
2374.27	0.1515
2372.35	0.1257
2370.42	0.1042
2368.49	0.0872
2366.56	0.0744
2364.63	0.0655
2362.70	0.0602
2360.77	0.0582
2358.84	0.0599
2356.92	0.0661
2354.99	0.0785
2353.06	0.0995
2351.13	0.1269
2349.20	0.1447
2347.27	0.1371
2345.34	0.1149
2343.41	0.0994
2341.49	0.0946
2339.56	0.0951
2337.63	0.0975
2335.70	0.1004
2333.77	0.1027
2331.84	0.1047
2329.91	0.1088
2327.98	0.1159
2326.06	0.1237
2324.13	0.1311
2322.20	0.1401
2320.27	0.1531
2318.34	0.1694
2316.41	0.1854
2314.48	0.1983
2312.55	0.2095
2310.63	0.2219
2308.70	0.2363
2306.77	0.2515
2304.84	0.2658
2302.91	0.2779
2300.98	0.2878
2299.05	0.2966
2297.12	0.3048
2295.20	0.3123
2293.27	0.3194
2291.34	0.3262
2289.41	0.3327
2287.48	0.3388
2285.55	0.3442
2283.62	0.3477
2281.69	0.3487
2279.77	0.3478
2277.84	0.3466
2275.91	0.3458
2273.98	0.3454
2272.05	0.3455
2270.12	0.3458
2268.19	0.3463
2266.26	0.3471
2264.34	0.3482
2262.41	0.3494
2260.48	0.3507
2258.55	0.3520
2256.62	0.3534
2254.69	0.3547
2252.76	0.3559
2250.83	0.3571
2248.91	0.3581
2246.98	0.3591
2245.05	0.3599
2243.12	0.3606
2241.19	0.3613
2239.26	0.3619
2237.33	0.3625
2235.41	0.3630
2233.48	0.3635
2231.55	0.3640
2229.62	0.3644
2227.69	0.3649
2225.76	0.3653
2223.83	0.3657
2221.90	0.3660
2219.98	0.3662
2218.05	0.3664
2216.12	0.3666
2214.19	0.3669
2212.26	0.3671
2210.33	0.3673
2208.40	0.3676
2206.47	0.3678
2204.55	0.3680
2202.62	0.3683
2200.69	0.3686
2198.76	0.3688
2196.83	0.3690
2194.90	0.3693
2192.97	0.3695
2191.04	0.3698
2189.12	0.3700
2187.19	0.3702
2185.26	0.3704
2183.33	0.3706
2181.40	0.3709
2179.47	0.3711
2177.54	0.3713
2175.61	0.3715
2173.69	0.3717
2171.76	0.3718
2169.83	0.3720
2167.90	0.3723
2165.97	0.3726
2164.04	0.3728
2162.11	0.3729
2160.18	0.3732
2158.26	0.3735
2156.33	0.3737
2154.40	0.3739
2152.47	0.3741
2150.54	0.3743
2148.61	0.3745
2146.68	0.3747
2144.75	0.3749
2142.83	0.3751
2140.90	0.3752
2138.97	0.3752
2137.04	0.3752
2135.11	0.3755
2133.18	0.3758
2131.25	0.3761
2129.32	0.3762
2127.40	0.3764
2125.47	0.3765
2123.54	0.3766
2121.61	0.3768
2119.68	0.3769
2117.75	0.3770
2115.82	0.3769
2113.89	0.3771
2111.97	0.3774
2110.04	0.3778
2108.11	0.3779
2106.18	0.3781
2104.25	0.3783
2102.32	0.3785
2100.39	0.3786
2098.46	0.3788
2096.54	0.3790
2094.61	0.3791
2092.68	0.3789
2090.75	0.3786
2088.82	0.3788
2086.89	0.3794
2084.96	0.3800
2083.03	0.3803
2081.11	0.3804
2079.18	0.3804
2077.25	0.3805
2075.32	0.3807
2073.39	0.3810
2071.46	0.3813
2069.53	0.3812
2067.60	0.3803
2065.68	0.3792
2063.75	0.3795
2061.82	0.3809
2059.89	0.3818
2057.96	0.3822
2056.03	0.3825
2054.10	0.3827
2052.18	0.3829
2050.25	0.3830
2048.32	0.3830
2046.39	0.3829
2044.46	0.3823
2042.53	0.3814
2040.60	0.3816
2038.67	0.3827
2036.75	0.3837
2034.82	0.3840
2032.89	0.3842
2030.96	0.3843
2029.03	0.3843
2027.10	0.3843
2025.17	0.3843
2023.24	0.3842
2021.32	0.3834
2019.39	0.3811
2017.46	0.3792
2015.53	0.3806
2013.60	0.3836
2011.67	0.3849
2009.74	0.3849
2007.81	0.3849
2005.89	0.3851
2003.96	0.3854
2002.03	0.3854
2000.10	0.3851
1998.17	0.3850
1996.24	0.3838
1994.31	0.3793
1992.38	0.3746
1990.46	0.3752
1988.53	0.3795
1986.60	0.3829
1984.67	0.3848
1982.74	0.3854
1980.81	0.3854
1978.88	0.3853
1976.95	0.3852
1975.03	0.3852
1973.10	0.3851
1971.17	0.3836
1969.24	0.3796
1967.31	0.3763
1965.38	0.3782
1963.45	0.3821
1961.52	0.3836
1959.60	0.3837
1957.67	0.3834
1955.74	0.3829
1953.81	0.3830
1951.88	0.3836
1949.95	0.3833
1948.02	0.3812
1946.09	0.3760
1944.17	0.3682
1942.24	0.3657
1940.31	0.3727
1938.38	0.3804
1936.45	0.3826
1934.52	0.3823
1932.59	0.3821
1930.66	0.3822
1928.74	0.3821
1926.81	0.3796
1924.88	0.3728
1922.95	0.3667
1921.02	0.3633
1919.09	0.3590
1917.16	0.3604
1915.23	0.3705
1913.31	0.3765
1911.38	0.3738
1909.45	0.3706
1907.52	0.3723
1905.59	0.3760
1903.66	0.3779
1901.73	0.3784
1899.80	0.3780
1897.88	0.3751
1895.95	0.3711
1894.02	0.3694
1892.09	0.3656
1890.16	0.3596
1888.23	0.3612
1886.30	0.3689
1884.38	0.3732
1882.45	0.3743
1880.52	0.3745
1878.59	0.3744
1876.66	0.3741
1874.73	0.3728
1872.80	0.3643
1870.87	0.3445
1868.95	0.3293
1867.02	0.3365
1865.09	0.3553
1863.16	0.3662
1861.23	0.3680
1859.30	0.3676
1857.37	0.3680
1855.44	0.3686
1853.52	0.3684
1851.59	0.3661
1849.66	0.3593
1847.73	0.3443
1845.80	0.3226
1843.87	0.3153
1841.94	0.3335
1840.01	0.3529
1838.09	0.3574
1836.16	0.3569
1834.23	0.3539
1832.30	0.3393
1830.37	0.3219
1828.44	0.3194
1826.51	0.3248
1824.58	0.3311
1822.66	0.3432
1820.73	0.3530
1818.80	0.3542
1816.87	0.3531
1814.94	0.3512
1813.01	0.3441
1811.08	0.3366
1809.15	0.3376
1807.23	0.3435
1805.30	0.3432
1803.37	0.3323
1801.44	0.3198
1799.51	0.3181
1797.58	0.3234
1795.65	0.3172
1793.72	0.2972
1791.80	0.2904
1789.87	0.3097
1787.94	0.3286
1786.01	0.3295
1784.08	0.3247
1782.15	0.3217
1780.22	0.3210
1778.29	0.3226
1776.37	0.3140
1774.44	0.2872
1772.51	0.2646
1770.58	0.2688
1768.65	0.2890
1766.72	0.3081
1764.79	0.3137
1762.86	0.3033
1760.94	0.2977
1759.01	0.3010
1757.08	0.3028
1755.15	0.3027
1753.22	0.2901
1751.29	0.2671
1749.36	0.2593
1747.43	0.2706
1745.51	0.2825
1743.58	0.2838
1741.65	0.2765
1739.72	0.2721
1737.79	0.2677
1735.86	0.2441
1733.93	0.2243
1732.00	0.2415
1730.08	0.2740
1728.15	0.2956
1726.22	0.3042
1724.29	0.3025
1722.36	0.2921
1720.43	0.2630
1718.50	0.2240
1716.58	0.2117
1714.65	0.2351
1712.72	0.2660
1710.79	0.2811
1708.86	0.2747
1706.93	0.2561
1705.00	0.2414
1703.07	0.2215
1701.15	0.1918
1699.22	0.1801
1697.29	0.1901
1695.36	0.2111
1693.43	0.2430
1691.50	0.2622
1689.57	0.2570
1687.64	0.2335
1685.72	0.1967
1683.79	0.1817
1681.86	0.2073
1679.93	0.2372
1678.00	0.2393
1676.07	0.2238
1674.14	0.2161
1672.21	0.2130
1670.29	0.2054
1668.36	0.2120
1666.43	0.2291
1664.50	0.2295
1662.57	0.2221
1660.64	0.2271
1658.71	0.2303
1656.78	0.2055
1654.86	0.1572
1652.93	0.1324
1651.00	0.1499
1649.07	0.1637
1647.14	0.1584
1645.21	0.1673
1643.28	0.1891
1641.35	0.1975
1639.43	0.1840
1637.50	0.1572
1635.57	0.1429
1633.64	0.1572
1631.71	0.1763
1629.78	0.1770
1627.85	0.1682
1625.92	0.1595
1624.00	0.1523
1622.07	0.1524
1620.14	0.1523
1618.21	0.1406
1616.28	0.1333
1614.35	0.1427
1612.42	0.1521
1610.49	0.1511
1608.57	0.1471
1606.64	0.1450
1604.71	0.1430
1602.78	0.1401
1600.85	0.1375
1598.92	0.1349
1596.99	0.1309
1595.06	0.1266
1593.14	0.1235
1591.21	0.1210
1589.28	0.1183
1587.35	0.1155
1585.42	0.1123
1583.49	0.1088
1581.56	0.1044
1579.63	0.0959
1577.71	0.0828
1575.78	0.0758
1573.85	0.0786
1571.92	0.0784
1569.99	0.0726
1568.06	0.0710
1566.13	0.0725
1564.20	0.0703
1562.28	0.0602
1560.35	0.0447
1558.42	0.0381
1556.49	0.0452
1554.56	0.0547
1552.63	0.0600
1550.70	0.0622
1548.78	0.0624
1546.85	0.0594
1544.92	0.0520
1542.99	0.0429
1541.06	0.0365
1539.13	0.0386
1537.20	0.0469
1535.27	0.0505
1533.35	0.0496
1531.42	0.0506
1529.49	0.0507
1527.56	0.0467
1525.63	0.0418
1523.70	0.0368
1521.77	0.0325
1519.84	0.0313
1517.92	0.0319
1515.99	0.0323
1514.06	0.0327
1512.13	0.0311
1510.20	0.0265
1508.27	0.0206
1506.34	0.0184
1504.41	0.0217
1502.49	0.0250
1500.56	0.0242
1498.63	0.0214
1496.70	0.0197
1494.77	0.0200
1492.84	0.0197
1490.91	0.0177
1488.98	0.0165
1487.06	0.0173
1485.13	0.0187
1483.20	0.0192
1481.27	0.0189
1479.34	0.0180
1477.41	0.0164
1475.48	0.0141
1473.55	0.0123
1471.63	0.0121
1469.70	0.0130
1467.77	0.0129
1465.84	0.0115
1463.91	0.0105
1461.98	0.0097
1460.05	0.0081
1458.12	0.0059
1456.20	0.0049
1454.27	0.0051
1452.34	0.0050
1450.41	0.0043
1448.48	0.0035
1446.55	0.0028
1444.62	0.0023
1442.69	0.0019
1440.77	0.0015
1438.84	0.0011
1436.91	0.0007
1434.98	0.0006
1433.05	0.0006
1431.12	0.0005
1429.19	0.0005
1427.26	0.0005
1425.34	0.0006
1423.41	0.0006
1421.48	0.0005
1419.55	0.0005
1417.62	0.0006
1415.69	0.0007
1413.76	0.0007
1411.83	0.0006
1409.91	0.0005
1407.98	0.0004
1406.05	0.0003
1404.12	0.0002
1402.19	0.0001
1400.26	0.0001
1398.33	0.0001
1396.40	0.0001
1394.48	0.0002
1392.55	0.0002
1390.62	0.0003
1388.69	0.0003
1386.76	0.0004
1384.83	0.0004
1382.90	0.0005
1380.97	0.0005
1379.05	0.0005
1377.12	0.0005
1375.19	0.0006
1373.26	0.0006
1371.33	0.0006
1369.40	0.0006
1367.47	0.0006
1365.55	0.0006
1363.62	0.0006
1361.69	0.0006
1359.76	0.0006
1357.83	0.0006
1355.90	0.0006
1353.97	0.0006
1352.04	0.0006
1350.12	0.0006
1348.19	0.0006
1346.26	0.0006
1344.33	0.0006
1342.40	0.0006
1340.47	0.0006
1338.54	0.0006
1336.61	0.0006
1334.69	0.0006
1332.76	0.0006
1330.83	0.0006
1328.90	0.0006
1326.97	0.0006
1325.04	0.0006
1323.11	0.0006
1321.18	0.0006
1319.26	0.0006
1317.33	0.0006
1315.40	0.0006
1313.47	0.0006
1311.54	0.0006
1309.61	0.0006
1307.68	0.0006
1305.75	0.0006
1303.83	0.0006
1301.90	0.0006
1299.97	0.0006
1298.04	0.0006
1296.11	0.0006
1294.18	0.0006
1292.25	0.0006
1290.32	0.0006
1288.40	0.0006
1286.47	0.0006
1284.54	0.0006
1282.61	0.0006
1280.68	0.0006
1278.75	0.0006
1276.82	0.0006
1274.89	0.0006
1272.97	0.0006
1271.04	0.0006
1269.11	0.0006
1267.18	0.0006
1265.25	0.0006
1263.32	0.0006
1261.39	0.0006
1259.46	0.0006
1257.54	0.0006
1255.61	0.0006
1253.68	0.0006
1251.75	0.0006
1249.82	0.0006
1247.89	0.0006
1245.96	0.0006
1244.03	0.0006
1242.11	0.0006
1240.18	0.0006
1238.25	0.0006
1236.32	0.0006
1234.39	0.0006
1232.46	0.0006
1230.53	0.0006
1228.60	0.0006
1226.68	0.0006
1224.75	0.0006
1222.82	0.0006
1220.89	0.0006
1218.96	0.0006
1217.03	0.0006
1215.10	0.0006
1213.17	0.0006
1211.25	0.0006
1209.32	0.0006
1207.39	0.0006
1205.46	0.0006
1203.53	0.0005
1201.60	0.0005
1199.67	0.0005
1197.75	0.0005
1195.82	0.0005
1193.89	0.0005
1191.96	0.0005
1190.03	0.0005
1188.10	0.0005
1186.17	0.0005
1184.24	0.0005
1182.32	0.0005
1180.39	0.0005
1178.46	0.0005
1176.53	0.0005
1174.60	0.0005
1172.67	0.0005
1170.74	0.0005
1168.81	0.0005
1166.89	0.0005
1164.96	0.0005
1163.03	0.0005
1161.10	0.0005
1159.17	0.0005
1157.24	0.0005
1155.31	0.0005
1153.38	0.0005
1151.46	0.0005
1149.53	0.0005
1147.60	0.0005
1145.67	0.0005
1143.74	0.0005
1141.81	0.0005
1139.88	0.0005
1137.95	0.0005
1136.03	0.0005
1134.10	0.0005
1132.17	0.0005
1130.24	0.0005
1128.31	0.0005
1126.38	0.0005
1124.45	0.0005
1122.52	0.0005
1120.60	0.0005
1118.67	0.0005
1116.74	0.0005
1114.81	0.0005
1112.88	0.0005
1110.95	0.0005
1109.02	0.0005
1107.09	0.0005
1105.17	0.0005
1103.24	0.0005
1101.31	0.0005
1099.38	0.0005
1097.45	0.0005
1095.52	0.0005
1093.59	0.0005
1091.66	0.0005
1089.74	0.0005
1087.81	0.0005
1085.88	0.0005
1083.95	0.0005
1082.02	0.0005
1080.09	0.0005
1078.16	0.0005
1076.23	0.0005
1074.31	0.0005
1072.38	0.0005
1070.45	0.0005
1068.52	0.0005
1066.59	0.0005
1064.66	0.0005
1062.73	0.0005
1060.80	0.0005
1058.88	0.0005
1056.95	0.0005
1055.02	0.0005
1053.09	0.0005
1051.16	0.0005
1049.23	0.0005
1047.30	0.0005
1045.37	0.0005
1043.45	0.0005
1041.52	0.0005
1039.59	0.0004
1037.66	0.0004
1035.73	0.0005
1033.80	0.0005
1031.87	0.0005
1029.95	0.0004
1028.02	0.0004
1026.09	0.0004
1024.16	0.0004
1022.23	0.0004
1020.30	0.0005
1018.37	0.0005
1016.44	0.0005
1014.52	0.0005
1012.59	0.0005
1010.66	0.0004
1008.73	0.0004
1006.80	0.0004
1004.87	0.0004
1002.94	0.0004
1001.01	0.0004
999.09	0.0004
997.16	0.0004
995.23	0.0004
993.30	0.0004
991.37	0.0004
989.44	0.0004
987.51	0.0004
985.58	0.0004
983.66	0.0004
981.73	0.0004
979.80	0.0004
977.87	0.0004
975.94	0.0004
974.01	0.0004
972.08	0.0004
970.15	0.0004
968.23	0.0004
966.30	0.0004
964.37	0.0004
962.44	0.0004
960.51	0.0004
958.58	0.0004
956.65	0.0004
954.72	0.0004
952.80	0.0004
950.87	0.0004
948.94	0.0004
947.01	0.0004
945.08	0.0004
943.15	0.0004
941.22	0.0004
939.29	0.0004
937.37	0.0004
935.44	0.0004
933.51	0.0004
931.58	0.0004
929.65	0.0004
927.72	0.0004
925.79	0.0004
923.86	0.0004
921.94	0.0004
920.01	0.0004
918.08	0.0004
916.15	0.0004
914.22	0.0004
912.29	0.0004
910.36	0.0004
908.43	0.0004
906.51	0.0004
904.58	0.0004
902.65	0.0004
900.72	0.0004
898.79	0.0004
896.86	0.0004
894.93	0.0004
893.00	0.0004
891.08	0.0004
889.15	0.0004
887.22	0.0004
885.29	0.0004
883.36	0.0004
881.43	0.0004
879.50	0.0004
877.57	0.0004
875.65	0.0004
873.72	0.0004
871.79	0.0004
869.86	0.0004
867.93	0.0004
866.00	0.0004
864.07	0.0004
862.14	0.0004
860.22	0.0004
858.29	0.0004
856.36	0.0004
854.43	0.0004
852.50	0.0004
850.57	0.0004
848.64	0.0004
846.72	0.0004
844.79	0.0004
842.86	0.0004
840.93	0.0004
839.00	0.0004
837.07	0.0004
835.14	0.0004
833.21	0.0004
831.29	0.0004
829.36	0.0004
827.43	0.0004
825.50	0.0004
823.57	0.0004
821.64	0.0004
819.71	0.0004
817.78	0.0004
815.86	0.0003
813.93	0.0003
812.00	0.0003
810.07	0.0003
808.14	0.0003
806.21	0.0003
804.28	0.0003
802.35	0.0003
800.43	0.0003
798.50	0.0004
796.57	0.0004
794.64	0.0004
792.71	0.0003
790.78	0.0003
788.85	0.0003
786.92	0.0004
785.00	0.0004
783.07	0.0004
781.14	0.0004
779.21	0.0003
777.28	0.0003
775.35	0.0003
773.42	0.0003
771.49	0.0003
769.57	0.0003
767.64	0.0003
765.71	0.0004
763.78	0.0004
761.85	0.0003
759.92	0.0003
757.99	0.0003
756.06	0.0003
754.14	0.0003
752.21	0.0003
750.28	0.0003
748.35	0.0003
746.42	0.0003
744.49	0.0003
742.56	0.0003
740.63	0.0003
738.71	0.0003
736.78	0.0003
734.85	0.0003
732.92	0.0003
730.99	0.0003
729.06	0.0003
727.13	0.0003
725.20	0.0003
723.28	0.0003
721.35	0.0003
719.42	0.0003
717.49	0.0003
715.56	0.0003
713.63	0.0003
711.70	0.0003
709.77	0.0003
707.85	0.0003
705.92	0.0003
703.99	0.0003
702.06	0.0003
700.13	0.0003
698.20	0.0003
696.27	0.0003
694.34	0.0003
692.42	0.0003
690.49	0.0003
688.56	0.0003
686.63	0.0003
684.70	0.0003
682.77	0.0003
680.84	0.0003
678.92	0.0003
676.99	0.0003
675.06	0.0003
673.13	0.0003
671.20	0.0003
669.27	0.0003
667.34	0.0003
665.41	0.0003
663.49	0.0003
661.56	0.0003
659.63	0.0003
657.70	0.0003
655.77	0.0003
653.84	0.0003
651.91	0.0003
649.98	0.0003
648.06	0.0003
646.13	0.0003
644.20	0.0003
642.27	0.0003
640.34	0.0003
638.41	0.0003
636.48	0.0003
634.55	0.0003
632.63	0.0003
630.70	0.0003
628.77	0.0003
626.84	0.0003
624.91	0.0003
622.98	0.0003
621.05	0.0003
619.12	0.0003
617.20	0.0003
615.27	0.0003
613.34	0.0003
611.41	0.0003
609.48	0.0003
607.55	0.0003
605.62	0.0003
603.69	0.0003
601.77	0.0002
599.84	0.0002
597.91	0.0002
595.98	0.0002
594.05	0.0002
592.12	0.0002
590.19	0.0003
588.26	0.0003
586.34	0.0003
584.41	0.0002
582.48	0.0002
580.55	0.0002
578.62	0.0002
576.69	0.0002
574.76	0.0002
572.83	0.0002
570.91	0.0002
568.98	0.0003
567.05	0.0003
565.12	0.0003
563.19	0.0003
561.26	0.0002
559.33	0.0002
557.40	0.0002
555.48	0.0003
553.55	0.0003
551.62	0.0003
549.69	0.0002
547.76	0.0002
545.83	0.0002
543.90	0.0002
541.97	0.0002
540.05	0.0002
538.12	0.0002
536.19	0.0002
534.26	0.0002
532.33	0.0002
530.40	0.0002
528.47	0.0002
526.54	0.0002
524.62	0.0002
522.69	0.0002
520.76	0.0002
518.83	0.0002
516.90	0.0002
514.97	0.0002
513.04	0.0002
511.12	0.0002
509.19	0.0002
507.26	0.0002
505.33	0.0002
503.40	0.0002
501.47	0.0002
499.54	0.0002
497.61	0.0002
495.69	0.0002
493.76	0.0002
491.83	0.0002
489.90	0.0002
487.97	0.0002
486.04	0.0002
484.11	0.0002
482.18	0.0002
480.26	0.0002
478.33	0.0002
476.40	0.0002
474.47	0.0002
472.54	0.0002
470.61	0.0002
468.68	0.0002
466.75	0.0002
464.83	0.0002
462.90	0.0002
460.97	0.0002
459.04	0.0002
457.11	0.0002
455.18	0.0002
453.25	0.0002
451.32	0.0002
449.40	0.0002
447.47	0.0002
445.54	0.0002
443.61	0.0002
441.68	0.0002
439.75	0.0002
437.82	0.0002
435.89	0.0002
433.97	0.0002
432.04	0.0002
430.11	0.0002
428.18	0.0002
426.25	0.0002
424.32	0.0002
422.39	0.0002
420.46	0.0002
418.54	0.0002
416.61	0.0002
414.68	0.0002
412.75	0.0002
410.82	0.0002
408.89	0.0002
406.96	0.0002
405.03	0.0002
403.11	0.0002
401.18	0.0002
399.25	0.0002
