3996.34	0.1196
3994.41	0.1195
3992.48	0.1196
3990.55	0.1198
3988.63	0.1203
3986.70	0.1208
3984.77	0.1210
3982.84	0.1210
3980.91	0.1212
3978.98	0.1212
3977.05	0.1210
3975.12	0.1207
3973.20	0.1208
3971.27	0.1212
3969.34	0.1218
3967.41	0.1223
3965.48	0.1225
3963.55	0.1219
3961.62	0.1216
3959.70	0.1219
3957.77	0.1225
3955.84	0.1228
3953.91	0.1225
3951.98	0.1210
3950.05	0.1191
3948.12	0.1187
3946.19	0.1194
3944.27	0.1190
3942.34	0.1191
3940.41	0.1217
3938.48	0.1242
3936.55	0.1241
3934.62	0.1210
3932.69	0.1176
3930.76	0.1178
3928.84	0.1203
3926.91	0.1207
3924.98	0.1194
3923.05	0.1194
3921.12	0.1189
3919.19	0.1167
3917.26	0.1165
3915.33	0.1208
3913.41	0.1259
3911.48	0.1283
3909.55	0.1272
3907.62	0.1209
3905.69	0.1100
3903.76	0.1013
3901.83	0.0994
3899.90	0.1040
3897.98	0.1132
3896.05	0.1209
3894.12	0.1199
3892.19	0.1149
3890.26	0.1148
3888.33	0.1153
3886.40	0.1114
3884.47	0.1100
3882.55	0.1111
3880.62	0.1122
3878.69	0.1171
3876.76	0.1202
3874.83	0.1162
3872.90	0.1095
3870.97	0.1039
3869.04	0.1041
3867.12	0.1080
3865.19	0.1090
3863.26	0.1109
3861.33	0.1171
3859.40	0.1207
3857.47	0.1127
3855.54	0.0937
3853.61	0.0819
3851.69	0.0920
3849.76	0.1131
3847.83	0.1260
3845.90	0.1259
3843.97	0.1190
3842.04	0.1108
3840.11	0.1027
3838.18	0.0986
3836.26	0.1027
3834.33	0.1104
3832.40	0.1165
3830.47	0.1215
3828.54	0.1244
3826.61	0.1242
3824.68	0.1196
3822.75	0.1092
3820.83	0.1030
3818.90	0.1056
3816.97	0.1087
3815.04	0.1154
3813.11	0.1277
3811.18	0.1334
3809.25	0.1269
3807.32	0.1182
3805.40	0.1153
3803.47	0.1111
3801.54	0.1070
3799.61	0.1121
3797.68	0.1204
3795.75	0.1273
3793.82	0.1350
3791.89	0.1403
3789.97	0.1415
3788.04	0.1400
3786.11	0.1375
3784.18	0.1361
3782.25	0.1343
3780.32	0.1312
3778.39	0.1324
3776.47	0.1383
3774.54	0.1411
3772.61	0.1362
3770.68	0.1285
3768.75	0.1259
3766.82	0.1281
3764.89	0.1317
3762.96	0.1335
3761.04	0.1295
3759.11	0.1249
3757.18	0.1248
3755.25	0.1210
3753.32	0.1075
3751.39	0.0947
3749.46	0.0941
3747.53	0.0971
3745.61	0.0940
3743.68	0.0970
3741.75	0.1105
3739.82	0.1165
3737.89	0.1073
3735.96	0.0963
3734.03	0.0957
3732.10	0.1055
3730.18	0.1171
3728.25	0.1215
3726.32	0.1196
3724.39	0.1188
3722.46	0.1217
3720.53	0.1272
3718.60	0.1339
3716.67	0.1366
3714.75	0.1295
3712.82	0.1162
3710.89	0.1110
3708.96	0.1192
3707.03	0.1310
3705.10	0.1354
3703.17	0.1321
3701.24	0.1312
3699.32	0.1362
3697.39	0.1409
3695.46	0.1404
3693.53	0.1329
3691.60	0.1201
3689.67	0.1118
3687.74	0.1181
3685.81	0.1338
3683.89	0.1445
3681.96	0.1447
3680.03	0.1365
3678.10	0.1210
3676.17	0.1074
3674.24	0.1078
3672.31	0.1134
3670.38	0.1156
3668.46	0.1252
3666.53	0.1418
3664.60	0.1524
3662.67	0.1551
3660.74	0.1532
3658.81	0.1461
3656.88	0.1382
3654.95	0.1357
3653.03	0.1294
3651.10	0.1133
3649.17	0.1035
3647.24	0.1129
3645.31	0.1323
3643.38	0.1462
3641.45	0.1509
3639.52	0.1514
3637.60	0.1500
3635.67	0.1463
3633.74	0.1398
3631.81	0.1274
3629.88	0.1132
3627.95	0.1136
3626.02	0.1294
3624.09	0.1407
3622.17	0.1377
3620.24	0.1287
3618.31	0.1264
3616.38	0.1308
3614.45	0.1329
3612.52	0.1322
3610.59	0.1309
3608.67	0.1313
3606.74	0.1370
3604.81	0.1446
3602.88	0.1467
3600.95	0.1446
3599.02	0.1431
3597.09	0.1416
3595.16	0.1408
3593.24	0.1426
3591.31	0.1423
3589.38	0.1352
3587.45	0.1309
3585.52	0.1379
3583.59	0.1488
3581.66	0.1543
3579.73	0.1556
3577.81	0.1560
3575.88	0.1566
3573.95	0.1572
3572.02	0.1551
3570.09	0.1462
3568.16	0.1350
3566.23	0.1334
3564.30	0.1424
3562.38	0.1513
3560.45	0.1556
3558.52	0.1581
3556.59	0.1591
3554.66	0.1575
3552.73	0.1555
3550.80	0.1552
3548.87	0.1540
3546.95	0.1510
3545.02	0.1512
3543.09	0.1557
3541.16	0.1600
3539.23	0.1612
3537.30	0.1604
3535.37	0.1605
3533.44	0.1610
3531.52	0.1597
3529.59	0.1569
3527.66	0.1549
3525.73	0.1545
3523.80	0.1554
3521.87	0.1578
3519.94	0.1605
3518.01	0.1620
3516.09	0.1627
3514.16	0.1625
3512.23	0.1610
3510.30	0.1594
3508.37	0.1593
3506.44	0.1594
3504.51	0.1579
3502.58	0.1574
3500.66	0.1594
3498.73	0.1613
3496.80	0.1618
3494.87	0.1621
3492.94	0.1628
3491.01	0.1627
3489.08	0.1620
3487.15	0.1617
3485.23	0.1615
3483.30	0.1608
3481.37	0.1606
3479.44	0.1619
3477.51	0.1630
3475.58	0.1633
3473.65	0.1635
3471.72	0.1639
3469.80	0.1641
3467.87	0.1640
3465.94	0.1639
3464.01	0.1637
3462.08	0.1637
3460.15	0.1643
3458.22	0.1650
3456.29	0.1655
3454.37	0.1658
3452.44	0.1660
3450.51	0.1652
3448.58	0.1633
3446.65	0.1625
3444.72	0.1635
3442.79	0.1649
3440.87	0.1660
3438.94	0.1670
3437.01	0.1677
3435.08	0.1680
3433.15	0.1683
3431.22	0.1685
3429.29	0.1689
3427.36	0.1694
3425.44	0.1696
3423.51	0.1691
3421.58	0.1685
3419.65	0.1690
3417.72	0.1704
3415.79	0.1716
3413.86	0.1721
3411.93	0.1724
3410.01	0.1727
3408.08	0.1729
3406.15	0.1730
3404.22	0.1731
3402.29	0.1733
3400.36	0.1735
3398.43	0.1734
3396.50	0.1734
3394.58	0.1735
3392.65	0.1739
3390.72	0.1747
3388.79	0.1754
3386.86	0.1756
3384.93	0.1756
3383.00	0.1761
3381.07	0.1767
3379.15	0.1772
3377.22	0.1775
3375.29	0.1779
3373.36	0.1782
3371.43	0.1784
3369.50	0.1783
3367.57	0.1781
3365.64	0.1781
3363.72	0.1784
3361.79	0.1789
3359.86	0.1793
3357.93	0.1797
3356.00	0.1799
3354.07	0.1804
3352.14	0.1810
3350.21	0.1814
3348.29	0.1817
3346.36	0.1819
3344.43	0.1822
3342.50	0.1824
3340.57	0.1825
3338.64	0.1824
3336.71	0.1824
3334.78	0.1827
3332.86	0.1833
3330.93	0.1838
3329.00	0.1840
3327.07	0.1841
3325.14	0.1843
3323.21	0.1847
3321.28	0.1851
3319.35	0.1854
3317.43	0.1856
3315.50	0.1857
3313.57	0.1857
3311.64	0.1857
3309.71	0.1859
3307.78	0.1864
3305.85	0.1871
3303.92	0.1875
3302.00	0.1878
3300.07	0.1879
3298.14	0.1880
3296.21	0.1882
3294.28	0.1884
3292.35	0.1884
3290.42	0.1887
3288.49	0.1892
3286.57	0.1896
3284.64	0.1899
3282.71	0.1901
3280.78	0.1903
3278.85	0.1903
3276.92	0.1902
3274.99	0.1902
3273.06	0.1907
3271.14	0.1915
3269.21	0.1922
3267.28	0.1925
3265.35	0.1926
3263.42	0.1929
3261.49	0.1931
3259.56	0.1933
3257.64	0.1934
3255.71	0.1934
3253.78	0.1938
3251.85	0.1944
3249.92	0.1949
3247.99	0.1950
3246.06	0.1948
3244.13	0.1949
3242.21	0.1955
3240.28	0.1960
3238.35	0.1963
3236.42	0.1966
3234.49	0.1969
3232.56	0.1971
3230.63	0.1973
3228.70	0.1976
3226.78	0.1980
3224.85	0.1985
3222.92	0.1986
3220.99	0.1986
3219.06	0.1987
3217.13	0.1991
3215.20	0.1993
3213.27	0.1996
3211.35	0.1999
3209.42	0.2004
3207.49	0.2010
3205.56	0.2016
3203.63	0.2020
3201.70	0.2021
3199.77	0.2021
3197.84	0.2021
3195.92	0.2027
3193.99	0.2034
3192.06	0.2040
3190.13	0.2043
3188.20	0.2045
3186.27	0.2047
3184.34	0.2049
3182.41	0.2054
3180.49	0.2055
3178.56	0.2056
3176.63	0.2060
3174.70	0.2068
3172.77	0.2073
3170.84	0.2077
3168.91	0.2080
3166.98	0.2083
3165.06	0.2087
3163.13	0.2091
3161.20	0.2095
3159.27	0.2098
3157.34	0.2101
3155.41	0.2105
3153.48	0.2108
3151.55	0.2111
3149.63	0.2114
3147.70	0.2118
3145.77	0.2121
3143.84	0.2124
3141.91	0.2127
3139.98	0.2131
3138.05	0.2134
3136.12	0.2135
3134.20	0.2134
3132.27	0.2136
3130.34	0.2142
3128.41	0.2146
3126.48	0.2146
3124.55	0.2146
3122.62	0.2148
3120.69	0.2151
3118.77	0.2154
3116.84	0.2156
3114.91	0.2161
3112.98	0.2168
3111.05	0.2174
3109.12	0.2178
3107.19	0.2182
3105.26	0.2183
3103.34	0.2183
3101.41	0.2183
3099.48	0.2186
3097.55	0.2190
3095.62	0.2194
3093.69	0.2201
3091.76	0.2209
3089.84	0.2214
3087.91	0.2216
3085.98	0.2218
3084.05	0.2219
3082.12	0.2219
3080.19	0.2220
3078.26	0.2224
3076.33	0.2232
3074.41	0.2238
3072.48	0.2243
3070.55	0.2244
3068.62	0.2242
3066.69	0.2240
3064.76	0.2242
3062.83	0.2250
3060.90	0.2257
3058.98	0.2258
3057.05	0.2259
3055.12	0.2264
3053.19	0.2271
3051.26	0.2275
3049.33	0.2276
3047.40	0.2280
3045.47	0.2286
3043.55	0.2291
3041.62	0.2295
3039.69	0.2297
3037.76	0.2298
3035.83	0.2297
3033.90	0.2295
3031.97	0.2295
3030.04	0.2301
3028.12	0.2310
3026.19	0.2316
3024.26	0.2320
3022.33	0.2324
3020.40	0.2326
3018.47	0.2326
3016.54	0.2324
3014.61	0.2325
3012.69	0.2327
3010.76	0.2333
3008.83	0.2341
3006.90	0.2346
3004.97	0.2348
3003.04	0.2352
3001.11	0.2356
2999.18	0.2360
2997.26	0.2361
2995.33	0.2362
2993.40	0.2363
2991.47	0.2366
2989.54	0.2367
2987.61	0.2368
2985.68	0.2370
2983.75	0.2371
2981.83	0.2371
2979.90	0.2369
2977.97	0.2367
2976.04	0.2364
2974.11	0.2359
2972.18	0.2354
2970.25	0.2347
2968.32	0.2339
2966.40	0.2331
2964.47	0.2326
2962.54	0.2324
2960.61	0.2325
2958.68	0.2330
2956.75	0.2336
2954.82	0.2345
2952.89	0.2355
2950.97	0.2363
2949.04	0.2370
2947.11	0.2374
2945.18	0.2376
2943.25	0.2376
2941.32	0.2373
2939.39	0.2368
2937.46	0.2362
2935.54	0.2356
2933.61	0.2350
2931.68	0.2345
2929.75	0.2340
2927.82	0.2336
2925.89	0.2335
2923.96	0.2337
2922.04	0.2342
2920.11	0.2351
2918.18	0.2362
2916.25	0.2376
2914.32	0.2391
2912.39	0.2406
2910.46	0.2420
2908.53	0.2431
2906.61	0.2440
2904.68	0.2448
2902.75	0.2456
2900.82	0.2464
2898.89	0.2471
2896.96	0.2477
2895.03	0.2484
2893.10	0.2490
2891.18	0.2497
2889.25	0.2502
2887.32	0.2508
2885.39	0.2512
2883.46	0.2516
2881.53	0.2518
2879.60	0.2520
2877.67	0.2521
2875.75	0.2522
2873.82	0.2523
2871.89	0.2525
2869.96	0.2528
2868.03	0.2531
2866.10	0.2532
2864.17	0.2532
2862.24	0.2531
2860.32	0.2529
2858.39	0.2526
2856.46	0.2525
2854.53	0.2525
2852.60	0.2527
2850.67	0.2534
2848.74	0.2545
2846.81	0.2560
2844.89	0.2576
2842.96	0.2590
2841.03	0.2602
2839.10	0.2611
2837.17	0.2619
2835.24	0.2625
2833.31	0.2631
2831.38	0.2636
2829.46	0.2641
2827.53	0.2645
2825.60	0.2649
2823.67	0.2654
2821.74	0.2658
2819.81	0.2662
2817.88	0.2666
2815.95	0.2670
2814.03	0.2673
2812.10	0.2677
2810.17	0.2681
2808.24	0.2685
2806.31	0.2688
2804.38	0.2692
2802.45	0.2695
2800.52	0.2699
2798.60	0.2703
2796.67	0.2706
2794.74	0.2710
2792.81	0.2714
2790.88	0.2717
2788.95	0.2721
2787.02	0.2724
2785.09	0.2728
2783.17	0.2732
2781.24	0.2735
2779.31	0.2739
2777.38	0.2742
2775.45	0.2746
2773.52	0.2749
2771.59	0.2752
2769.66	0.2756
2767.74	0.2759
2765.81	0.2762
2763.88	0.2765
2761.95	0.2769
2760.02	0.2772
2758.09	0.2775
2756.16	0.2778
2754.24	0.2782
2752.31	0.2785
2750.38	0.2788
2748.45	0.2791
2746.52	0.2794
2744.59	0.2797
2742.66	0.2801
2740.73	0.2804
2738.81	0.2807
2736.88	0.2810
2734.95	0.2813
2733.02	0.2816
2731.09	0.2819
2729.16	0.2823
2727.23	0.2826
2725.30	0.2829
2723.38	0.2832
2721.45	0.2835
2719.52	0.2839
2717.59	0.2842
2715.66	0.2845
2713.73	0.2849
2711.80	0.2852
2709.87	0.2855
2707.95	0.2858
2706.02	0.2862
2704.09	0.2865
2702.16	0.2868
2700.23	0.2871
2698.30	0.2874
2696.37	0.2878
2694.44	0.2881
2692.52	0.2884
2690.59	0.2887
2688.66	0.2890
2686.73	0.2894
2684.80	0.2897
2682.87	0.2900
2680.94	0.2903
2679.01	0.2906
2677.09	0.2910
2675.16	0.2913
2673.23	0.2916
2671.30	0.2919
2669.37	0.2922
2667.44	0.2925
2665.51	0.2929
2663.58	0.2932
2661.66	0.2935
2659.73	0.2938
2657.80	0.2942
2655.87	0.2945
2653.94	0.2948
2652.01	0.2951
2650.08	0.2954
2648.15	0.2957
2646.23	0.2961
2644.30	0.2964
2642.37	0.2967
2640.44	0.2970
2638.51	0.2973
2636.58	0.2977
2634.65	0.2980
2632.72	0.2983
2630.80	0.2986
2628.87	0.2989
2626.94	0.2992
2625.01	0.2995
2623.08	0.2999
2621.15	0.3002
2619.22	0.3005
2617.29	0.3008
2615.37	0.3012
2613.44	0.3015
2611.51	0.3018
2609.58	0.3021
2607.65	0.3024
2605.72	0.3027
2603.79	0.3031
2601.86	0.3034
2599.94	0.3037
2598.01	0.3040
2596.08	0.3043
2594.15	0.3046
2592.22	0.3049
2590.29	0.3053
2588.36	0.3056
2586.43	0.3059
2584.51	0.3062
2582.58	0.3065
2580.65	0.3068
2578.72	0.3072
2576.79	0.3075
2574.86	0.3078
2572.93	0.3081
2571.01	0.3084
2569.08	0.3087
2567.15	0.3091
2565.22	0.3094
2563.29	0.3097
2561.36	0.3100
2559.43	0.3103
2557.50	0.3106
2555.58	0.3110
2553.65	0.3113
2551.72	0.3116
2549.79	0.3119
2547.86	0.3122
2545.93	0.3125
2544.00	0.3129
2542.07	0.3132
2540.15	0.3135
2538.22	0.3138
2536.29	0.3141
2534.36	0.3144
2532.43	0.3147
2530.50	0.3150
2528.57	0.3154
2526.64	0.3157
2524.72	0.3160
2522.79	0.3163
2520.86	0.3166
2518.93	0.3170
2517.00	0.3173
2515.07	0.3176
2513.14	0.3179
2511.21	0.3182
2509.29	0.3185
2507.36	0.3189
2505.43	0.3192
2503.50	0.3195
2501.57	0.3198
2499.64	0.3201
2497.71	0.3204
2495.78	0.3208
2493.86	0.3211
2491.93	0.3214
2490.00	0.3217
2488.07	0.3221
2486.14	0.3224
2484.21	0.3227
2482.28	0.3230
2480.35	0.3233
2478.43	0.3237
2476.50	0.3240
2474.57	0.3243
2472.64	0.3246
2470.71	0.3250
2468.78	0.3253
2466.85	0.3256
2464.92	0.3259
2463.00	0.3262
2461.07	0.3266
2459.14	0.3269
2457.21	0.3272
2455.28	0.3275
2453.35	0.3279
2451.42	0.3282
2449.49	0.3285
2447.57	0.3288
2445.64	0.3291
2443.71	0.3294
2441.78	0.3298
2439.85	0.3301
2437.92	0.3304
2435.99	0.3307
2434.06	0.3310
2432.14	0.3314
2430.21	0.3317
2428.28	0.3320
2426.35	0.3323
2424.42	0.3326
2422.49	0.3329
2420.56	0.3333
2418.63	0.3336
2416.71	0.3339
2414.78	0.3342
2412.85	0.3345
2410.92	0.3348
2408.99	0.3352
2407.06	0.3355
2405.13	0.3358
2403.21	0.3361
2401.28	0.3364
2399.35	0.3367
2397.42	0.3370
2395.49	0.3373
2393.56	0.3374
2391.63	0.3371
2389.70	0.3355
2387.78	0.3309
2385.85	0.3209
2383.92	0.3032
2381.99	0.2774
2380.06	0.2456
2378.13	0.2116
2376.20	0.1788
2374.27	0.1492
2372.35	0.1236
2370.42	0.1023
2368.49	0.0855
2366.56	0.0729
2364.63	0.0641
2362.70	0.0589
2360.77	0.0569
2358.84	0.0585
2356.92	0.0647
2354.99	0.0770
2353.06	0.0977
2351.13	0.1248
2349.20	0.1424
2347.27	0.1348
2345.34	0.1130
2343.41	0.0976
2341.49	0.0930
2339.56	0.0935
2337.63	0.0959
2335.70	0.0987
2333.77	0.1009
2331.84	0.1029
2329.91	0.1069
2327.98	0.1139
2326.06	0.1217
2324.13	0.1289
2322.20	0.1378
2320.27	0.1507
2318.34	0.1670
2316.41	0.1828
2314.48	0.1956
2312.55	0.2067
2310.63	0.2190
2308.70	0.2332
2306.77	0.2484
2304.84	0.2627
2302.91	0.2748
2300.98	0.2847
2299.05	0.2935
2297.12	0.3016
2295.20	0.3092
2293.27	0.3164
2291.34	0.3232
2289.41	0.3297
2287.48	0.3358
2285.55	0.3412
2283.62	0.3448
2281.69	0.3457
2279.77	0.3449
2277.84	0.3437
2275.91	0.3429
2273.98	0.3425
2272.05	0.3426
2270.12	0.3429
2268.19	0.3435
2266.26	0.3443
2264.34	0.3453
2262.41	0.3465
2260.48	0.3478
2258.55	0.3491
2256.62	0.3505
2254.69	0.3518
2252.76	0.3530
2250.83	0.3542
2248.91	0.3553
2246.98	0.3562
2245.05	0.3570
2243.12	0.3578
2241.19	0.3584
2239.26	0.3591
2237.33	0.3596
2235.41	0.3601
2233.48	0.3606
2231.55	0.3611
2229.62	0.3616
2227.69	0.3620
2225.76	0.3624
2223.83	0.3628
2221.90	0.3631
2219.98	0.3633
2218.05	0.3635
2216.12	0.3638
2214.19	0.3640
2212.26	0.3642
2210.33	0.3645
2208.40	0.3647
2206.47	0.3649
2204.55	0.3652
2202.62	0.3655
2200.69	0.3657
2198.76	0.3660
2196.83	0.3662
2194.90	0.3664
2192.97	0.3667
2191.04	0.3669
2189.12	0.3671
2187.19	0.3673
2185.26	0.3676
2183.33	0.3678
2181.40	0.3680
2179.47	0.3683
2177.54	0.3685
2175.61	0.3687
2173.69	0.3689
2171.76	0.3690
2169.83	0.3692
2167.90	0.3695
2165.97	0.3697
2164.04	0.3699
2162.11	0.3701
2160.18	0.3704
2158.26	0.3707
2156.33	0.3709
2154.40	0.3711
2152.47	0.3713
2150.54	0.3715
2148.61	0.3717
2146.68	0.3719
2144.75	0.3721
2142.83	0.3723
2140.90	0.3724
2138.97	0.3724
2137.04	0.3724
2135.11	0.3727
2133.18	0.3730
2131.25	0.3733
2129.32	0.3734
2127.40	0.3736
2125.47	0.3737
2123.54	0.3738
2121.61	0.3740
2119.68	0.3741
2117.75	0.3742
2115.82	0.3741
2113.89	0.3743
2111.97	0.3747
2110.04	0.3750
2108.11	0.3751
2106.18	0.3753
2104.25	0.3755
2102.32	0.3757
2100.39	0.3758
2098.46	0.3760
2096.54	0.3762
2094.61	0.3763
2092.68	0.3761
2090.75	0.3758
2088.82	0.3760
2086.89	0.3766
2084.96	0.3772
2083.03	0.3775
2081.11	0.3776
2079.18	0.3776
2077.25	0.3777
2075.32	0.3779
2073.39	0.3782
2071.46	0.3784
2069.53	0.3784
2067.60	0.3775
2065.68	0.3764
2063.75	0.3767
2061.82	0.3780
2059.89	0.3790
2057.96	0.3794
2056.03	0.3797
2054.10	0.3799
2052.18	0.3800
2050.25	0.3801
2048.32	0.3802
2046.39	0.3800
2044.46	0.3794
2042.53	0.3786
2040.60	0.3787
2038.67	0.3799
2036.75	0.3808
2034.82	0.3812
2032.89	0.3814
2030.96	0.3815
2029.03	0.3815
2027.10	0.3814
2025.17	0.3814
2023.24	0.3813
2021.32	0.3805
2019.39	0.3783
2017.46	0.3764
2015.53	0.3778
2013.60	0.3807
2011.67	0.3821
2009.74	0.3821
2007.81	0.3820
2005.89	0.3823
2003.96	0.3825
2002.03	0.3825
2000.10	0.3822
1998.17	0.3821
1996.24	0.3810
1994.31	0.3765
1992.38	0.3718
1990.46	0.3724
1988.53	0.3767
1986.60	0.3801
1984.67	0.3819
1982.74	0.3825
1980.81	0.3825
1978.88	0.3825
1976.95	0.3824
1975.03	0.3823
1973.10	0.3822
1971.17	0.3808
1969.24	0.3768
1967.31	0.3736
1965.38	0.3754
1963.45	0.3792
1961.52	0.3808
1959.60	0.3809
1957.67	0.3806
1955.74	0.3800
1953.81	0.3801
1951.88	0.3807
1949.95	0.3804
1948.02	0.3784
1946.09	0.3732
1944.17	0.3655
1942.24	0.3630
1940.31	0.3699
1938.38	0.3775
1936.45	0.3798
1934.52	0.3795
1932.59	0.3792
1930.66	0.3793
1928.74	0.3793
1926.81	0.3768
1924.88	0.3700
1922.95	0.3639
1921.02	0.3606
1919.09	0.3563
1917.16	0.3576
1915.23	0.3677
1913.31	0.3737
1911.38	0.3710
1909.45	0.3679
1907.52	0.3695
1905.59	0.3732
1903.66	0.3751
1901.73	0.3756
1899.80	0.3751
1897.88	0.3722
1895.95	0.3684
1894.02	0.3666
1892.09	0.3629
1890.16	0.3569
1888.23	0.3586
1886.30	0.3661
1884.38	0.3704
1882.45	0.3714
1880.52	0.3717
1878.59	0.3715
1876.66	0.3712
1874.73	0.3699
1872.80	0.3615
1870.87	0.3419
1868.95	0.3269
1867.02	0.3341
1865.09	0.3526
1863.16	0.3633
1861.23	0.3651
1859.30	0.3647
1857.37	0.3651
1855.44	0.3658
1853.52	0.3655
1851.59	0.3632
1849.66	0.3565
1847.73	0.3416
1845.80	0.3201
1843.87	0.3129
1841.94	0.3309
1840.01	0.3501
1838.09	0.3545
1836.16	0.3540
1834.23	0.3511
1832.30	0.3367
1830.37	0.3195
1828.44	0.3170
1826.51	0.3222
1824.58	0.3284
1822.66	0.3404
1820.73	0.3501
1818.80	0.3513
1816.87	0.3502
1814.94	0.3483
1813.01	0.3413
1811.08	0.3339
1809.15	0.3349
1807.23	0.3406
1805.30	0.3403
1803.37	0.3295
1801.44	0.3171
1799.51	0.3155
1797.58	0.3207
1795.65	0.3146
1793.72	0.2949
1791.80	0.2881
1789.87	0.3071
1787.94	0.3258
1786.01	0.3267
1784.08	0.3219
1782.15	0.3189
1780.22	0.3182
1778.29	0.3198
1776.37	0.3113
1774.44	0.2849
1772.51	0.2626
1770.58	0.2667
1768.65	0.2867
1766.72	0.3055
1764.79	0.3109
1762.86	0.3006
1760.94	0.2951
1759.01	0.2984
1757.08	0.3001
1755.15	0.3000
1753.22	0.2875
1751.29	0.2647
1749.36	0.2571
1747.43	0.2684
1745.51	0.2801
1743.58	0.2814
1741.65	0.2742
1739.72	0.2699
1737.79	0.2655
1735.86	0.2421
1733.93	0.2225
1732.00	0.2395
1730.08	0.2715
1728.15	0.2929
1726.22	0.3014
1724.29	0.2997
1722.36	0.2895
1720.43	0.2607
1718.50	0.2221
1716.58	0.2100
1714.65	0.2331
1712.72	0.2636
1710.79	0.2785
1708.86	0.2721
1706.93	0.2538
1705.00	0.2392
1703.07	0.2196
1701.15	0.1903
1699.22	0.1787
1697.29	0.1885
1695.36	0.2092
1693.43	0.2407
1691.50	0.2597
1689.57	0.2545
1687.64	0.2313
1685.72	0.1950
1683.79	0.1802
1681.86	0.2054
1679.93	0.2348
1678.00	0.2369
1676.07	0.2215
1674.14	0.2140
1672.21	0.2109
1670.29	0.2035
1668.36	0.2099
1666.43	0.2267
1664.50	0.2270
1662.57	0.2197
1660.64	0.2246
1658.71	0.2277
1656.78	0.2032
1654.86	0.1555
1652.93	0.1310
1651.00	0.1482
1649.07	0.1618
1647.14	0.1566
1645.21	0.1652
1643.28	0.1866
1641.35	0.1948
1639.43	0.1816
1637.50	0.1553
1635.57	0.1412
1633.64	0.1552
1631.71	0.1739
1629.78	0.1745
1627.85	0.1658
1625.92	0.1573
1624.00	0.1502
1622.07	0.1502
1620.14	0.1501
1618.21	0.1386
1616.28	0.1314
1614.35	0.1406
1612.42	0.1497
1610.49	0.1487
1608.57	0.1447
1606.64	0.1426
1604.71	0.1406
1602.78	0.1378
1600.85	0.1352
1598.92	0.1326
1596.99	0.1286
1595.06	0.1244
1593.14	0.1213
1591.21	0.1188
1589.28	0.1161
1587.35	0.1133
1585.42	0.1102
1583.49	0.1067
1581.56	0.1024
1579.63	0.0940
1577.71	0.0811
1575.78	0.0742
1573.85	0.0770
1571.92	0.0767
1569.99	0.0711
1568.06	0.0695
1566.13	0.0709
1564.20	0.0687
1562.28	0.0588
1560.35	0.0436
1558.42	0.0372
1556.49	0.0442
1554.56	0.0534
1552.63	0.0586
1550.70	0.0607
1548.78	0.0609
1546.85	0.0579
1544.92	0.0507
1542.99	0.0418
1541.06	0.0355
1539.13	0.0376
1537.20	0.0457
1535.27	0.0492
1533.35	0.0483
1531.42	0.0493
1529.49	0.0494
1527.56	0.0454
1525.63	0.0406
1523.70	0.0357
1521.77	0.0315
1519.84	0.0304
1517.92	0.0309
1515.99	0.0313
1514.06	0.0316
1512.13	0.0301
1510.20	0.0256
1508.27	0.0199
1506.34	0.0177
1504.41	0.0208
1502.49	0.0240
1500.56	0.0233
1498.63	0.0205
1496.70	0.0189
1494.77	0.0191
1492.84	0.0188
1490.91	0.0169
1488.98	0.0157
1487.06	0.0165
1485.13	0.0178
1483.20	0.0183
1481.27	0.0180
1479.34	0.0172
1477.41	0.0156
1475.48	0.0134
1473.55	0.0116
1471.63	0.0115
1469.70	0.0123
1467.77	0.0122
1465.84	0.0108
1463.91	0.0098
1461.98	0.0091
1460.05	0.0075
1458.12	0.0054
1456.20	0.0045
1454.27	0.0046
1452.34	0.0046
1450.41	0.0039
1448.48	0.0030
1446.55	0.0024
1444.62	0.0019
1442.69	0.0015
1440.77	0.0011
1438.84	0.0007
1436.91	0.0004
1434.98	0.0003
1433.05	0.0003
1431.12	0.0002
1429.19	0.0002
1427.26	0.0003
1425.34	0.0003
1423.41	0.0003
1421.48	0.0003
1419.55	0.0003
1417.62	0.0003
1415.69	0.0004
1413.76	0.0004
1411.83	0.0003
1409.91	0.0003
1407.98	0.0003
1406.05	0.0003
1404.12	0.0003
1402.19	0.0004
1400.26	0.0004
1398.33	0.0005
1396.40	0.0005
1394.48	0.0006
1392.55	0.0006
1390.62	0.0006
1388.69	0.0007
1386.76	0.0007
1384.83	0.0008
1382.90	0.0008
1380.97	0.0008
1379.05	0.0008
1377.12	0.0009
1375.19	0.0009
1373.26	0.0009
1371.33	0.0009
1369.40	0.0009
1367.47	0.0009
1365.55	0.0009
1363.62	0.0009
1361.69	0.0009
1359.76	0.0009
1357.83	0.0009
1355.90	0.0009
1353.97	0.0009
1352.04	0.0009
1350.12	0.0009
1348.19	0.0009
1346.26	0.0009
1344.33	0.0009
1342.40	0.0009
1340.47	0.0009
1338.54	0.0009
1336.61	0.0009
1334.69	0.0009
1332.76	0.0009
1330.83	0.0009
1328.90	0.0009
1326.97	0.0009
1325.04	0.0009
1323.11	0.0009
1321.18	0.0009
1319.26	0.0009
1317.33	0.0009
1315.40	0.0009
1313.47	0.0009
1311.54	0.0009
1309.61	0.0009
1307.68	0.0009
1305.75	0.0009
1303.83	0.0009
1301.90	0.0009
1299.97	0.0009
1298.04	0.0009
1296.11	0.0009
1294.18	0.0009
1292.25	0.0009
1290.32	0.0009
1288.40	0.0009
1286.47	0.0009
1284.54	0.0009
1282.61	0.0009
1280.68	0.0009
1278.75	0.0009
1276.82	0.0009
1274.89	0.0009
1272.97	0.0009
1271.04	0.0009
1269.11	0.0008
1267.18	0.0008
1265.25	0.0008
1263.32	0.0008
1261.39	0.0009
1259.46	0.0009
1257.54	0.0009
1255.61	0.0009
1253.68	0.0009
1251.75	0.0008
1249.82	0.0008
1247.89	0.0008
1245.96	0.0008
1244.03	0.0008
1242.11	0.0008
1240.18	0.0008
1238.25	0.0008
1236.32	0.0008
1234.39	0.0008
1232.46	0.0008
1230.53	0.0008
1228.60	0.0008
1226.68	0.0008
1224.75	0.0008
1222.82	0.0008
1220.89	0.0008
1218.96	0.0008
1217.03	0.0008
1215.10	0.0008
1213.17	0.0008
1211.25	0.0008
1209.32	0.0008
1207.39	0.0008
1205.46	0.0008
1203.53	0.0008
1201.60	0.0008
1199.67	0.0008
1197.75	0.0008
1195.82	0.0008
1193.89	0.0008
1191.96	0.0008
1190.03	0.0008
1188.10	0.0008
1186.17	0.0008
1184.24	0.0008
1182.32	0.0008
1180.39	0.0008
1178.46	0.0008
1176.53	0.0008
1174.60	0.0008
1172.67	0.0008
1170.74	0.0008
1168.81	0.0008
1166.89	0.0008
1164.96	0.0008
1163.03	0.0008
1161.10	0.0008
1159.17	0.0008
1157.24	0.0008
1155.31	0.0008
1153.38	0.0007
1151.46	0.0007
1149.53	0.0008
1147.60	0.0008
1145.67	0.0008
1143.74	0.0007
1141.81	0.0007
1139.88	0.0007
1137.95	0.0008
1136.03	0.0007
1134.10	0.0007
1132.17	0.0007
1130.24	0.0007
1128.31	0.0007
1126.38	0.0007
1124.45	0.0007
1122.52	0.0007
1120.60	0.0007
1118.67	0.0007
1116.74	0.0007
1114.81	0.0007
1112.88	0.0007
1110.95	0.0007
1109.02	0.0007
1107.09	0.0007
1105.17	0.0007
1103.24	0.0007
1101.31	0.0007
1099.38	0.0007
1097.45	0.0007
1095.52	0.0007
1093.59	0.0007
1091.66	0.0007
1089.74	0.0007
1087.81	0.0007
1085.88	0.0007
1083.95	0.0007
1082.02	0.0007
1080.09	0.0007
1078.16	0.0007
1076.23	0.0007
1074.31	0.0007
1072.38	0.0007
1070.45	0.0007
1068.52	0.0007
1066.59	0.0007
1064.66	0.0007
1062.73	0.0007
1060.80	0.0007
1058.88	0.0007
1056.95	0.0007
1055.02	0.0007
1053.09	0.0007
1051.16	0.0007
1049.23	0.0007
1047.30	0.0007
1045.37	0.0007
1043.45	0.0007
1041.52	0.0007
1039.59	0.0006
1037.66	0.0006
1035.73	0.0006
1033.80	0.0007
1031.87	0.0007
1029.95	0.0007
1028.02	0.0007
1026.09	0.0007
1024.16	0.0007
1022.23	0.0007
1020.30	0.0006
1018.37	0.0006
1016.44	0.0007
1014.52	0.0006
1012.59	0.0006
1010.66	0.0006
1008.73	0.0006
1006.80	0.0006
1004.87	0.0006
1002.94	0.0006
1001.01	0.0006
999.09	0.0006
997.16	0.0006
995.23	0.0006
993.30	0.0006
991.37	0.0006
989.44	0.0006
987.51	0.0006
985.58	0.0006
983.66	0.0006
981.73	0.0006
979.80	0.0006
977.87	0.0006
975.94	0.0006
974.01	0.0006
972.08	0.0006
970.15	0.0006
968.23	0.0006
966.30	0.0006
964.37	0.0006
962.44	0.0006
960.51	0.0006
958.58	0.0006
956.65	0.0006
954.72	0.0006
952.80	0.0006
950.87	0.0006
948.94	0.0006
947.01	0.0006
945.08	0.0006
943.15	0.0006
941.22	0.0006
939.29	0.0006
937.37	0.0006
935.44	0.0006
933.51	0.0006
931.58	0.0006
929.65	0.0006
927.72	0.0006
925.79	0.0006
923.86	0.0006
921.94	0.0006
920.01	0.0006
918.08	0.0006
916.15	0.0006
914.22	0.0006
912.29	0.0006
910.36	0.0006
908.43	0.0006
906.51	0.0006
904.58	0.0006
902.65	0.0005
900.72	0.0005
898.79	0.0006
896.86	0.0006
894.93	0.0005
893.00	0.0006
891.08	0.0006
889.15	0.0006
887.22	0.0006
885.29	0.0006
883.36	0.0005
881.43	0.0005
879.50	0.0005
877.57	0.0005
875.65	0.0005
873.72	0.0005
871.79	0.0005
869.86	0.0005
867.93	0.0005
866.00	0.0005
864.07	0.0005
862.14	0.0005
860.22	0.0005
858.29	0.0005
856.36	0.0005
854.43	0.0005
852.50	0.0005
850.57	0.0005
848.64	0.0005
846.72	0.0005
844.79	0.0005
842.86	0.0005
840.93	0.0005
839.00	0.0005
837.07	0.0005
835.14	0.0005
833.21	0.0005
831.29	0.0005
829.36	0.0005
827.43	0.0005
825.50	0.0005
823.57	0.0005
821.64	0.0005
819.71	0.0005
817.78	0.0005
815.86	0.0005
813.93	0.0005
812.00	0.0005
810.07	0.0005
808.14	0.0005
806.21	0.0005
804.28	0.0005
802.35	0.0005
800.43	0.0005
798.50	0.0005
796.57	0.0005
794.64	0.0005
792.71	0.0005
790.78	0.0005
788.85	0.0005
786.92	0.0005
785.00	0.0005
783.07	0.0005
781.14	0.0005
779.21	0.0005
777.28	0.0005
775.35	0.0005
773.42	0.0005
771.49	0.0005
769.57	0.0005
767.64	0.0005
765.71	0.0005
763.78	0.0005
761.85	0.0005
759.92	0.0004
757.99	0.0004
756.06	0.0004
754.14	0.0005
752.21	0.0005
750.28	0.0005
748.35	0.0005
746.42	0.0005
744.49	0.0005
742.56	0.0005
740.63	0.0005
738.71	0.0005
736.78	0.0005
734.85	0.0005
732.92	0.0005
730.99	0.0005
729.06	0.0005
727.13	0.0004
725.20	0.0004
723.28	0.0004
721.35	0.0004
719.42	0.0005
717.49	0.0004
715.56	0.0004
713.63	0.0004
711.70	0.0004
709.77	0.0004
707.85	0.0004
705.92	0.0004
703.99	0.0004
702.06	0.0004
700.13	0.0004
698.20	0.0004
696.27	0.0004
694.34	0.0004
692.42	0.0004
690.49	0.0004
688.56	0.0004
686.63	0.0004
684.70	0.0004
682.77	0.0004
680.84	0.0004
678.92	0.0004
676.99	0.0004
675.06	0.0004
673.13	0.0004
671.20	0.0004
669.27	0.0004
667.34	0.0004
665.41	0.0004
663.49	0.0004
661.56	0.0004
659.63	0.0004
657.70	0.0004
655.77	0.0004
653.84	0.0004
651.91	0.0004
649.98	0.0004
648.06	0.0004
646.13	0.0004
644.20	0.0004
642.27	0.0004
640.34	0.0004
638.41	0.0004
636.48	0.0004
634.55	0.0004
632.63	0.0004
630.70	0.0004
628.77	0.0003
626.84	0.0003
624.91	0.0004
622.98	0.0004
621.05	0.0004
619.12	0.0004
617.20	0.0004
615.27	0.0004
613.34	0.0004
611.41	0.0004
609.48	0.0004
607.55	0.0004
605.62	0.0004
603.69	0.0004
601.77	0.0004
599.84	0.0004
597.91	0.0004
595.98	0.0004
594.05	0.0004
592.12	0.0004
590.19	0.0004
588.26	0.0004
586.34	0.0004
584.41	0.0004
582.48	0.0004
580.55	0.0003
578.62	0.0003
576.69	0.0003
574.76	0.0003
572.83	0.0003
570.91	0.0004
568.98	0.0004
567.05	0.0004
565.12	0.0004
563.19	0.0004
561.26	0.0004
559.33	0.0004
557.40	0.0004
555.48	0.0004
553.55	0.0003
551.62	0.0003
549.69	0.0004
547.76	0.0004
545.83	0.0004
543.90	0.0004
541.97	0.0004
540.05	0.0004
538.12	0.0004
536.19	0.0004
534.26	0.0003
532.33	0.0003
530.40	0.0003
528.47	0.0003
526.54	0.0003
524.62	0.0003
522.69	0.0003
520.76	0.0003
518.83	0.0003
516.90	0.0003
514.97	0.0003
513.04	0.0003
511.12	0.0003
509.19	0.0003
507.26	0.0003
505.33	0.0003
503.40	0.0003
501.47	0.0003
499.54	0.0003
497.61	0.0003
495.69	0.0003
493.76	0.0003
491.83	0.0003
489.90	0.0003
487.97	0.0003
486.04	0.0003
484.11	0.0003
482.18	0.0003
480.26	0.0003
478.33	0.0003
476.40	0.0004
474.47	0.0003
472.54	0.0003
470.61	0.0003
468.68	0.0003
466.75	0.0003
464.83	0.0003
462.90	0.0003
460.97	0.0003
459.04	0.0003
457.11	0.0003
455.18	0.0003
453.25	0.0003
451.32	0.0003
449.40	0.0003
447.47	0.0003
445.54	0.0003
443.61	0.0003
441.68	0.0003
439.75	0.0003
437.82	0.0003
435.89	0.0003
433.97	0.0003
432.04	0.0003
430.11	0.0003
428.18	0.0003
426.25	0.0003
424.32	0.0003
422.39	0.0003
420.46	0.0003
418.54	0.0002
416.61	0.0003
414.68	0.0003
412.75	0.0003
410.82	0.0003
408.89	0.0003
406.96	0.0003
405.03	0.0003
403.11	0.0003
401.18	0.0003
399.25	0.0003
