3996.34	0.1198
3994.41	0.1198
3992.48	0.1198
3990.55	0.1201
3988.63	0.1206
3986.70	0.1211
3984.77	0.1212
3982.84	0.1213
3980.91	0.1214
3978.98	0.1215
3977.05	0.1212
3975.12	0.1209
3973.20	0.1210
3971.27	0.1215
3969.34	0.1220
3967.41	0.1226
3965.48	0.1227
3963.55	0.1222
3961.62	0.1218
3959.70	0.1222
3957.77	0.1228
3955.84	0.1231
3953.91	0.1228
3951.98	0.1213
3950.05	0.1193
3948.12	0.1190
3946.19	0.1197
3944.27	0.1193
3942.34	0.1194
3940.41	0.1219
3938.48	0.1244
3936.55	0.1243
3934.62	0.1212
3932.69	0.1178
3930.76	0.1180
3928.84	0.1205
3926.91	0.1209
3924.98	0.1196
3923.05	0.1196
3921.12	0.1191
3919.19	0.1169
3917.26	0.1167
3915.33	0.1210
3913.41	0.1261
3911.48	0.1285
3909.55	0.1274
3907.62	0.1211
3905.69	0.1103
3903.76	0.1015
3901.83	0.0996
3899.90	0.1041
3897.98	0.1134
3896.05	0.1211
3894.12	0.1201
3892.19	0.1151
3890.26	0.1150
3888.33	0.1155
3886.40	0.1116
3884.47	0.1102
3882.55	0.1113
3880.62	0.1124
3878.69	0.1173
3876.76	0.1204
3874.83	0.1164
3872.90	0.1097
3870.97	0.1040
3869.04	0.1043
3867.12	0.1082
3865.19	0.1092
3863.26	0.1110
3861.33	0.1173
3859.40	0.1209
3857.47	0.1129
3855.54	0.0939
3853.61	0.0820
3851.69	0.0921
3849.76	0.1132
3847.83	0.1262
3845.90	0.1261
3843.97	0.1192
3842.04	0.1110
3840.11	0.1028
3838.18	0.0987
3836.26	0.1028
3834.33	0.1105
3832.40	0.1166
3830.47	0.1216
3828.54	0.1246
3826.61	0.1244
3824.68	0.1197
3822.75	0.1094
3820.83	0.1031
3818.90	0.1057
3816.97	0.1088
3815.04	0.1155
3813.11	0.1278
3811.18	0.1336
3809.25	0.1270
3807.32	0.1184
3805.40	0.1154
3803.47	0.1112
3801.54	0.1071
3799.61	0.1122
3797.68	0.1206
3795.75	0.1274
3793.82	0.1351
3791.89	0.1405
3789.97	0.1416
3788.04	0.1402
3786.11	0.1376
3784.18	0.1362
3782.25	0.1344
3780.32	0.1314
3778.39	0.1325
3776.47	0.1384
3774.54	0.1412
3772.61	0.1363
3770.68	0.1287
3768.75	0.1260
3766.82	0.1283
3764.89	0.1319
3762.96	0.1336
3761.04	0.1296
3759.11	0.1251
3757.18	0.1249
3755.25	0.1211
3753.32	0.1076
3751.39	0.0948
3749.46	0.0942
3747.53	0.0972
3745.61	0.0941
3743.68	0.0970
3741.75	0.1106
3739.82	0.1167
3737.89	0.1075
3735.96	0.0965
3734.03	0.0959
3732.10	0.1057
3730.18	0.1173
3728.25	0.1216
3726.32	0.1198
3724.39	0.1190
3722.46	0.1218
3720.53	0.1274
3718.60	0.1341
3716.67	0.1368
3714.75	0.1296
3712.82	0.1164
3710.89	0.1111
3708.96	0.1193
3707.03	0.1311
3705.10	0.1355
3703.17	0.1323
3701.24	0.1313
3699.32	0.1364
3697.39	0.1410
3695.46	0.1405
3693.53	0.1331
3691.60	0.1202
3689.67	0.1119
3687.74	0.1182
3685.81	0.1339
3683.89	0.1446
3681.96	0.1448
3680.03	0.1366
3678.10	0.1212
3676.17	0.1075
3674.24	0.1078
3672.31	0.1135
3670.38	0.1157
3668.46	0.1253
3666.53	0.1418
3664.60	0.1525
3662.67	0.1551
3660.74	0.1532
3658.81	0.1462
3656.88	0.1383
3654.95	0.1358
3653.03	0.1295
3651.10	0.1134
3649.17	0.1036
3647.24	0.1130
3645.31	0.1324
3643.38	0.1462
3641.45	0.1509
3639.52	0.1514
3637.60	0.1500
3635.67	0.1464
3633.74	0.1399
3631.81	0.1276
3629.88	0.1133
3627.95	0.1137
3626.02	0.1294
3624.09	0.1408
3622.17	0.1378
3620.24	0.1288
3618.31	0.1265
3616.38	0.1309
3614.45	0.1330
3612.52	0.1322
3610.59	0.1310
3608.67	0.1314
3606.74	0.1371
3604.81	0.1447
3602.88	0.1468
3600.95	0.1447
3599.02	0.1431
3597.09	0.1417
3595.16	0.1408
3593.24	0.1427
3591.31	0.1423
3589.38	0.1353
3587.45	0.1309
3585.52	0.1379
3583.59	0.1488
3581.66	0.1543
3579.73	0.1556
3577.81	0.1560
3575.88	0.1566
3573.95	0.1571
3572.02	0.1550
3570.09	0.1462
3568.16	0.1351
3566.23	0.1335
3564.30	0.1424
3562.38	0.1512
3560.45	0.1556
3558.52	0.1580
3556.59	0.1590
3554.66	0.1574
3552.73	0.1554
3550.80	0.1551
3548.87	0.1539
3546.95	0.1510
3545.02	0.1512
3543.09	0.1556
3541.16	0.1599
3539.23	0.1611
3537.30	0.1603
3535.37	0.1604
3533.44	0.1609
3531.52	0.1596
3529.59	0.1568
3527.66	0.1548
3525.73	0.1544
3523.80	0.1553
3521.87	0.1577
3519.94	0.1603
3518.01	0.1619
3516.09	0.1626
3514.16	0.1624
3512.23	0.1609
3510.30	0.1593
3508.37	0.1592
3506.44	0.1593
3504.51	0.1578
3502.58	0.1572
3500.66	0.1592
3498.73	0.1611
3496.80	0.1616
3494.87	0.1619
3492.94	0.1626
3491.01	0.1625
3489.08	0.1618
3487.15	0.1615
3485.23	0.1613
3483.30	0.1606
3481.37	0.1604
3479.44	0.1616
3477.51	0.1628
3475.58	0.1631
3473.65	0.1632
3471.72	0.1637
3469.80	0.1639
3467.87	0.1637
3465.94	0.1636
3464.01	0.1634
3462.08	0.1635
3460.15	0.1640
3458.22	0.1647
3456.29	0.1652
3454.37	0.1656
3452.44	0.1657
3450.51	0.1649
3448.58	0.1631
3446.65	0.1622
3444.72	0.1632
3442.79	0.1646
3440.87	0.1657
3438.94	0.1666
3437.01	0.1673
3435.08	0.1677
3433.15	0.1679
3431.22	0.1682
3429.29	0.1686
3427.36	0.1691
3425.44	0.1692
3423.51	0.1688
3421.58	0.1682
3419.65	0.1687
3417.72	0.1701
3415.79	0.1712
3413.86	0.1717
3411.93	0.1721
3410.01	0.1723
3408.08	0.1726
3406.15	0.1727
3404.22	0.1728
3402.29	0.1730
3400.36	0.1732
3398.43	0.1732
3396.50	0.1732
3394.58	0.1733
3392.65	0.1737
3390.72	0.1744
3388.79	0.1752
3386.86	0.1753
3384.93	0.1754
3383.00	0.1758
3381.07	0.1764
3379.15	0.1769
3377.22	0.1772
3375.29	0.1775
3373.36	0.1778
3371.43	0.1780
3369.50	0.1779
3367.57	0.1777
3365.64	0.1777
3363.72	0.1780
3361.79	0.1785
3359.86	0.1789
3357.93	0.1793
3356.00	0.1795
3354.07	0.1800
3352.14	0.1806
3350.21	0.1810
3348.29	0.1812
3346.36	0.1815
3344.43	0.1817
3342.50	0.1819
3340.57	0.1821
3338.64	0.1820
3336.71	0.1819
3334.78	0.1823
3332.86	0.1829
3330.93	0.1833
3329.00	0.1835
3327.07	0.1836
3325.14	0.1839
3323.21	0.1842
3321.28	0.1846
3319.35	0.1849
3317.43	0.1851
3315.50	0.1852
3313.57	0.1852
3311.64	0.1852
3309.71	0.1854
3307.78	0.1859
3305.85	0.1865
3303.92	0.1870
3302.00	0.1873
3300.07	0.1874
3298.14	0.1875
3296.21	0.1877
3294.28	0.1878
3292.35	0.1879
3290.42	0.1882
3288.49	0.1887
3286.57	0.1891
3284.64	0.1893
3282.71	0.1895
3280.78	0.1897
3278.85	0.1898
3276.92	0.1897
3274.99	0.1897
3273.06	0.1902
3271.14	0.1910
3269.21	0.1916
3267.28	0.1919
3265.35	0.1921
3263.42	0.1923
3261.49	0.1925
3259.56	0.1927
3257.64	0.1928
3255.71	0.1929
3253.78	0.1932
3251.85	0.1938
3249.92	0.1943
3247.99	0.1944
3246.06	0.1942
3244.13	0.1944
3242.21	0.1950
3240.28	0.1955
3238.35	0.1957
3236.42	0.1960
3234.49	0.1963
3232.56	0.1965
3230.63	0.1967
3228.70	0.1970
3226.78	0.1974
3224.85	0.1979
3222.92	0.1980
3220.99	0.1980
3219.06	0.1981
3217.13	0.1985
3215.20	0.1987
3213.27	0.1990
3211.35	0.1993
3209.42	0.1998
3207.49	0.2004
3205.56	0.2010
3203.63	0.2014
3201.70	0.2015
3199.77	0.2015
3197.84	0.2015
3195.92	0.2021
3193.99	0.2028
3192.06	0.2034
3190.13	0.2037
3188.20	0.2039
3186.27	0.2041
3184.34	0.2043
3182.41	0.2047
3180.49	0.2049
3178.56	0.2049
3176.63	0.2054
3174.70	0.2061
3172.77	0.2067
3170.84	0.2070
3168.91	0.2073
3166.98	0.2077
3165.06	0.2081
3163.13	0.2084
3161.20	0.2088
3159.27	0.2091
3157.34	0.2095
3155.41	0.2098
3153.48	0.2101
3151.55	0.2104
3149.63	0.2108
3147.70	0.2111
3145.77	0.2114
3143.84	0.2117
3141.91	0.2120
3139.98	0.2124
3138.05	0.2127
3136.12	0.2128
3134.20	0.2127
3132.27	0.2129
3130.34	0.2135
3128.41	0.2139
3126.48	0.2139
3124.55	0.2139
3122.62	0.2140
3120.69	0.2143
3118.77	0.2146
3116.84	0.2149
3114.91	0.2153
3112.98	0.2160
3111.05	0.2166
3109.12	0.2170
3107.19	0.2174
3105.26	0.2176
3103.34	0.2175
3101.41	0.2175
3099.48	0.2178
3097.55	0.2182
3095.62	0.2186
3093.69	0.2193
3091.76	0.2201
3089.84	0.2206
3087.91	0.2208
3085.98	0.2210
3084.05	0.2211
3082.12	0.2211
3080.19	0.2211
3078.26	0.2216
3076.33	0.2223
3074.41	0.2230
3072.48	0.2234
3070.55	0.2236
3068.62	0.2234
3066.69	0.2231
3064.76	0.2234
3062.83	0.2241
3060.90	0.2248
3058.98	0.2250
3057.05	0.2251
3055.12	0.2255
3053.19	0.2262
3051.26	0.2266
3049.33	0.2267
3047.40	0.2271
3045.47	0.2278
3043.55	0.2282
3041.62	0.2286
3039.69	0.2288
3037.76	0.2289
3035.83	0.2288
3033.90	0.2286
3031.97	0.2286
3030.04	0.2292
3028.12	0.2301
3026.19	0.2307
3024.26	0.2311
3022.33	0.2315
3020.40	0.2317
3018.47	0.2316
3016.54	0.2315
3014.61	0.2316
3012.69	0.2318
3010.76	0.2324
3008.83	0.2331
3006.90	0.2336
3004.97	0.2339
3003.04	0.2342
3001.11	0.2347
2999.18	0.2350
2997.26	0.2352
2995.33	0.2352
2993.40	0.2353
2991.47	0.2356
2989.54	0.2357
2987.61	0.2358
2985.68	0.2360
2983.75	0.2361
2981.83	0.2361
2979.90	0.2359
2977.97	0.2357
2976.04	0.2353
2974.11	0.2349
2972.18	0.2344
2970.25	0.2337
2968.32	0.2328
2966.40	0.2321
2964.47	0.2316
2962.54	0.2314
2960.61	0.2315
2958.68	0.2319
2956.75	0.2326
2954.82	0.2335
2952.89	0.2344
2950.97	0.2353
2949.04	0.2359
2947.11	0.2364
2945.18	0.2366
2943.25	0.2366
2941.32	0.2363
2939.39	0.2358
2937.46	0.2352
2935.54	0.2346
2933.61	0.2340
2931.68	0.2335
2929.75	0.2330
2927.82	0.2327
2925.89	0.2326
2923.96	0.2329
2922.04	0.2335
2920.11	0.2344
2918.18	0.2355
2916.25	0.2368
2914.32	0.2383
2912.39	0.2397
2910.46	0.2410
2908.53	0.2421
2906.61	0.2430
2904.68	0.2438
2902.75	0.2446
2900.82	0.2453
2898.89	0.2460
2896.96	0.2467
2895.03	0.2473
2893.10	0.2479
2891.18	0.2486
2889.25	0.2491
2887.32	0.2496
2885.39	0.2501
2883.46	0.2504
2881.53	0.2507
2879.60	0.2508
2877.67	0.2509
2875.75	0.2510
2873.82	0.2512
2871.89	0.2514
2869.96	0.2516
2868.03	0.2519
2866.10	0.2520
2864.17	0.2520
2862.24	0.2519
2860.32	0.2517
2858.39	0.2515
2856.46	0.2513
2854.53	0.2513
2852.60	0.2517
2850.67	0.2524
2848.74	0.2536
2846.81	0.2551
2844.89	0.2566
2842.96	0.2579
2841.03	0.2590
2839.10	0.2599
2837.17	0.2606
2835.24	0.2613
2833.31	0.2618
2831.38	0.2623
2829.46	0.2628
2827.53	0.2632
2825.60	0.2637
2823.67	0.2641
2821.74	0.2645
2819.81	0.2649
2817.88	0.2652
2815.95	0.2656
2814.03	0.2660
2812.10	0.2664
2810.17	0.2667
2808.24	0.2671
2806.31	0.2675
2804.38	0.2678
2802.45	0.2682
2800.52	0.2685
2798.60	0.2689
2796.67	0.2692
2794.74	0.2696
2792.81	0.2700
2790.88	0.2703
2788.95	0.2707
2787.02	0.2710
2785.09	0.2714
2783.17	0.2717
2781.24	0.2721
2779.31	0.2724
2777.38	0.2727
2775.45	0.2731
2773.52	0.2734
2771.59	0.2738
2769.66	0.2741
2767.74	0.2744
2765.81	0.2747
2763.88	0.2751
2761.95	0.2754
2760.02	0.2757
2758.09	0.2760
2756.16	0.2763
2754.24	0.2766
2752.31	0.2770
2750.38	0.2773
2748.45	0.2776
2746.52	0.2779
2744.59	0.2782
2742.66	0.2785
2740.73	0.2788
2738.81	0.2792
2736.88	0.2795
2734.95	0.2798
2733.02	0.2801
2731.09	0.2804
2729.16	0.2807
2727.23	0.2810
2725.30	0.2813
2723.38	0.2816
2721.45	0.2820
2719.52	0.2823
2717.59	0.2826
2715.66	0.2829
2713.73	0.2833
2711.80	0.2836
2709.87	0.2839
2707.95	0.2842
2706.02	0.2845
2704.09	0.2849
2702.16	0.2852
2700.23	0.2855
2698.30	0.2858
2696.37	0.2861
2694.44	0.2864
2692.52	0.2868
2690.59	0.2871
2688.66	0.2874
2686.73	0.2877
2684.80	0.2880
2682.87	0.2883
2680.94	0.2886
2679.01	0.2890
2677.09	0.2893
2675.16	0.2896
2673.23	0.2899
2671.30	0.2902
2669.37	0.2905
2667.44	0.2908
2665.51	0.2911
2663.58	0.2915
2661.66	0.2918
2659.73	0.2921
2657.80	0.2924
2655.87	0.2927
2653.94	0.2930
2652.01	0.2933
2650.08	0.2937
2648.15	0.2940
2646.23	0.2943
2644.30	0.2946
2642.37	0.2949
2640.44	0.2952
2638.51	0.2955
2636.58	0.2958
2634.65	0.2962
2632.72	0.2965
2630.80	0.2968
2628.87	0.2971
2626.94	0.2974
2625.01	0.2977
2623.08	0.2980
2621.15	0.2983
2619.22	0.2987
2617.29	0.2990
2615.37	0.2993
2613.44	0.2996
2611.51	0.2999
2609.58	0.3002
2607.65	0.3005
2605.72	0.3008
2603.79	0.3011
2601.86	0.3015
2599.94	0.3018
2598.01	0.3021
2596.08	0.3024
2594.15	0.3027
2592.22	0.3030
2590.29	0.3033
2588.36	0.3036
2586.43	0.3039
2584.51	0.3043
2582.58	0.3046
2580.65	0.3049
2578.72	0.3052
2576.79	0.3055
2574.86	0.3058
2572.93	0.3061
2571.01	0.3065
2569.08	0.3068
2567.15	0.3071
2565.22	0.3074
2563.29	0.3077
2561.36	0.3080
2559.43	0.3083
2557.50	0.3086
2555.58	0.3090
2553.65	0.3093
2551.72	0.3096
2549.79	0.3099
2547.86	0.3102
2545.93	0.3105
2544.00	0.3108
2542.07	0.3111
2540.15	0.3114
2538.22	0.3118
2536.29	0.3121
2534.36	0.3124
2532.43	0.3127
2530.50	0.3130
2528.57	0.3133
2526.64	0.3136
2524.72	0.3139
2522.79	0.3143
2520.86	0.3146
2518.93	0.3149
2517.00	0.3152
2515.07	0.3155
2513.14	0.3158
2511.21	0.3161
2509.29	0.3165
2507.36	0.3168
2505.43	0.3171
2503.50	0.3174
2501.57	0.3177
2499.64	0.3180
2497.71	0.3183
2495.78	0.3187
2493.86	0.3190
2491.93	0.3193
2490.00	0.3196
2488.07	0.3199
2486.14	0.3202
2484.21	0.3206
2482.28	0.3209
2480.35	0.3212
2478.43	0.3215
2476.50	0.3218
2474.57	0.3221
2472.64	0.3225
2470.71	0.3228
2468.78	0.3231
2466.85	0.3234
2464.92	0.3237
2463.00	0.3240
2461.07	0.3244
2459.14	0.3247
2457.21	0.3250
2455.28	0.3253
2453.35	0.3256
2451.42	0.3260
2449.49	0.3263
2447.57	0.3266
2445.64	0.3269
2443.71	0.3272
2441.78	0.3275
2439.85	0.3278
2437.92	0.3281
2435.99	0.3285
2434.06	0.3288
2432.14	0.3291
2430.21	0.3294
2428.28	0.3297
2426.35	0.3300
2424.42	0.3303
2422.49	0.3306
2420.56	0.3310
2418.63	0.3313
2416.71	0.3316
2414.78	0.3319
2412.85	0.3322
2410.92	0.3325
2408.99	0.3328
2407.06	0.3331
2405.13	0.3334
2403.21	0.3337
2401.28	0.3340
2399.35	0.3343
2397.42	0.3346
2395.49	0.3349
2393.56	0.3350
2391.63	0.3347
2389.70	0.3331
2387.78	0.3287
2385.85	0.3189
2383.92	0.3015
2381.99	0.2760
2380.06	0.2445
2378.13	0.2108
2376.20	0.1783
2374.27	0.1488
2372.35	0.1233
2370.42	0.1022
2368.49	0.0854
2366.56	0.0728
2364.63	0.0640
2362.70	0.0588
2360.77	0.0568
2358.84	0.0584
2356.92	0.0646
2354.99	0.0769
2353.06	0.0976
2351.13	0.1247
2349.20	0.1422
2347.27	0.1346
2345.34	0.1128
2343.41	0.0975
2341.49	0.0928
2339.56	0.0933
2337.63	0.0957
2335.70	0.0985
2333.77	0.1008
2331.84	0.1027
2329.91	0.1068
2327.98	0.1138
2326.06	0.1215
2324.13	0.1287
2322.20	0.1376
2320.27	0.1504
2318.34	0.1665
2316.41	0.1823
2314.48	0.1950
2312.55	0.2060
2310.63	0.2182
2308.70	0.2324
2306.77	0.2473
2304.84	0.2615
2302.91	0.2734
2300.98	0.2833
2299.05	0.2919
2297.12	0.3000
2295.20	0.3074
2293.27	0.3145
2291.34	0.3212
2289.41	0.3276
2287.48	0.3336
2285.55	0.3389
2283.62	0.3424
2281.69	0.3433
2279.77	0.3425
2277.84	0.3413
2275.91	0.3405
2273.98	0.3402
2272.05	0.3402
2270.12	0.3406
2268.19	0.3411
2266.26	0.3419
2264.34	0.3429
2262.41	0.3441
2260.48	0.3454
2258.55	0.3467
2256.62	0.3480
2254.69	0.3493
2252.76	0.3506
2250.83	0.3517
2248.91	0.3528
2246.98	0.3537
2245.05	0.3545
2243.12	0.3552
2241.19	0.3559
2239.26	0.3565
2237.33	0.3571
2235.41	0.3576
2233.48	0.3581
2231.55	0.3585
2229.62	0.3590
2227.69	0.3594
2225.76	0.3598
2223.83	0.3602
2221.90	0.3605
2219.98	0.3607
2218.05	0.3609
2216.12	0.3612
2214.19	0.3614
2212.26	0.3616
2210.33	0.3619
2208.40	0.3621
2206.47	0.3623
2204.55	0.3626
2202.62	0.3628
2200.69	0.3631
2198.76	0.3633
2196.83	0.3636
2194.90	0.3638
2192.97	0.3640
2191.04	0.3643
2189.12	0.3645
2187.19	0.3647
2185.26	0.3649
2183.33	0.3652
2181.40	0.3654
2179.47	0.3656
2177.54	0.3658
2175.61	0.3660
2173.69	0.3662
2171.76	0.3663
2169.83	0.3665
2167.90	0.3668
2165.97	0.3671
2164.04	0.3673
2162.11	0.3674
2160.18	0.3677
2158.26	0.3680
2156.33	0.3682
2154.40	0.3684
2152.47	0.3686
2150.54	0.3688
2148.61	0.3690
2146.68	0.3692
2144.75	0.3694
2142.83	0.3696
2140.90	0.3697
2138.97	0.3697
2137.04	0.3697
2135.11	0.3700
2133.18	0.3703
2131.25	0.3706
2129.32	0.3707
2127.40	0.3708
2125.47	0.3710
2123.54	0.3711
2121.61	0.3713
2119.68	0.3714
2117.75	0.3715
2115.82	0.3714
2113.89	0.3716
2111.97	0.3720
2110.04	0.3723
2108.11	0.3725
2106.18	0.3726
2104.25	0.3728
2102.32	0.3730
2100.39	0.3732
2098.46	0.3733
2096.54	0.3735
2094.61	0.3736
2092.68	0.3735
2090.75	0.3731
2088.82	0.3733
2086.89	0.3740
2084.96	0.3745
2083.03	0.3748
2081.11	0.3749
2079.18	0.3749
2077.25	0.3750
2075.32	0.3752
2073.39	0.3755
2071.46	0.3758
2069.53	0.3758
2067.60	0.3749
2065.68	0.3738
2063.75	0.3741
2061.82	0.3754
2059.89	0.3763
2057.96	0.3768
2056.03	0.3771
2054.10	0.3773
2052.18	0.3774
2050.25	0.3775
2048.32	0.3776
2046.39	0.3775
2044.46	0.3769
2042.53	0.3761
2040.60	0.3762
2038.67	0.3773
2036.75	0.3783
2034.82	0.3786
2032.89	0.3788
2030.96	0.3789
2029.03	0.3789
2027.10	0.3789
2025.17	0.3788
2023.24	0.3788
2021.32	0.3780
2019.39	0.3758
2017.46	0.3740
2015.53	0.3753
2013.60	0.3782
2011.67	0.3796
2009.74	0.3796
2007.81	0.3795
2005.89	0.3798
2003.96	0.3800
2002.03	0.3800
2000.10	0.3798
1998.17	0.3796
1996.24	0.3785
1994.31	0.3741
1992.38	0.3694
1990.46	0.3701
1988.53	0.3743
1986.60	0.3777
1984.67	0.3795
1982.74	0.3801
1980.81	0.3801
1978.88	0.3800
1976.95	0.3799
1975.03	0.3799
1973.10	0.3798
1971.17	0.3784
1969.24	0.3744
1967.31	0.3713
1965.38	0.3731
1963.45	0.3769
1961.52	0.3784
1959.60	0.3785
1957.67	0.3782
1955.74	0.3777
1953.81	0.3778
1951.88	0.3784
1949.95	0.3781
1948.02	0.3761
1946.09	0.3710
1944.17	0.3633
1942.24	0.3608
1940.31	0.3677
1938.38	0.3753
1936.45	0.3775
1934.52	0.3772
1932.59	0.3769
1930.66	0.3771
1928.74	0.3770
1926.81	0.3745
1924.88	0.3679
1922.95	0.3619
1921.02	0.3586
1919.09	0.3543
1917.16	0.3556
1915.23	0.3656
1913.31	0.3716
1911.38	0.3689
1909.45	0.3658
1907.52	0.3674
1905.59	0.3711
1903.66	0.3730
1901.73	0.3734
1899.80	0.3730
1897.88	0.3702
1895.95	0.3663
1894.02	0.3646
1892.09	0.3609
1890.16	0.3550
1888.23	0.3566
1886.30	0.3641
1884.38	0.3683
1882.45	0.3694
1880.52	0.3697
1878.59	0.3695
1876.66	0.3693
1874.73	0.3680
1872.80	0.3596
1870.87	0.3403
1868.95	0.3254
1867.02	0.3325
1865.09	0.3509
1863.16	0.3615
1861.23	0.3633
1859.30	0.3629
1857.37	0.3633
1855.44	0.3640
1853.52	0.3637
1851.59	0.3614
1849.66	0.3548
1847.73	0.3401
1845.80	0.3187
1843.87	0.3115
1841.94	0.3294
1840.01	0.3485
1838.09	0.3529
1836.16	0.3525
1834.23	0.3496
1832.30	0.3353
1830.37	0.3182
1828.44	0.3158
1826.51	0.3210
1824.58	0.3271
1822.66	0.3390
1820.73	0.3487
1818.80	0.3499
1816.87	0.3488
1814.94	0.3469
1813.01	0.3400
1811.08	0.3326
1809.15	0.3337
1807.23	0.3394
1805.30	0.3391
1803.37	0.3284
1801.44	0.3161
1799.51	0.3144
1797.58	0.3196
1795.65	0.3136
1793.72	0.2940
1791.80	0.2872
1789.87	0.3062
1787.94	0.3247
1786.01	0.3256
1784.08	0.3209
1782.15	0.3180
1780.22	0.3173
1778.29	0.3189
1776.37	0.3104
1774.44	0.2841
1772.51	0.2619
1770.58	0.2660
1768.65	0.2860
1766.72	0.3047
1764.79	0.3101
1762.86	0.2999
1760.94	0.2943
1759.01	0.2977
1757.08	0.2994
1755.15	0.2992
1753.22	0.2869
1751.29	0.2642
1749.36	0.2566
1747.43	0.2679
1745.51	0.2796
1743.58	0.2809
1741.65	0.2737
1739.72	0.2694
1737.79	0.2650
1735.86	0.2417
1733.93	0.2222
1732.00	0.2392
1730.08	0.2711
1728.15	0.2924
1726.22	0.3009
1724.29	0.2992
1722.36	0.2891
1720.43	0.2604
1718.50	0.2219
1716.58	0.2099
1714.65	0.2329
1712.72	0.2634
1710.79	0.2783
1708.86	0.2719
1706.93	0.2536
1705.00	0.2391
1703.07	0.2195
1701.15	0.1902
1699.22	0.1787
1697.29	0.1884
1695.36	0.2092
1693.43	0.2407
1691.50	0.2596
1689.57	0.2545
1687.64	0.2314
1685.72	0.1951
1683.79	0.1803
1681.86	0.2055
1679.93	0.2350
1678.00	0.2370
1676.07	0.2216
1674.14	0.2141
1672.21	0.2112
1670.29	0.2037
1668.36	0.2102
1666.43	0.2270
1664.50	0.2274
1662.57	0.2201
1660.64	0.2250
1658.71	0.2281
1656.78	0.2037
1654.86	0.1559
1652.93	0.1314
1651.00	0.1488
1649.07	0.1626
1647.14	0.1575
1645.21	0.1662
1643.28	0.1878
1641.35	0.1960
1639.43	0.1827
1637.50	0.1562
1635.57	0.1420
1633.64	0.1561
1631.71	0.1749
1629.78	0.1757
1627.85	0.1670
1625.92	0.1584
1624.00	0.1513
1622.07	0.1513
1620.14	0.1512
1618.21	0.1397
1616.28	0.1324
1614.35	0.1417
1612.42	0.1510
1610.49	0.1500
1608.57	0.1461
1606.64	0.1440
1604.71	0.1420
1602.78	0.1392
1600.85	0.1367
1598.92	0.1340
1596.99	0.1301
1595.06	0.1259
1593.14	0.1228
1591.21	0.1203
1589.28	0.1176
1587.35	0.1148
1585.42	0.1117
1583.49	0.1082
1581.56	0.1039
1579.63	0.0954
1577.71	0.0823
1575.78	0.0754
1573.85	0.0782
1571.92	0.0780
1569.99	0.0722
1568.06	0.0707
1566.13	0.0722
1564.20	0.0700
1562.28	0.0599
1560.35	0.0444
1558.42	0.0378
1556.49	0.0450
1554.56	0.0544
1552.63	0.0597
1550.70	0.0619
1548.78	0.0621
1546.85	0.0591
1544.92	0.0517
1542.99	0.0426
1541.06	0.0362
1539.13	0.0383
1537.20	0.0466
1535.27	0.0503
1533.35	0.0493
1531.42	0.0504
1529.49	0.0505
1527.56	0.0465
1525.63	0.0415
1523.70	0.0365
1521.77	0.0322
1519.84	0.0311
1517.92	0.0316
1515.99	0.0321
1514.06	0.0324
1512.13	0.0309
1510.20	0.0262
1508.27	0.0203
1506.34	0.0181
1504.41	0.0214
1502.49	0.0247
1500.56	0.0240
1498.63	0.0211
1496.70	0.0194
1494.77	0.0197
1492.84	0.0194
1490.91	0.0174
1488.98	0.0162
1487.06	0.0170
1485.13	0.0184
1483.20	0.0189
1481.27	0.0186
1479.34	0.0177
1477.41	0.0161
1475.48	0.0138
1473.55	0.0120
1471.63	0.0118
1469.70	0.0127
1467.77	0.0126
1465.84	0.0112
1463.91	0.0101
1461.98	0.0094
1460.05	0.0077
1458.12	0.0056
1456.20	0.0046
1454.27	0.0047
1452.34	0.0047
1450.41	0.0040
1448.48	0.0031
1446.55	0.0025
1444.62	0.0020
1442.69	0.0017
1440.77	0.0013
1438.84	0.0009
1436.91	0.0006
1434.98	0.0005
1433.05	0.0006
1431.12	0.0006
1429.19	0.0006
1427.26	0.0007
1425.34	0.0008
1423.41	0.0008
1421.48	0.0009
1419.55	0.0009
1417.62	0.0009
1415.69	0.0009
1413.76	0.0009
1411.83	0.0009
1409.91	0.0009
1407.98	0.0009
1406.05	0.0009
1404.12	0.0010
1402.19	0.0010
1400.26	0.0010
1398.33	0.0011
1396.40	0.0011
1394.48	0.0012
1392.55	0.0012
1390.62	0.0012
1388.69	0.0012
1386.76	0.0013
1384.83	0.0013
1382.90	0.0013
1380.97	0.0013
1379.05	0.0013
1377.12	0.0014
1375.19	0.0014
1373.26	0.0014
1371.33	0.0014
1369.40	0.0014
1367.47	0.0014
1365.55	0.0014
1363.62	0.0014
1361.69	0.0014
1359.76	0.0014
1357.83	0.0014
1355.90	0.0014
1353.97	0.0014
1352.04	0.0014
1350.12	0.0014
1348.19	0.0014
1346.26	0.0014
1344.33	0.0014
1342.40	0.0014
1340.47	0.0014
1338.54	0.0014
1336.61	0.0014
1334.69	0.0014
1332.76	0.0014
1330.83	0.0014
1328.90	0.0014
1326.97	0.0014
1325.04	0.0014
1323.11	0.0014
1321.18	0.0014
1319.26	0.0014
1317.33	0.0014
1315.40	0.0014
1313.47	0.0014
1311.54	0.0014
1309.61	0.0014
1307.68	0.0014
1305.75	0.0014
1303.83	0.0014
1301.90	0.0014
1299.97	0.0014
1298.04	0.0014
1296.11	0.0014
1294.18	0.0014
1292.25	0.0014
1290.32	0.0014
1288.40	0.0014
1286.47	0.0014
1284.54	0.0014
1282.61	0.0014
1280.68	0.0014
1278.75	0.0014
1276.82	0.0014
1274.89	0.0014
1272.97	0.0014
1271.04	0.0014
1269.11	0.0013
1267.18	0.0013
1265.25	0.0013
1263.32	0.0013
1261.39	0.0013
1259.46	0.0013
1257.54	0.0013
1255.61	0.0013
1253.68	0.0013
1251.75	0.0013
1249.82	0.0013
1247.89	0.0013
1245.96	0.0013
1244.03	0.0013
1242.11	0.0013
1240.18	0.0013
1238.25	0.0013
1236.32	0.0013
1234.39	0.0013
1232.46	0.0013
1230.53	0.0013
1228.60	0.0013
1226.68	0.0013
1224.75	0.0013
1222.82	0.0013
1220.89	0.0013
1218.96	0.0013
1217.03	0.0013
1215.10	0.0013
1213.17	0.0013
1211.25	0.0013
1209.32	0.0013
1207.39	0.0013
1205.46	0.0013
1203.53	0.0013
1201.60	0.0013
1199.67	0.0013
1197.75	0.0013
1195.82	0.0013
1193.89	0.0013
1191.96	0.0013
1190.03	0.0013
1188.10	0.0013
1186.17	0.0013
1184.24	0.0013
1182.32	0.0013
1180.39	0.0013
1178.46	0.0013
1176.53	0.0013
1174.60	0.0013
1172.67	0.0013
1170.74	0.0013
1168.81	0.0013
1166.89	0.0013
1164.96	0.0013
1163.03	0.0013
1161.10	0.0013
1159.17	0.0013
1157.24	0.0013
1155.31	0.0013
1153.38	0.0013
1151.46	0.0013
1149.53	0.0013
1147.60	0.0013
1145.67	0.0012
1143.74	0.0012
1141.81	0.0012
1139.88	0.0012
1137.95	0.0012
1136.03	0.0013
1134.10	0.0012
1132.17	0.0012
1130.24	0.0012
1128.31	0.0012
1126.38	0.0012
1124.45	0.0012
1122.52	0.0012
1120.60	0.0012
1118.67	0.0012
1116.74	0.0012
1114.81	0.0012
1112.88	0.0012
1110.95	0.0012
1109.02	0.0012
1107.09	0.0012
1105.17	0.0013
1103.24	0.0013
1101.31	0.0012
1099.38	0.0012
1097.45	0.0012
1095.52	0.0012
1093.59	0.0012
1091.66	0.0012
1089.74	0.0012
1087.81	0.0012
1085.88	0.0012
1083.95	0.0012
1082.02	0.0012
1080.09	0.0012
1078.16	0.0012
1076.23	0.0012
1074.31	0.0012
1072.38	0.0012
1070.45	0.0012
1068.52	0.0012
1066.59	0.0012
1064.66	0.0012
1062.73	0.0012
1060.80	0.0012
1058.88	0.0012
1056.95	0.0012
1055.02	0.0012
1053.09	0.0012
1051.16	0.0012
1049.23	0.0012
1047.30	0.0012
1045.37	0.0012
1043.45	0.0012
1041.52	0.0012
1039.59	0.0012
1037.66	0.0012
1035.73	0.0012
1033.80	0.0012
1031.87	0.0012
1029.95	0.0012
1028.02	0.0012
1026.09	0.0012
1024.16	0.0012
1022.23	0.0012
1020.30	0.0012
1018.37	0.0012
1016.44	0.0012
1014.52	0.0012
1012.59	0.0012
1010.66	0.0012
1008.73	0.0012
1006.80	0.0012
1004.87	0.0012
1002.94	0.0012
1001.01	0.0012
999.09	0.0012
997.16	0.0012
995.23	0.0012
993.30	0.0012
991.37	0.0012
989.44	0.0012
987.51	0.0012
985.58	0.0012
983.66	0.0012
981.73	0.0012
979.80	0.0012
977.87	0.0012
975.94	0.0012
974.01	0.0012
972.08	0.0012
970.15	0.0012
968.23	0.0012
966.30	0.0012
964.37	0.0012
962.44	0.0012
960.51	0.0012
958.58	0.0012
956.65	0.0012
954.72	0.0012
952.80	0.0012
950.87	0.0012
948.94	0.0012
947.01	0.0012
945.08	0.0012
943.15	0.0012
941.22	0.0012
939.29	0.0012
937.37	0.0012
935.44	0.0012
933.51	0.0012
931.58	0.0012
929.65	0.0012
927.72	0.0012
925.79	0.0012
923.86	0.0012
921.94	0.0012
920.01	0.0012
918.08	0.0012
916.15	0.0012
914.22	0.0012
912.29	0.0012
910.36	0.0012
908.43	0.0012
906.51	0.0012
904.58	0.0012
902.65	0.0012
900.72	0.0012
898.79	0.0012
896.86	0.0012
894.93	0.0012
893.00	0.0012
891.08	0.0012
889.15	0.0012
887.22	0.0012
885.29	0.0012
883.36	0.0012
881.43	0.0012
879.50	0.0012
877.57	0.0012
875.65	0.0012
873.72	0.0012
871.79	0.0012
869.86	0.0012
867.93	0.0012
866.00	0.0012
864.07	0.0012
862.14	0.0012
860.22	0.0012
858.29	0.0012
856.36	0.0012
854.43	0.0012
852.50	0.0012
850.57	0.0012
848.64	0.0012
846.72	0.0012
844.79	0.0012
842.86	0.0012
840.93	0.0012
839.00	0.0012
837.07	0.0012
835.14	0.0012
833.21	0.0012
831.29	0.0012
829.36	0.0012
827.43	0.0012
825.50	0.0012
823.57	0.0012
821.64	0.0012
819.71	0.0012
817.78	0.0012
815.86	0.0012
813.93	0.0012
812.00	0.0012
810.07	0.0012
808.14	0.0012
806.21	0.0012
804.28	0.0012
802.35	0.0012
800.43	0.0012
798.50	0.0012
796.57	0.0012
794.64	0.0012
792.71	0.0012
790.78	0.0012
788.85	0.0012
786.92	0.0012
785.00	0.0012
783.07	0.0012
781.14	0.0012
779.21	0.0012
777.28	0.0012
775.35	0.0012
773.42	0.0012
771.49	0.0012
769.57	0.0012
767.64	0.0012
765.71	0.0012
763.78	0.0012
761.85	0.0012
759.92	0.0012
757.99	0.0012
756.06	0.0012
754.14	0.0012
752.21	0.0012
750.28	0.0012
748.35	0.0012
746.42	0.0012
744.49	0.0012
742.56	0.0012
740.63	0.0012
738.71	0.0012
736.78	0.0012
734.85	0.0012
732.92	0.0012
730.99	0.0012
729.06	0.0012
727.13	0.0012
725.20	0.0012
723.28	0.0012
721.35	0.0013
719.42	0.0013
717.49	0.0013
715.56	0.0013
713.63	0.0013
711.70	0.0013
709.77	0.0013
707.85	0.0013
705.92	0.0013
703.99	0.0013
702.06	0.0013
700.13	0.0013
698.20	0.0013
696.27	0.0012
694.34	0.0012
692.42	0.0012
690.49	0.0012
688.56	0.0012
686.63	0.0012
684.70	0.0013
682.77	0.0013
680.84	0.0013
678.92	0.0012
676.99	0.0012
675.06	0.0012
673.13	0.0012
671.20	0.0012
669.27	0.0012
667.34	0.0012
665.41	0.0012
663.49	0.0013
661.56	0.0013
659.63	0.0013
657.70	0.0013
655.77	0.0013
653.84	0.0013
651.91	0.0013
649.98	0.0013
648.06	0.0013
646.13	0.0013
644.20	0.0013
642.27	0.0013
640.34	0.0013
638.41	0.0013
636.48	0.0013
634.55	0.0013
632.63	0.0013
630.70	0.0013
628.77	0.0013
626.84	0.0013
624.91	0.0013
622.98	0.0013
621.05	0.0013
619.12	0.0013
617.20	0.0013
615.27	0.0013
613.34	0.0013
611.41	0.0013
609.48	0.0013
607.55	0.0013
605.62	0.0013
603.69	0.0013
601.77	0.0013
599.84	0.0013
597.91	0.0013
595.98	0.0013
594.05	0.0013
592.12	0.0013
590.19	0.0013
588.26	0.0013
586.34	0.0013
584.41	0.0013
582.48	0.0013
580.55	0.0013
578.62	0.0013
576.69	0.0013
574.76	0.0013
572.83	0.0013
570.91	0.0013
568.98	0.0013
567.05	0.0013
565.12	0.0013
563.19	0.0013
561.26	0.0013
559.33	0.0013
557.40	0.0013
555.48	0.0013
553.55	0.0013
551.62	0.0013
549.69	0.0013
547.76	0.0013
545.83	0.0013
543.90	0.0013
541.97	0.0013
540.05	0.0013
538.12	0.0013
536.19	0.0013
534.26	0.0013
532.33	0.0013
530.40	0.0013
528.47	0.0013
526.54	0.0013
524.62	0.0013
522.69	0.0013
520.76	0.0013
518.83	0.0013
516.90	0.0013
514.97	0.0013
513.04	0.0013
511.12	0.0013
509.19	0.0013
507.26	0.0013
505.33	0.0013
503.40	0.0013
501.47	0.0013
499.54	0.0013
497.61	0.0013
495.69	0.0013
493.76	0.0013
491.83	0.0013
489.90	0.0013
487.97	0.0013
486.04	0.0013
484.11	0.0014
482.18	0.0013
480.26	0.0013
478.33	0.0013
476.40	0.0013
474.47	0.0013
472.54	0.0013
470.61	0.0013
468.68	0.0013
466.75	0.0013
464.83	0.0013
462.90	0.0013
460.97	0.0013
459.04	0.0013
457.11	0.0013
455.18	0.0014
453.25	0.0014
451.32	0.0014
449.40	0.0013
447.47	0.0013
445.54	0.0014
443.61	0.0014
441.68	0.0014
439.75	0.0014
437.82	0.0013
435.89	0.0013
433.97	0.0013
432.04	0.0013
430.11	0.0013
428.18	0.0013
426.25	0.0013
424.32	0.0013
422.39	0.0013
420.46	0.0013
418.54	0.0013
416.61	0.0013
414.68	0.0013
412.75	0.0014
410.82	0.0014
408.89	0.0014
406.96	0.0014
405.03	0.0014
403.11	0.0014
401.18	0.0014
399.25	0.0014
