This data is constructed from the config file EK036-4
Interpolation method for Tmin and Tmax points is linear
Column 1: Number of ignored points
Column 2: Order index m_start
Column 3: Max film thickness in nm
Column 4: Min film thickness in nm
Column 5: Mean film thickness in nm
Column 6: Optimized relative dispersion nm/point
0	4.5	4844.726464299465	4232.502530315437	4489.947800254181	67.6283105103078
1	4.5	4701.383091769074	4232.502530315437	4486.751596073592	58.91206252585995
2	4.5	4632.055914981452	4232.502530315437	4484.800400658179	55.494028048214226
3	4.5	4632.055914981452	4232.502530315437	4484.067333433809	55.21528421575984
4	4.5	4632.055914981452	4232.502530315437	4483.570596316266	55.227357931722814
5	4.5	4632.055914981452	4232.502530315437	4482.803303429213	54.908856874460206
6	4.5	4632.055914981452	4232.502530315437	4481.71947534307	54.01605946119552
7	4.5	4632.055914981452	4232.502530315437	4480.952725104993	53.695480263439094
8	4.5	4632.055914981452	4232.502530315437	4479.874533173477	52.80970979429432
9	4.5	4632.055914981452	4232.502530315437	4479.133824447936	52.525063282800126
10	4.5	4632.055914981452	4232.502530315437	4478.623837912085	52.52752852369183
11	4.5	4632.055914981452	4232.502530315437	4478.223995048454	52.63223634657896
12	4.5	4632.055914981452	4232.502530315437	4477.250427193769	51.98194450706278
13	4.5	4632.055914981452	4232.502530315437	4476.101315154033	50.964407913446635
14	4.5	4632.055914981452	4232.502530315437	4474.701498559651	49.2938687374369
15	4.5	4632.055914981452	4232.502530315437	4473.657768516349	48.45799588829576
16	4.5	4632.055914981452	4232.502530315437	4472.9040972179155	48.140830539894566
17	4.5	4632.055914981452	4232.502530315437	4472.658768126436	48.333806259462804
18	4.5	4632.055914981452	4232.502530315437	4472.492497040082	48.5631875260476
19	4.5	4632.055914981452	4232.502530315437	4472.155867984192	48.71437307658203
20	4.5	4632.055914981452	4232.502530315437	4471.598744825719	48.68283767878803
21	4.5	4632.055914981452	4232.502530315437	4471.296275925332	48.86354471118972
22	4.5	4632.055914981452	4232.502530315437	4470.931823795106	49.01110378716388
23	4.5	4632.055914981452	4232.502530315437	4470.573573830047	49.16835544515996
24	4.5	4632.055914981452	4232.502530315437	4470.1530851312145	49.28755340389739
25	4.5	4632.055914981452	4232.502530315437	4469.907666520936	49.51651458807677
26	4.5	4632.055914981452	4232.502530315437	4469.591332642027	49.71609065961735
27	4.5	4632.055914981452	4232.502530315437	4469.4123311213625	49.98012404608954
28	4.5	4632.055914981452	4232.502530315437	4469.250852233603	50.254697647346305
29	4.5	4632.055914981452	4232.502530315437	4468.992175879044	50.50091121383901
30	4.5	4632.055914981452	4232.502530315437	4468.537913728234	50.639079524664915
31	4.5	4632.055914981452	4232.502530315437	4468.026634599366	50.73991802766296
32	4.5	4632.055914981452	4232.502530315437	4467.547267174203	50.8734486650869
33	4.5	4632.055914981452	4232.502530315437	4467.171956426963	51.08424399443338
34	4.5	4632.055914981452	4232.502530315437	4466.778969840581	51.29186832658026
35	4.5	4632.055914981452	4232.502530315437	4466.502700019169	51.56616490682231
36	4.5	4632.055914981452	4232.502530315437	4466.257647016086	51.859745400009714
37	4.5	4632.055914981452	4232.502530315437	4466.032881959834	52.16754578350736
38	4.5	4632.055914981452	4232.502530315437	4465.75899647281	52.4652573443636
39	4.5	4632.055914981452	4232.502530315437	4465.351423725582	52.70690250309234
40	4.5	4632.055914981452	4232.502530315437	4464.990385777127	52.98193763572267
41	4.5	4632.055914981452	4232.502530315437	4464.671527742334	53.285099812502324
42	4.5	4632.055914981452	4232.502530315437	4464.379970499576	53.60809563646203
43	4.5	4632.055914981452	4232.502530315437	4464.1364292582375	53.95670240293993
44	4.5	4632.055914981452	4232.502530315437	4463.803656494381	54.281658465677744
45	4.5	4632.055914981452	4232.502530315437	4463.3930667762515	54.58032913235742
46	4.5	4632.055914981452	4232.502530315437	4463.057794395491	54.92374323988245
47	4.5	4632.055914981452	4232.502530315437	4462.774147944901	55.296627584244995
48	4.5	4632.055914981452	4232.502530315437	4462.437807755276	55.66094450920852
49	4.5	4632.055914981452	4232.502530315437	4462.06318647412	56.0208510305154
50	4.5	4632.055914981452	4232.502530315437	4461.604474549213	56.3533301681566
51	4.5	4632.055914981452	4232.502530315437	4461.261325214077	56.749077967432044
52	4.5	4632.055914981452	4232.502530315437	4460.829799095526	57.12068841852081
53	4.5	4632.055914981452	4232.502530315437	4460.469317633578	57.53501082296744
54	4.5	4632.055914981452	4232.502530315437	4459.980155427146	57.907112859309144
55	4.5	4632.055914981452	4232.502530315437	4459.53001405758	58.31217712278779
56	4.5	4632.055914981452	4232.502530315437	4459.055075091751	58.72114186585814
57	4.5	4632.055914981452	4232.502530315437	4458.468845068694	59.08994222103678
58	4.5	4632.055914981452	4232.502530315437	4457.956397875154	59.51334142799968
59	4.5	4632.055914981452	4232.502530315437	4457.523725444948	59.98796415162473
60	4.5	4632.055914981452	4232.502530315437	4457.05903309092	60.467462935799105
61	4.5	4632.055914981452	4232.502530315437	4456.522165293867	60.93454439868214
62	4.5	4632.055914981452	4232.502530315437	4455.952173625168	61.406104415397955
63	4.5	4632.055914981452	4232.502530315437	4455.421880319433	61.916091352135815
64	4.5	4632.055914981452	4232.502530315437	4454.860030160231	62.433972962357885
65	4.5	4632.055914981452	4232.502530315437	4454.259738910515	62.957449049894564
66	4.5	4632.055914981452	4232.502530315437	4453.559675254351	63.456853826499554
67	4.5	4632.055914981452	4232.502530315437	4452.749237201019	63.922162618540085
68	4.5	4632.055914981452	4232.502530315437	4451.991439837811	64.44428544591182
69	4.5	4632.055914981452	4232.502530315437	4451.352880167774	65.05157556326965
70	4.5	4632.055914981452	4232.502530315437	4450.385396194372	65.51498559927792
71	4.5	4632.055914981452	4232.502530315437	4449.247613308823	65.89787836262464
72	4.5	4632.055914981452	4232.502530315437	4448.111254382877	66.31854835610434
73	4.5	4632.055914981452	4232.502530315437	4446.896878645295	66.72281912518484
74	4.5	4632.055914981452	4232.502530315437	4445.876628778519	67.29409545904147
75	4.5	4632.055914981452	4232.502530315437	4444.921513310036	67.9427826694226
76	4.5	4632.055914981452	4232.502530315437	4444.141493965926	68.71636036150711
77	4.5	4632.055914981452	4232.502530315437	4443.365206384782	69.53528812112728
78	4.5	4632.055914981452	4232.502530315437	4442.554352498981	70.38717804033547
79	4.5	4632.055914981452	4232.502530315437	4441.685286475312	71.26575209372128
80	4.5	4632.055914981452	4232.502530315437	4440.645614558467	72.12385090579131
81	4.5	4632.055914981452	4232.502530315437	4439.265256107404	72.86068223441372
82	4.5	4632.055914981452	4232.502530315437	4437.890156161206	73.66829092038188
83	4.5	4632.055914981452	4232.502530315437	4436.452755589141	74.51289818037309
84	4.5	4632.055914981452	4232.502530315437	4435.065331191379	75.46284121927755
85	4.5	4632.055914981452	4232.502530315437	4433.735407363153	76.52469853312398
86	4.5	4632.055914981452	4232.502530315437	4432.341732181358	77.64546648094614
87	4.5	4632.055914981452	4232.502530315437	4430.919644042886	78.85043121082049
88	4.5	4632.055914981452	4232.502530315437	4429.471081803919	80.14979803915418
89	4.5	4632.055914981452	4232.502530315437	4427.969316715412	81.54242382392847
90	4.5	4632.055914981452	4232.502530315437	4426.500425655473	83.07692820299613
91	4.5	4632.055914981452	4232.502530315437	4425.163099182667	84.80027283884067
92	4.5	4632.055914981452	4232.502530315437	4424.698632821882	86.86835026758932
93	4.5	4632.055914981452	4232.502530315437	4423.373411328791	88.92777820766057
94	4.5	4632.055914981452	4232.502530315437	4421.434220099499	90.97275745602224
95	5.0	4921.559409667792	4592.700709041242	4703.806023593378	92.90642745059905
96	5.0	4921.559409667792	4592.700709041242	4708.21713135443	94.02284674180025
97	5.0	4921.559409667792	4592.700709041242	4712.908915419819	95.27561783199116
98	5.0	4921.559409667792	4592.700709041242	4717.82928837945	96.76094828641996
99	5.0	4921.559409667792	4592.700709041242	4723.3625350671755	98.25605267905769
100	5.0	4921.559409667792	4592.700709041242	4728.866048014287	100.32457508943104
101	5.0	4921.559409667792	4592.700709041242	4736.511247176179	101.3835952001567
102	5.0	4921.559409667792	4592.700709041242	4739.252845462628	105.94251620795703
103	5.0	4921.559409667792	4592.700709041242	4748.963455570815	107.36828210734521
104	5.0	4921.559409667792	4592.700709041242	4752.737748694566	113.31696212730839
105	4.5	4539.260924805539	4232.502530315437	4355.579000081993	96.23577383758276
106	5.0	4870.322490326143	4639.987509989553	4751.27364514125	90.00037256964282
107	4.5	4397.168079770608	4232.502530315437	4328.827032208451	70.73848480264833
108	4.5	4383.290241293529	4232.502530315437	4311.741770317912	69.24872324365698
109	4.0	3896.2579922609143	3809.2522772838934	3857.3888426231447	36.119360967065
110	3.5	3409.2257432283	3386.0020242523497	3397.613883740325	11.611859487975153
